0	0	-291	0	0
100	0	-291	0.230960371	0
200	0	-291	1.881471978	0
300	0	-293.21	2.09611241	0
400	0	-293.21	1.87660342	0
500	0	-293.21	5.991877023	0
600	0	-301.06	6.458635355	0
700	0	-301.06	4.547295384	0
800	0	-301.06	8.672204485	0
900	0	-312.26	11.30431629	0
1000	0	-312.26	11.63779276	0
1100	0	-325.1	9.725806627	0
1200	0	-325.1	5.978461298	0
1300	0	-325.1	6.460377692	0
1400	0	-333.86	5.893749631	0
1500	0	-333.86	2.720338993	0
1600	0	-333.86	1.098607804	0
1700	0	-334.8	0.372209944	0
1800	0	-334.8	-1.253556544	0
1900	0	-334.8	-3.759783173	0
2000	0	-329.24	-4.187971388	0
2100	0	-329.24	-4.043245051	0
2200	0	-329.24	-7.714277555	0
2300	0	-318.95	-7.668147262	0
2400	0	-318.95	-4.719934996	0
2500	0	-318.95	-9.578995547	0
2600	0	-307.56	-10.45577509	0
2700	0	-307.56	-11.08654358	0
2800	0	-297.23	-8.914466358	0
2900	0	-297.23	-1.082580118	0
3000	0	-297.23	0	0
0	100	-291.72	0	-1.00945801
100	100	-291.72	0.232482282	-0.976845303
200	100	-291.72	1.18321097	-0.626997977
300	100	-292.91	1.96848724	-1.936175221
400	100	-292.91	4.443092122	-1.477334566
500	100	-299.1	5.255092506	0.426724006
600	100	-299.1	3.690436753	-2.889975437
700	100	-299.1	5.966466512	-3.167734871
800	100	-307.78	6.858793677	-2.054051777
900	100	-307.78	5.584656616	-6.133368248
1000	100	-307.78	7.428044528	-9.350831344
1100	100	-317.42	7.176645568	-12.07559274
1200	100	-317.42	4.664610804	-13.38202113
1300	100	-317.42	5.219873929	-14.29118418
1400	100	-324.48	4.824878197	-15.58116832
1500	100	-324.48	2.399638462	-16.22028967
1600	100	-324.48	1.338317939	-16.25205688
1700	100	-326.02	0.768104657	-16.06345383
1800	100	-326.02	-0.696336292	-15.90863845
1900	100	-326.02	-2.674190968	-15.41497869
2000	100	-322.17	-3.189600756	-14.28859069
2100	100	-322.17	-3.513967209	-14.332432
2200	100	-322.17	-6.401454174	-14.75130157
2300	100	-313.94	-7.361520098	-11.6706815
2400	100	-313.94	-8.269254951	-11.39884805
2500	100	-304.25	-7.766639426	-13.7461937
2600	100	-304.25	-4.312404316	-8.168893865
2700	100	-304.25	-8.683865031	-6.228341001
2800	100	-294.88	-7.952210539	-4.523883349
2900	100	-294.88	-0.97595754	-4.307305807
3000	100	-294.88	0	-4.314399276
0	200	-289.88	0	-2.661880772
100	200	-289.88	0.613420404	-2.634497583
200	200	-290.81	0.92214206	-2.312027801
300	200	-290.81	1.245775822	-3.117814667
400	200	-290.81	4.239502646	-3.362208705
500	200	-296.23	4.579236152	-3.869507772
600	200	-296.23	2.864176478	-4.658892355
700	200	-296.23	5.383219044	-5.12926992
800	200	-303.48	5.706571109	-5.967654746
900	200	-303.48	4.007536722	-7.109940418
1000	200	-303.48	5.695568269	-8.241171282
1100	200	-311.12	5.694616841	-9.839789904
1200	200	-311.12	3.762869865	-10.68296415
1300	200	-311.12	4.261230498	-11.32292399
1400	200	-316.8	3.964644136	-12.32453836
1500	200	-316.8	2.049450433	-12.81568545
1600	200	-316.8	1.25544365	-12.90675843
1700	200	-318.27	0.715628377	-13.07437709
1800	200	-318.27	-0.605081407	-13.32838489
1900	200	-318.27	-2.139735407	-13.31680286
2000	200	-315.46	-3.105424698	-12.38346329
2100	200	-315.46	-4.505955932	-12.43059233
2200	200	-309.04	-5.052527051	-12.92158073
2300	200	-309.04	-4.31569374	-10.15045422
2400	200	-309.04	-6.795447199	-8.603983086
2500	200	-301.04	-6.349041366	-7.510918228
2600	200	-301.04	-2.937922389	-6.233213595
2700	200	-301.04	-7.441533066	-5.684131995
2800	200	-292.92	-6.993431163	-4.170913376
2900	200	-292.92	-0.873096046	-3.979402343
3000	200	-292.92	0	-4.178595115
0	300	-288.66	0	-2.594703685
100	300	-288.66	0.582335252	-2.604134088
200	300	-289.3	0.699893886	-2.758673087
300	300	-289.3	0.918306336	-3.002388756
400	300	-289.3	3.691399017	-3.246205147
500	300	-293.94	3.958408855	-4.058351983
600	300	-293.94	2.430674605	-4.409308847
700	300	-293.94	4.657704121	-4.827999852
800	300	-300.2	4.878123178	-5.788829946
900	300	-300.2	3.311140081	-6.332759939
1000	300	-300.2	4.698195042	-6.942397008
1100	300	-306.63	4.734852695	-8.09802496
1200	300	-306.63	3.181476716	-8.626620465
1300	300	-306.63	3.578299722	-8.974420797
1400	300	-311.47	3.332116744	-9.885692073
1500	300	-311.47	1.817418397	-10.31591571
1600	300	-311.47	1.079626294	-10.35808326
1700	300	-312.85	0.346478191	-10.68875959
1800	300	-312.85	-0.938762061	-11.05091831
1900	300	-310.62	-1.729269369	-11.12830959
2000	300	-310.62	-2.303390227	-10.33153955
2100	300	-310.62	-4.052084643	-9.759921836
2200	300	-305.15	-4.121316063	-9.179741775
2300	300	-305.15	-3.043922459	-8.116811233
2400	300	-305.15	-5.629718961	-7.348244191
2500	300	-298.26	-5.395869935	-6.125413973
2600	300	-298.26	-2.485618083	-5.668293621
2700	300	-298.26	-6.621564812	-5.520085516
2800	300	-290.95	-6.247480887	-4.133778037
2900	300	-290.95	-0.983639278	-4.015030989
3000	300	-290.95	0	-5.200603042
0	400	-287.51	0	-2.691430153
100	400	-287.51	0.449451002	-2.711024129
200	400	-288.04	0.523887392	-2.996811568
300	400	-288.04	0.758243762	-3.076870448
400	400	-288.04	3.18353942	-3.279305765
500	400	-292.09	3.416132452	-4.056411707
600	400	-292.09	2.094528609	-4.30935307
700	400	-292.09	4.003697945	-4.636552481
800	400	-297.5	4.201811022	-5.549232204
900	400	-297.5	2.85396966	-5.880435087
1000	400	-297.5	3.930303248	-6.192139357
1100	400	-302.86	4.010393384	-7.306248485
1200	400	-302.86	2.886474027	-7.681232528
1300	400	-302.86	3.002158889	-7.766009648
1400	400	-306.89	2.623149227	-8.83001913
1500	400	-306.89	1.577059243	-9.443068419
1600	400	-308.13	0.88259977	-9.573693315
1700	400	-308.13	0.022793331	-9.869181214
1800	400	-308.13	-1.044631412	-10.01372262
1900	400	-306.31	-1.420356653	-9.860158553
2000	400	-306.31	-1.737036944	-9.441971644
2100	400	-306.31	-3.354158153	-8.948371714
2200	400	-301.79	-3.409416448	-8.152856247
2300	400	-301.79	-2.484196156	-7.677019016
2400	400	-301.79	-4.804049939	-7.276475581
2500	400	-295.78	-4.669090796	-6.13806139
2600	400	-295.78	-2.332593931	-5.941386792
2700	400	-295.78	-5.907017482	-6.403777015
2800	400	-289.17	-5.488376637	-4.431043688
2900	400	-289.17	-1.939921052	-4.325750467
3000	400	-289.17	0	-7.240082591
0	500	-285.98	0	-2.883261706
100	500	-285.98	0.276953837	-2.904059061
200	500	-286.33	0.334047567	-3.205763425
300	500	-286.33	0.635812139	-3.247384718
400	500	-286.33	2.711857758	-3.386612844
500	500	-289.74	2.92836155	-4.148130159
600	500	-289.74	1.850533831	-4.290370376
700	500	-289.74	3.417824987	-4.375776907
800	500	-294.27	3.634240571	-5.384601763
900	500	-294.27	2.668232928	-5.583499665
1000	500	-294.27	3.272381644	-5.562610955
1100	500	-298.55	3.245759525	-6.850816797
1200	500	-298.55	2.721715553	-7.441053528
1300	500	-301.83	2.42951312	-7.619749649
1400	500	-301.83	1.655057973	-8.570380893
1500	500	-301.83	1.073744212	-9.187504736
1600	500	-302.79	0.653513499	-9.418863936
1700	500	-302.79	-0.093551116	-9.579689074
1800	500	-302.79	-0.929739401	-9.553031093
1900	500	-301.36	-1.157518391	-9.305304157
2000	500	-301.36	-1.391603388	-9.08067015
2100	500	-301.36	-2.762969246	-8.741457082
2200	500	-297.65	-2.849963365	-8.032028256
2300	500	-297.65	-2.167541793	-7.818781735
2400	500	-297.65	-4.090761334	-7.771266297
2500	500	-292.63	-4.060781145	-6.476770722
2600	500	-292.63	-2.751333708	-6.45502412
2700	500	-292.63	-5.111221708	-7.838536845
2800	500	-286.79	-4.169454339	-4.757227216
2900	500	-286.79	-3.792678181	-4.47271409
3000	500	-282.09	0	-7.24369535
0	600	-284.59	0	-3.027550782
100	600	-284.59	0.126949283	-3.03671886
200	600	-284.54	0.180561735	-3.185182592
300	600	-284.54	0.577394343	-3.151161569
400	600	-284.54	2.282793978	-3.048654229
500	600	-287.46	2.51237492	-3.938340819
600	600	-287.46	1.866881861	-3.958822734
700	600	-287.46	2.909466557	-3.680061114
800	600	-291.26	2.994088264	-4.997584934
900	600	-291.26	2.675960469	-5.425400254
1000	600	-294.69	2.662986116	-5.466072098
1100	600	-294.69	2.13195081	-6.577880747
1200	600	-294.69	2.117541175	-7.289539992
1300	600	-297.25	1.872831524	-7.71787443
1400	600	-297.25	1.05539414	-8.255841529
1500	600	-297.25	0.728576201	-8.582697901
1600	600	-298.07	0.490415432	-8.776445311
1700	600	-298.07	-0.111373827	-8.882021551
1800	600	-298.07	-0.770246495	-8.838803399
1900	600	-296.89	-0.94799571	-8.591328765
2000	600	-296.89	-1.173189869	-8.482182593
2100	600	-296.89	-2.305516259	-8.326244293
2200	600	-293.82	-2.486741101	-7.664306136
2300	600	-293.82	-2.223434198	-7.680576453
2400	600	-293.82	-3.462038927	-8.14293657
2500	600	-289.54	-3.352848619	-6.440289447
2600	600	-289.54	-3.694360055	-6.179150193
2700	600	-284.67	-4.209220578	-7.310749318
2800	600	-284.67	-2.122553882	-4.544959335
2900	600	-284.67	-4.426389186	-4.185365851
3000	600	-280	0	-4.887792226
0	700	-282.92	0	-3.064250117
100	700	-282.92	0.119322027	-3.060574102
200	700	-283.16	0.219604857	-3.12350071
300	700	-283.16	0.772340502	-2.962362292
400	700	-283.16	1.924678509	-2.337690934
500	700	-285.33	2.018193045	-3.504724606
600	700	-285.33	2.108813536	-3.718331792
700	700	-288.39	2.379062787	-3.639960602
800	700	-288.39	1.888901432	-4.833025162
900	700	-288.39	2.199745764	-5.416027582
1000	700	-291.11	2.119901151	-5.733820576
1100	700	-291.11	1.422291631	-6.300654958
1200	700	-291.11	1.58172187	-6.728657474
1300	700	-293.15	1.463211582	-7.136125802
1400	700	-293.15	0.790234502	-7.38969252
1500	700	-293.15	0.55314043	-7.510787839
1600	700	-293.79	0.354189849	-7.670477442
1700	700	-293.79	-0.155909203	-7.815613485
1800	700	-293.79	-0.639046614	-7.849146615
1900	700	-292.84	-0.800897585	-7.600010984
2000	700	-292.84	-1.126518917	-7.625337912
2100	700	-292.84	-1.945092788	-7.729186031
2200	700	-290.27	-2.204295524	-6.890843378
2300	700	-290.27	-2.646172228	-6.724288448
2400	700	-286.69	-2.850474329	-7.07082133
2500	700	-286.69	-2.096994769	-5.602956613
2600	700	-286.69	-3.62179358	-5.110191406
2700	700	-282.57	-3.47703085	-5.066401445
2800	700	-282.57	-1.044070872	-3.900176845
2900	700	-282.57	-4.135511073	-3.74810247
3000	700	-278.46	0	-3.158627794
0	800	-281.43	0	-2.979567582
100	800	-281.43	0.06769869	-2.953875627
200	800	-281.45	0.278773545	-3.046260512
300	800	-281.45	1.363204119	-2.934955165
400	800	-283.56	1.740431664	-2.492619637
500	800	-283.56	1.131734063	-3.42965325
600	800	-283.56	1.731645864	-3.800686679
700	800	-285.7	1.794773187	-4.165232773
800	800	-285.7	1.218021284	-4.738923199
900	800	-285.7	1.775165055	-5.076791965
1000	800	-288.08	1.778358741	-5.39979674
1100	800	-288.08	1.137113913	-5.604117916
1200	800	-288.08	1.282070331	-5.761216111
1300	800	-289.77	1.211796479	-6.058773212
1400	800	-289.77	0.680732103	-6.176007139
1500	800	-289.77	0.447791279	-6.182510258
1600	800	-290.36	0.185589786	-6.362518824
1700	800	-290.36	-0.290043	-6.532652999
1800	800	-289.62	-0.554643995	-6.580679054
1900	800	-289.62	-0.724187006	-6.388328625
2000	800	-289.62	-1.302364916	-6.401549391
2100	800	-287.55	-1.571021726	-6.457013549
2200	800	-287.55	-1.481843518	-5.721360248
2300	800	-287.55	-2.40341215	-5.342979995
2400	800	-284.58	-2.340707092	-5.156166768
2500	800	-284.58	-1.392218695	-4.534292227
2600	800	-284.58	-3.157804887	-4.227677477
2700	800	-280.97	-2.999206016	-3.715724835
2800	800	-280.97	-0.804254907	-3.467436575
2900	800	-280.97	-3.684840135	-3.790441844
3000	800	-277.35	0	-2.673044907
0	900	-280	0	-2.998326481
100	900	-280.04	0.052629097	-2.963188473
200	900	-280.04	0.238525319	-3.00896377
300	900	-280.04	1.325981377	-3.093771754
400	900	-281.74	1.429980424	-3.540315671
500	900	-281.74	0.710126003	-3.930434326
600	900	-281.74	1.373234013	-4.06403822
700	900	-283.44	1.440826268	-4.19893511
800	900	-283.44	0.97734224	-4.329647559
900	900	-283.44	1.538872223	-4.522210853
1000	900	-285.6	1.5925752	-4.832064037
1100	900	-285.6	1.06087226	-4.790889346
1200	900	-285.6	1.127066574	-4.623732144
1300	900	-287.09	1.048420554	-5.057347904
1400	900	-287.09	0.666497455	-5.317729824
1500	900	-287.57	0.366628746	-5.34569208
1600	900	-287.57	0.004047108	-5.484958789
1700	900	-287.57	-0.374069433	-5.630897651
1800	900	-287.01	-0.49472224	-5.737018012
1900	900	-287.01	-0.621767923	-5.706842084
2000	900	-287.01	-1.195203841	-5.620146096
2100	900	-285.34	-1.264903644	-5.423312016
2200	900	-285.34	-1.09026197	-5.10164498
2300	900	-285.34	-2.080978749	-4.862074961
2400	900	-282.65	-2.041786561	-4.51666308
2500	900	-282.65	-1.168505477	-4.311831027
2600	900	-282.65	-2.803226188	-4.143417968
2700	900	-279.38	-2.716789948	-3.610306628
2800	900	-279.38	-1.11878788	-3.819572122
2900	900	-279.38	-3.341119404	-6.397150539
3000	900	-276.06	0	-3.192674537
0	1000	-278.45	0	0
100	1000	-278.5	0.057061401	0
200	1000	-278.5	0.148190264	0
300	1000	-278.5	0.831852218	0
400	1000	-279.52	0.903769092	0
500	1000	-279.52	0.608011513	0
600	1000	-279.52	1.46314508	0
700	1000	-281.48	1.529163849	0
800	1000	-281.48	0.894745541	0
900	1000	-281.48	1.272748576	0
1000	1000	-283.13	1.509680248	0
1100	1000	-283.13	1.345445806	0
1200	1000	-284.48	1.015611773	0
1300	1000	-284.48	0.517798798	0
1400	1000	-284.48	0.392387927	0
1500	1000	-284.97	0.280562314	0
1600	1000	-284.97	-0.099615784	0
1700	1000	-284.97	-0.542102223	0
1800	1000	-284.12	-0.630588428	0
1900	1000	-284.12	-0.60731509	0
2000	1000	-284.12	-1.018834848	0
2100	1000	-282.72	-1.05252061	0
2200	1000	-282.72	-0.920606463	0
2300	1000	-282.72	-1.81843025	0
2400	1000	-280.36	-1.790463157	0
2500	1000	-280.36	-1.018973583	0
2600	1000	-280.36	-2.456280488	0
2700	1000	-277.53	-2.67536017	0
2800	1000	-277.53	-3.591098818	0
2900	1000	-274.12	-3.05794255	0
3000	1000	-274.12	0	0
				
				
				
				
				
				
				
				
				
				
				
				
				
				
				
				
				
				
				
				
				
				
				
				
				
				
				
				
				
				
				
				
				
				
				
				
				
				
				
				
				
				
				
				
				
				
				
				
				
				
				
				
				
				
				
				
				
				
				
				
				
				
				
				
				
				
				
				
				
				
				
				
				
				
				
				
				
				
				
				
				
				
				
				
				
				
				
				
				
				
				
				
				
				
				
				
				
				
				
				
				
				
				
				
				
				
				
				
				
				
				
				
				
				
				
				
				
				
				
				
				
				
				
				
				
				
				
				
				
				
				
				
				
				
				
				
				
				
				
				
				
				
				
				
				
				
				
				
				
				
				
				
				
				
				
				
				
				
				
				
				
				
				
				
				
				
				
				
				
				
				
				
				
				
				
				
				
				
				
				
				
				
				
				
				
				
				
				
				
				
				
				
				
				
				
				
				
				
				
				
				
				
				
				
				
				
				
				
				
				
				
				
				
				
				
				
				
				
				
				
				
				
				
				
				
				
				
				
				
				
				
				
				
				
				
				
				
				
				
				
				
				
				
				
				
				
				
				
				
				
				
				
				
				
				
				
				
				
				
				
				
				
				
				
				
				
				
				
				
				
				
				
				
				
				
				
				
				
				
				
				
				
				
				
				
				
				
				
				
				
				
				
				
				
				
				
				
				
				
				
				
				
				
				
				
				
				
				
				
				
