0	0	0	-277.44	0	0	2.94
100	0	0	-277.44	-0.0116279	0	2.930693176
200	0	0	-277.44	-0.122854096	0	2.942552361
300	0	0	-277.3	-0.119051159	0	3.077366761
400	0	0	-277.3	0.096850289	0	3.2396014
500	0	0	-277.3	0.53998131	0	3.162982462
600	0	0	-277.98	0.556479558	0	2.723087337
700	0	0	-277.98	0.171603036	0	2.578490375
800	0	0	-277.98	0.155559731	0	2.526514662
900	0	0	-278.17	0.155594575	0	2.463088397
1000	0	0	-278.17	0.129521635	0	2.523710356
1100	0	0	-278.17	0.246787563	0	2.516789536
1200	0	0	-278.51	0.275290757	0	2.51559864
1300	0	0	-278.51	0.290218561	0	2.797525721
1400	0	0	-278.51	0.553356079	0	3.043374728
1500	0	0	-279.25	0.706429024	0	3.261088811
1600	0	0	-279.25	0.702744058	0	3.28571833
1700	0	0	-280	0.576394761	0	3.353651105
1800	0	0	-280	0.40372468	0	3.867704306
1900	0	0	-280	0.493317938	0	4.103238493
2000	0	0	-280.68	0.497452161	0	4.123313339
2100	0	0	-280.68	0.420906202	0	4.373376232
2200	0	0	-280.68	0.583072266	0	4.415181955
2300	0	0	-281.5	0.574666187	0	4.24672526
2400	0	0	-281.5	0.383788172	0	4.305693232
2500	0	0	-281.5	0.43090687	0	4.292647397
2600	0	0	-282.07	0.401681055	0	4.148206592
2700	0	0	-282.07	0.233380543	0	4.191998954
2800	0	0	-282.07	0.246360368	0	4.211847594
2900	0	0	-282.38	0.232548306	0	4.220212975
3000	0	0	-282.38	0.171241021	0	4.483002023
3100	0	0	-282.38	0.310228187	0	4.537596021
3200	0	0	-282.78	0.298435178	0	4.3741731
3300	0	0	-282.78	0.112203073	0	4.387708774
3400	0	0	-282.78	0.114661686	0	4.347627861
3500	0	0	-282.91	0.090637436	0	4.120975917
3600	0	0	-282.91	-0.056778231	0	4.0723129
3700	0	0	-282.82	-0.074993945	0	4.060882775
3800	0	0	-282.82	-0.017794201	0	3.5446933
3900	0	0	-282.82	-0.16013057	0	3.498470231
4000	0	0	-282.66	0	0	3.65
0	100	0	-277.25	0	-0.74743599	3.578850741
100	100	0	-277.25	-0.014927644	-0.69344226	3.550560786
200	100	0	-277.23	-0.018448909	-0.678720679	3.243872016
300	100	0	-277.23	0.008808971	-0.525069728	3.214706715
400	100	0	-277.25	0.02239686	-0.55874039	3.213117143
500	100	0	-277.25	0.058649919	-0.665656583	3.218331547
600	100	0	-277.25	0.12863558	-1.070667492	3.192568484
700	100	0	-277.38	0.123083781	-1.121868754	3.230223173
800	100	0	-277.38	0.112064577	-1.012872763	3.556828339
900	100	0	-277.38	0.225292329	-1.020112489	3.648928677
1000	100	0	-277.69	0.25708664	-0.919484853	3.661812853
1100	100	0	-277.69	0.243991905	-0.694561527	3.903374299
1200	100	0	-277.69	0.405604382	-0.656386455	3.967161626
1300	100	0	-278.27	0.441332465	-0.541379622	3.989880502
1400	100	0	-278.27	0.391673898	-0.383077106	4.358805191
1500	100	0	-278.27	0.557419115	-0.527219169	4.622826249
1600	100	0	-279.05	0.581176887	-0.612178884	4.741424764
1700	100	0	-279.05	0.462231897	-0.603050238	4.774666824
1800	100	0	-279.05	0.587350089	-0.534134056	4.80178122
1900	100	0	-279.84	0.705895596	-0.446024757	4.778323799
2000	100	0	-279.84	0.678265011	-0.347279668	4.665035537
2100	100	0	-280.55	0.535593013	-0.246100063	4.602060982
2200	100	0	-280.55	0.396429434	-0.219461748	4.816123197
2300	100	0	-280.55	0.461349416	-0.232712604	4.880995688
2400	100	0	-281.15	0.433038446	-0.157166561	4.789913127
2500	100	0	-281.15	0.316672528	-0.059678085	4.845243862
2600	100	0	-281.15	0.372462335	-0.147275781	4.853956757
2700	100	0	-281.65	0.353452765	-0.125309182	4.766605452
2800	100	0	-281.65	0.235696561	0.012105703	4.836119701
2900	100	0	-281.65	0.28029749	-0.012080261	4.854041518
3000	100	0	-282.02	0.263757111	0.005711823	4.753739551
3100	100	0	-282.02	0.155331051	0.055839983	4.748005746
3200	100	0	-282.02	0.188655602	-0.10676299	4.737107873
3300	100	0	-282.25	0.16320516	-0.162661993	4.67799392
3400	100	0	-282.25	0.062832416	-0.178070143	4.651548695
3500	100	0	-282.25	0.074219228	-0.251163867	4.621933379
3600	100	0	-282.34	0.043153326	-0.282695651	4.559211476
3700	100	0	-282.34	-0.046644787	-0.389773079	4.5220581
3800	100	0	-282.29	-0.044707668	-0.414428639	4.539978689
3900	100	0	-282.29	-0.017712847	-0.45884541	4.751509103
4000	100	0	-282.29	0	-0.337205112	4.785976101
0	200	0	-276.63	0	-0.671506562	3.939220049
100	200	0	-276.63	0.057087412	-0.282035132	3.734400147
200	200	0	-276.63	0.045518437	-0.291276497	3.699611727
300	200	0	-276.71	0.000929129	-0.339254913	3.60698183
400	200	0	-276.71	-0.043736566	-0.714939466	3.655830791
500	200	0	-276.71	0.028054209	-0.786244391	3.685346565
600	200	0	-276.75	0.100267387	-0.81048748	3.757023056
700	200	0	-276.75	0.229397765	-0.789316813	3.750559207
800	200	0	-277.07	0.257315996	-0.717326107	3.718377173
900	200	0	-277.07	0.248982485	-0.580131607	3.862965669
1000	200	0	-277.07	0.455072596	-0.561769376	3.867446211
1100	200	0	-277.75	0.509885962	-0.418200342	3.722423473
1200	200	0	-277.75	0.428472662	-0.158467243	3.748528556
1300	200	0	-277.75	0.563527909	-0.16774342	3.711044147
1400	200	0	-278.59	0.567516533	-0.156844591	3.652622454
1500	200	0	-278.59	0.477327246	-0.158477215	3.887707304
1600	200	0	-278.59	0.626912988	-0.297102741	3.995690351
1700	200	0	-279.51	0.654439589	-0.23424335	3.870629767
1800	200	0	-279.51	0.560750161	-0.024336251	3.746199096
1900	200	0	-279.51	0.680172326	-0.053930806	3.616922297
2000	200	0	-280.45	0.697376856	-0.03578315	3.365274965
2100	200	0	-280.45	0.548724122	0.152314852	3.234851755
2200	200	0	-280.45	0.596459725	0.432403561	3.272340908
2300	200	0	-281.18	0.636961374	0.720171037	3.356106111
2400	200	0	-281.18	0.556822692	0.763300571	3.382512748
2500	200	0	-281.74	0.44079765	0.838669577	3.4966183
2600	200	0	-281.74	0.336049958	1.001842659	3.940017609
2700	200	0	-281.74	0.392762026	0.984572469	4.146240362
2800	200	0	-282.29	0.359589289	0.990234866	4.193712893
2900	200	0	-282.29	0.226154427	1.024417766	4.491725641
3000	200	0	-282.29	0.239161264	0.935896726	4.615440562
3100	200	0	-282.61	0.197753374	0.887006522	4.580953716
3200	200	0	-282.61	0.079933202	0.818475437	4.682881801
3300	200	0	-282.61	0.040895921	0.706672803	4.719270864
3400	200	0	-282.63	0.026159812	0.686047622	4.690450616
3500	200	0	-282.63	-0.013988072	0.715972855	4.666413434
3600	200	0	-282.63	-0.195387444	0.641742377	4.582572113
3700	200	0	-282.36	-0.206726933	0.506420886	4.139721316
3800	200	0	-282.36	-0.086866532	0.517699546	4.068811415
3900	200	0	-282.29	-0.082907043	0.48005195	4.146693321
4000	200	0	-282.29	0	0.281763514	4.373379537
0	300	0	-276.6	0	-0.490814785	3.063025768
100	300	0	-277.18	0.36530242	-0.465990149	2.655478225
200	300	0	-277.18	-0.07566869	-0.675575585	2.817382596
300	300	0	-277.18	-0.414853999	-0.766776632	2.881373587
400	300	0	-276.48	-0.424592619	-0.813619876	3.333848591
500	300	0	-276.48	-0.036898094	-0.805771265	3.420079299
600	300	0	-276.48	0.125563158	-0.781110698	3.444145405
700	300	0	-276.59	0.216245153	-0.645810728	3.45665104
800	300	0	-276.59	0.321249783	-0.696475893	3.419941579
900	300	0	-277.01	0.38084906	-0.580052509	3.391696698
1000	300	0	-277.01	0.419017906	-0.347430443	3.592402293
1100	300	0	-277.01	0.647294038	-0.382571842	3.582480152
1200	300	0	-278.01	0.656061303	-0.318858835	3.380749745
1300	300	0	-278.01	0.442955117	-0.193375529	3.412373666
1400	300	0	-278.01	0.400940103	-0.266718274	3.457937641
1500	300	0	-278.43	0.417160966	-0.233233573	3.546365497
1600	300	0	-278.43	0.505410752	-0.121834763	3.771994469
1700	300	0	-278.43	0.734998388	-0.187484838	3.800694297
1800	300	0	-279.58	0.767662633	-0.147679976	3.715678943
1900	300	0	-279.58	0.694448697	-0.047905347	3.942207269
2000	300	0	-279.58	0.884510669	-0.123454155	4.117639496
2100	300	0	-280.9	1.003779723	-0.069112802	4.153567326
2200	300	0	-280.9	0.964285619	0.151552317	4.052141522
2300	300	0	-281.93	0.792246426	0.275216969	3.890985103
2400	300	0	-281.93	0.551536987	0.408296987	3.979933176
2500	300	0	-281.93	0.555214616	0.405281436	4.063095716
2600	300	0	-282.72	0.518365227	0.51429758	4.066097331
2700	300	0	-282.72	0.341844972	0.67757335	4.220667143
2800	300	0	-282.72	0.275541858	0.654440299	4.343293442
2900	300	0	-283.01	0.22595935	0.667185558	4.439013588
3000	300	0	-283.01	0.126345867	0.745295615	4.643239844
3100	300	0	-283.01	0.037909762	0.706197999	4.760858082
3200	300	0	-282.96	0.008321883	0.695837592	4.845212697
3300	300	0	-282.96	0.030777345	0.738931651	4.91469951
3400	300	0	-282.96	0.072132468	0.76067177	4.920048444
3500	300	0	-283.08	0.029913983	0.759660971	4.876725537
3600	300	0	-283.08	-0.166398643	0.734807025	4.906149449
3700	300	0	-282.86	-0.170687618	0.855591037	4.931736488
3800	300	0	-282.86	-0.071076604	0.864545044	4.833858408
3900	300	0	-282.86	-0.25364888	0.78029615	4.811994858
4000	300	0	-282.56	0	0.708117219	5.040126621
0	400	0	-276.28	0	-0.9856963	3.337687289
100	400	0	-276.28	-0.127673389	-1.397049083	3.287655668
200	400	0	-275.91	-0.255268046	-1.441868123	3.521490466
300	400	0	-275.91	-0.137115162	-1.468488402	3.53554713
400	400	0	-275.91	-0.082731199	-1.147440745	3.638808695
500	400	0	-275.95	0.060563387	-1.092795565	3.647159499
600	400	0	-275.95	0.260227924	-1.112819334	3.5915863
700	400	0	-276.43	0.314032569	-1.131731156	3.429123187
800	400	0	-276.43	0.323074215	-1.148890987	3.3950144
900	400	0	-276.43	0.598027936	-1.108503995	3.268906791
1000	400	0	-277.34	0.652553264	-0.926986516	3.114073261
1100	400	0	-277.34	0.53845757	-0.743809931	3.23900049
1200	400	0	-277.34	0.617668976	-0.817379716	3.261945838
1300	400	0	-278.15	0.61566847	-0.730797379	3.178036569
1400	400	0	-278.15	0.527658489	-0.46312954	3.256601237
1500	400	0	-278.15	0.622210757	-0.317033338	3.296806392
1600	400	0	-279.1	0.672661723	-0.171241458	3.273801294
1700	400	0	-279.1	0.628594377	-0.03113534	3.419893546
1800	400	0	-279.1	0.700329652	-0.099990961	3.514259336
1900	400	0	-280.04	0.704398147	-0.082136465	3.544485795
2000	400	0	-280.04	0.676169401	-0.022214961	3.712529275
2100	400	0	-280.04	0.823730594	-0.181108359	3.828770731
2200	400	0	-281.07	0.940789496	-0.293637911	3.837832802
2300	400	0	-281.07	0.893706044	-0.318766308	3.738217655
2400	400	0	-282.06	0.686887159	-0.250935704	3.70872687
2500	400	0	-282.06	0.546798243	-0.197236567	3.977916677
2600	400	0	-282.06	0.608341872	-0.104399877	4.082114742
2700	400	0	-282.79	0.532904746	0.088550999	4.095304391
2800	400	0	-282.79	0.349201498	0.314981363	4.335195846
2900	400	0	-282.79	0.317009743	0.388486878	4.479081912
3000	400	0	-283.22	0.278173705	0.452331378	4.511321523
3100	400	0	-283.22	0.148295351	0.602491257	4.659461931
3200	400	0	-283.22	0.112666854	0.718151117	4.743210783
3300	400	0	-283.38	0.105730099	0.769682325	4.72943041
3400	400	0	-283.38	0.046889131	0.820764436	4.731874153
3500	400	0	-283.38	-0.039852818	0.78073117	4.707133401
3600	400	0	-283.28	-0.099457378	0.780316861	4.619951686
3700	400	0	-283.28	-0.076988913	0.864734221	4.623896155
3800	400	0	-283.28	-0.162161418	0.810477031	4.587143251
3900	400	0	-283.05	-0.239334869	0.789484083	4.419692378
4000	400	0	-283.05	0	0.801237705	4.3530253
0	500	0	-275.57	0	-1.315200691	3.27988457
100	500	0	-275.57	-0.090869403	-1.484753144	3.413397763
200	500	0	-275.57	-0.147108008	-1.309798873	3.451216596
300	500	0	-275.43	-0.12042662	-1.297116287	3.405058959
400	500	0	-275.43	-0.048899782	-1.293270047	3.406603501
500	500	0	-275.43	-0.002276683	-1.326284939	3.395526213
600	500	0	-275.38	0.086627566	-1.369984501	3.344048917
700	500	0	-275.38	0.180173501	-1.473030239	3.286716225
800	500	0	-275.38	0.344476944	-1.458252733	3.244938305
900	500	0	-275.85	0.60275353	-1.464088238	3.096127581
1000	500	0	-275.85	0.78371197	-1.440459132	2.923737954
1100	500	0	-276.77	0.756900838	-1.214125447	2.821655243
1200	500	0	-276.77	0.669073856	-0.918881528	2.999781856
1300	500	0	-276.77	0.797205293	-0.83865493	3.040294471
1400	500	0	-278.01	0.814704144	-0.707938174	2.943463944
1500	500	0	-278.01	0.709049048	-0.482950004	3.063747477
1600	500	0	-278.01	0.791308749	-0.441134028	3.15503367
1700	500	0	-279.18	0.806248885	-0.346098758	3.242448396
1800	500	0	-279.18	0.716661509	-0.162891253	3.628344791
1900	500	0	-279.18	0.772224697	-0.126290317	3.994442287
2000	500	0	-280.28	0.785538775	-0.039494884	4.278661303
2100	500	0	-280.28	0.732356773	0.094366241	4.391629901
2200	500	0	-280.28	0.826627669	0.033097004	4.436997238
2300	500	0	-281.4	0.834948633	-0.047125125	4.47215618
2400	500	0	-281.4	0.673066729	-0.025312939	4.495380415
2500	500	0	-281.4	0.701750443	0.074127748	4.602595431
2600	500	0	-282.44	0.804152793	0.139131946	4.677223661
2700	500	0	-282.44	0.761226213	0.234277655	4.647183945
2800	500	0	-283.24	0.575477736	0.424276112	4.607729334
2900	500	0	-283.24	0.363309366	0.596860193	4.750248654
3000	500	0	-283.24	0.340350246	0.582396211	4.839158949
3100	500	0	-283.7	0.303729501	0.655797475	4.824559239
3200	500	0	-283.7	0.175512952	0.801345775	4.893667025
3300	500	0	-283.7	0.133390664	0.8077328	4.917750779
3400	500	0	-283.88	0.083181312	0.793641168	4.874357118
3500	500	0	-283.88	-0.010533592	0.76154189	4.867895521
3600	500	0	-283.88	-0.082395592	0.787963321	4.828701264
3700	500	0	-283.78	-0.140527448	0.7747474	4.839568623
3800	500	0	-283.78	-0.146326743	0.566597033	4.829145147
3900	500	0	-283.78	-0.262888206	0.568966139	4.761658597
4000	500	0	-283.45	0	0.587136255	4.344131939
0	600	0	-274.89	0	-1.357891918	3.44094912
100	600	0	-274.72	-0.12227157	-1.373283422	3.565438369
200	600	0	-274.72	-0.067631189	-1.356591955	3.501813182
300	600	0	-274.72	-0.120586336	-1.29003394	3.471478203
400	600	0	-274.53	-0.111899851	-1.286477457	3.447853741
500	600	0	-274.53	-0.016151067	-1.33676482	3.436919943
600	600	0	-274.53	0.113482624	-1.358770155	3.429207223
700	600	0	-274.75	0.225764337	-1.346369907	3.44282573
800	600	0	-274.75	0.332016216	-1.21388764	3.466561838
900	600	0	-274.75	0.615821537	-1.218719481	3.4430571
1000	600	0	-275.62	0.902516055	-1.238116012	3.400359854
1100	600	0	-275.62	1.060035174	-1.116436073	3.266449517
1200	600	0	-276.93	0.993139493	-0.812666336	3.132457361
1300	600	0	-276.93	0.826611824	-0.53338303	3.25728407
1400	600	0	-276.93	0.883363414	-0.571349519	3.329386514
1500	600	0	-278.16	0.889014903	-0.421022269	3.34851916
1600	600	0	-278.16	0.809512969	-0.231560393	3.607743852
1700	600	0	-278.16	0.906837152	-0.266268592	3.796357026
1800	600	0	-279.53	0.920138093	-0.131041267	3.89246621
1900	600	0	-279.53	0.827794516	0.083785402	4.15937005
2000	600	0	-279.53	0.896825959	0.117326728	4.361881971
2100	600	0	-280.9	0.896322482	0.195075976	4.387428331
2200	600	0	-280.9	0.79929813	0.33958273	4.389991059
2300	600	0	-280.9	0.8352961	0.343797376	4.401319916
2400	600	0	-282.05	0.808140032	0.407950182	4.423540095
2500	600	0	-282.05	0.711243128	0.622322391	4.46210801
2600	600	0	-282.05	0.768491778	0.668428108	4.524587787
2700	600	0	-282.98	0.818048912	0.667940414	4.593778761
2800	600	0	-282.98	0.711784036	0.757791841	4.55771463
2900	600	0	-283.66	0.475129843	0.889577485	4.543961262
3000	600	0	-283.66	0.337110987	0.927746246	4.730430478
3100	600	0	-283.66	0.367244914	0.950038011	4.776702091
3200	600	0	-284.13	0.264602179	0.981000423	4.714700504
3300	600	0	-284.13	0.098025492	0.97408844	4.74944178
3400	600	0	-284.13	0.000698222	0.887503222	4.753765811
3500	600	0	-284.09	-0.045530665	0.766520667	4.76084864
3600	600	0	-284.09	-0.086251869	0.709666502	4.699181254
3700	600	0	-284.09	-0.298355201	0.628654003	4.63651709
3800	600	0	-283.6	-0.36794268	0.558010583	4.59342215
3900	600	0	-283.6	-0.218795648	0.31962955	4.570994792
4000	600	0	-283.6	0	0.379906778	4.445342044
0	700	0	-274.19	0	-1.259438921	3.549114204
100	700	0	-274.19	-0.08956944	-1.177599023	3.59143787
200	700	0	-274.09	-0.063858526	-1.196618644	3.606626573
300	700	0	-274.09	-0.050312122	-1.172314053	3.572432947
400	700	0	-274.09	-0.095630662	-1.112955562	3.456753405
500	700	0	-273.99	-0.074569382	-1.178913162	3.429475929
600	700	0	-273.99	0.07702248	-1.249581325	3.450888247
700	700	0	-273.99	0.325056016	-1.231904296	3.486962469
800	700	0	-274.55	0.47212737	-1.130606343	3.591202726
900	700	0	-274.55	0.578525158	-0.95417311	3.658760411
1000	700	0	-274.55	0.885995378	-0.967184372	3.706040845
1100	700	0	-275.76	1.182350515	-0.994460488	3.728099196
1200	700	0	-275.76	1.252126898	-0.909795319	3.644880488
1300	700	0	-277.37	1.03852211	-0.733365762	3.582867884
1400	700	0	-277.37	0.927064905	-0.65654909	3.838844963
1500	700	0	-277.37	1.048838174	-0.525989653	3.930216784
1600	700	0	-278.81	0.946062427	-0.372608965	4.028481794
1700	700	0	-278.81	0.906768011	-0.324216102	4.378877984
1800	700	0	-278.81	1.066715503	-0.213636072	4.473400036
1900	700	0	-280.16	1.020592692	0.065083905	4.392720712
2000	700	0	-280.16	0.896829349	0.288785321	4.440802952
2100	700	0	-280.16	0.954612775	0.284533038	4.582802689
2200	700	0	-281.51	0.975349068	0.37284477	4.665158037
2300	700	0	-281.51	0.903316085	0.61007884	4.639590866
2400	700	0	-281.51	0.951591744	0.696431639	4.711503247
2500	700	0	-282.84	0.962228368	0.857376019	4.789728576
2600	700	0	-282.84	0.849770816	1.17612774	4.807262442
2700	700	0	-282.84	0.850589946	1.276827248	4.817385745
2800	700	0	-283.97	0.797114808	1.297047684	4.822889968
2900	700	0	-283.97	0.53326377	1.403777921	4.835920787
3000	700	0	-283.97	0.400810771	1.503719626	4.944906234
3100	700	0	-284.54	0.356983678	1.479694491	5.02713407
3200	700	0	-284.54	0.199563381	1.379100493	5.00959924
3300	700	0	-284.62	0.039893463	1.318409829	4.992417142
3400	700	0	-284.62	-0.124386461	1.213465247	4.997124702
3500	700	0	-284.62	-0.188370312	0.957075001	5.038869255
3600	700	0	-284.58	-0.220262257	0.747526573	5.042878932
3700	700	0	-284.58	-0.292183367	0.447059313	4.93815591
3800	700	0	-284.58	-0.455351196	0.458147981	4.784160184
3900	700	0	-283.95	-0.440992011	0.440123241	4.711429845
4000	700	0	-283.95	0	0.21057931	4.794660343
0	800	0	-273.48	0	-1.099064938	3.043179802
100	800	0	-273.48	-0.059451293	-1.078208163	3.056164092
200	800	0	-273.48	-0.062346219	-1.108376162	3.09279368
300	800	0	-273.5	-0.036923254	-1.180475826	3.031787305
400	800	0	-273.5	-0.11849896	-1.213519179	2.755420543
500	800	0	-273.5	-0.152776829	-1.330039845	2.726272095
600	800	0	-273.31	0.06049149	-1.375074707	2.775610902
700	800	0	-273.31	0.344739318	-1.219789194	2.75192124
800	800	0	-273.31	0.609747403	-1.172842929	2.842813473
900	800	0	-274.28	0.779243509	-1.052856209	3.010161855
1000	800	0	-274.28	0.862228676	-0.774675474	3.150816206
1100	800	0	-274.28	1.117424227	-0.748592729	3.277944675
1200	800	0	-275.8	1.25423422	-0.788656868	3.509517646
1300	800	0	-275.8	1.079858053	-0.688828545	3.641517646
1400	800	0	-275.8	1.090739523	-0.478683357	3.829407684
1500	800	0	-277.51	1.172955029	-0.396127547	4.017486335
1600	800	0	-277.51	1.01128652	-0.298248299	4.17631942
1700	800	0	-277.51	1.065810046	-0.112859851	4.394188259
1800	800	0	-279.01	1.309438101	0.019920167	4.480139395
1900	800	0	-279.01	1.330215908	0.265429946	4.368100419
2000	800	0	-280.35	1.116275092	0.604258908	4.264241658
2100	800	0	-280.35	0.98038193	0.789745494	4.427710215
2200	800	0	-280.35	1.124843931	0.750493165	4.524553447
2300	800	0	-282.22	1.15888297	0.894091139	4.394213897
2400	800	0	-282.22	1.055437211	1.082926709	4.554621405
2500	800	0	-282.22	1.190939229	1.072592175	4.833390299
2600	800	0	-284.2	1.187943007	1.277975744	4.856928007
2700	800	0	-284.2	0.938968856	1.585606076	4.74700239
2800	800	0	-284.2	0.838734709	1.647547957	4.77765479
2900	800	0	-285.35	0.681801784	1.677608874	4.895927742
3000	800	0	-285.35	0.413027557	1.801410262	5.025871357
3100	800	0	-285.35	0.242625782	1.755211918	5.087337829
3200	800	0	-285.52	0.103317518	1.662986102	5.084331905
3300	800	0	-285.52	-0.067609755	1.571815598	5.005919687
3400	800	0	-285.52	-0.360636607	1.450672089	5.005591817
3500	800	0	-284.76	-0.511469339	1.339285183	5.12560953
3600	800	0	-284.76	-0.596267556	1.071906176	5.302637337
3700	800	0	-283.99	-0.587733793	0.801376967	5.469178292
3800	800	0	-283.99	-0.374878752	0.516825406	5.22389335
3900	800	0	-283.99	-0.466364318	0.738787553	4.88138297
4000	800	0	-283.41	0	0.571687603	5.109998811
0	900	0	-273.48	0	-1.421602442	1.95545601
100	900	0	-273.48	-0.098880664	-1.476492956	1.963369432
200	900	0	-273.31	-0.166126188	-1.494545463	2.022741045
300	900	0	-273.31	-0.15545514	-1.672782511	1.945604918
400	900	0	-273.31	-0.245194682	-1.851668001	1.814113209
500	900	0	-272.87	-0.23612491	-1.915957625	1.831492262
600	900	0	-272.87	0.187273132	-1.985159601	1.849329345
700	900	0	-273.62	0.527287794	-1.886569231	1.681485417
800	900	0	-273.62	0.639060354	-1.723971846	1.732369592
900	900	0	-273.62	0.976692613	-1.768795199	2.078127708
1000	900	0	-275.19	1.190258858	-1.460402618	2.330103934
1100	900	0	-275.19	1.16836912	-1.042141732	2.396476942
1200	900	0	-275.19	1.311891082	-0.972220003	2.788136976
1300	900	0	-277.09	1.348495622	-0.882368811	3.098804999
1400	900	0	-277.09	1.219765903	-0.492835782	3.192970566
1500	900	0	-277.09	1.229273232	-0.390560474	3.516309519
1600	900	0	-278.66	1.229330123	-0.290180522	3.882589921
1700	900	0	-278.66	1.224936477	0.053194818	4.056937951
1800	900	0	-278.66	1.4450053	0.156331711	4.114870659
1900	900	0	-280.78	1.604931433	0.193683069	4.11473036
2000	900	0	-280.78	1.421144897	0.416403088	4.000843571
2100	900	0	-282.16	1.100847032	0.658173259	3.989793251
2200	900	0	-282.16	1.079694713	0.712619487	4.170396461
2300	900	0	-282.16	1.235749629	0.759982015	4.180898672
2400	900	0	-283.79	1.13009278	0.90762785	4.279290571
2500	900	0	-283.79	1.157277403	0.945555211	4.728134495
2600	900	0	-283.79	1.362784717	1.021688628	4.839669524
2700	900	0	-285.44	1.22016216	1.327840379	4.601398743
2800	900	0	-285.44	0.889117606	1.659587912	4.619710068
2900	900	0	-285.44	0.687126075	1.709251768	4.927215073
3000	900	0	-286.27	0.478413815	1.720679976	5.227171418
3100	900	0	-286.27	0.218559518	1.774356894	5.323090522
3200	900	0	-286.27	0.016167061	1.755922889	5.373065238
3300	900	0	-286.2	-0.172420551	1.679709265	5.218176603
3400	900	0	-286.2	-0.356916876	1.500865108	5.180240713
3500	900	0	-286.2	-0.567136224	1.520320865	5.291718088
3600	900	0	-285.45	-0.758170472	1.449412191	5.546279049
3700	900	0	-285.45	-0.847264137	1.303408088	5.581311455
3800	900	0	-284.57	-0.517940609	1.045675831	5.652501201
3900	900	0	-284.57	-0.386129814	1.064875469	4.915555761
4000	900	0	-284.57	0	0.957359515	4.840075526
0	1000	0	-272.09	0	-1.817388894	1.47234802
100	1000	0	-272.09	-0.132394314	-1.959030471	1.485874172
200	1000	0	-272.09	-0.258635774	-1.975503169	1.511944046
300	1000	0	-271.66	-0.394045792	-2.060999512	1.328845911
400	1000	0	-271.66	-0.361674074	-2.362606752	1.240703513
500	1000	0	-271.66	-0.28626843	-2.402738119	1.269386852
600	1000	0	-271.13	0.089879884	-2.404358922	1.283446822
700	1000	0	-271.13	0.605927073	-2.440993924	1.179516608
800	1000	0	-272.19	0.727521434	-2.346614909	1.1612319
900	1000	0	-272.19	1.042812737	-2.305924849	1.693257436
1000	1000	0	-272.19	1.588882143	-2.078157704	1.940206937
1100	1000	0	-274.34	1.605606841	-1.605311933	1.857847126
1200	1000	0	-274.34	1.414007141	-1.230467855	2.327843514
1300	1000	0	-274.34	1.559242274	-1.257596881	2.722262256
1400	1000	0	-276.81	1.582547861	-0.978080838	2.704095301
1500	1000	0	-276.81	1.375610289	-0.677119775	3.115278786
1600	1000	0	-276.81	1.455041812	-0.659776257	3.659560524
1700	1000	0	-279.21	1.512322279	-0.445526909	3.84110826
1800	1000	0	-279.21	1.449926351	-0.225336366	3.857469959
1900	1000	0	-279.21	1.590287285	-0.322682253	4.03677051
2000	1000	0	-281.59	1.580765282	-0.394385481	4.122720761
2100	1000	0	-281.59	1.276598329	-0.190898323	4.157835632
2200	1000	0	-281.59	1.226652687	0.059452394	4.28891601
2300	1000	0	-283.34	1.353891333	0.167897016	4.435381008
2400	1000	0	-283.34	1.241010407	0.356749644	4.582584506
2500	1000	0	-283.34	1.305000006	0.586996043	4.859535056
2600	1000	0	-285.25	1.570228176	0.665590419	4.977746279
2700	1000	0	-285.25	1.57686814	0.854907609	4.861354909
2800	1000	0	-286.96	1.220146098	1.243248742	4.782720146
2900	1000	0	-286.96	0.742893848	1.536271049	5.157260462
3000	1000	0	-286.96	0.478132682	1.557468712	5.572350464
3100	1000	0	-287.39	0.277868694	1.694284181	5.708120579
3200	1000	0	-287.39	0.008669889	1.777398113	5.897662007
3300	1000	0	-287.39	-0.322667535	1.768743262	5.862600997
3400	1000	0	-286.7	-0.520025008	1.616046569	5.851924911
3500	1000	0	-286.7	-0.562922255	1.386757292	5.945810164
3600	1000	0	-286.7	-0.813180333	1.268133958	5.816690035
3700	1000	0	-285.55	-0.991470153	1.323210991	5.428414288
3800	1000	0	-285.55	-0.613411371	1.074044054	5.361520637
3900	1000	0	-285.55	-0.554680635	0.745143171	5.054007462
4000	1000	0	-284.67	0	0.76231248	4.670367453
0	1100	0	-271.3	0	-1.662411735	1.412656061
100	1100	0	-271.02	-0.256994938	-1.823362407	1.445800016
200	1100	0	-271.02	-0.268095229	-1.93855094	1.484239337
300	1100	0	-271.02	-0.542558722	-1.958273259	1.136283354
400	1100	0	-270.02	-0.586933289	-2.001936493	0.912566017
500	1100	0	-270.02	-0.27787708	-2.157852318	0.90767566
600	1100	0	-270.02	0.149017327	-2.093761074	0.606151446
700	1100	0	-270.48	0.585031807	-2.142780561	0.529871922
800	1100	0	-270.48	0.774129428	-2.069206836	0.586947133
900	1100	0	-270.48	1.245149818	-1.857007153	0.920378297
1000	1100	0	-272.56	1.890871775	-1.797694457	1.326163584
1100	1100	0	-272.56	2.016058969	-1.586625759	1.485293508
1200	1100	0	-275.05	1.659606134	-1.272894108	1.685044605
1300	1100	0	-275.05	1.600882638	-1.184968333	2.227760486
1400	1100	0	-275.05	1.80024301	-1.03702395	2.446328321
1500	1100	0	-277.42	1.547577814	-0.82075697	2.688856433
1600	1100	0	-277.42	1.460922988	-0.77846138	3.327010192
1700	1100	0	-277.42	1.659376367	-0.709772029	3.644045621
1800	1100	0	-279.47	1.567849956	-0.481678019	3.68592446
1900	1100	0	-279.47	1.435882318	-0.409654637	4.100169186
2000	1100	0	-279.47	1.552928827	-0.623064084	4.537875447
2100	1100	0	-281.77	1.554684907	-0.510657879	4.71949214
2200	1100	0	-281.77	1.438490052	-0.10395182	4.744466612
2300	1100	0	-281.77	1.53304688	0.056987513	4.973113166
2400	1100	0	-284.14	1.549191807	0.182864369	5.290485698
2500	1100	0	-284.14	1.466118177	0.572316988	5.531346436
2600	1100	0	-284.14	1.630696282	0.727074645	5.675295517
2700	1100	0	-286.24	1.797820482	0.774414595	5.870009219
2800	1100	0	-286.24	1.570481046	1.032110763	5.970301384
2900	1100	0	-287.69	1.001346045	1.365159359	6.114804433
3000	1100	0	-287.69	0.636426946	1.552888812	6.609357296
3100	1100	0	-287.69	0.438488919	1.832182044	6.814443933
3200	1100	0	-287.82	0.090626142	1.987364146	6.883283495
3300	1100	0	-287.82	-0.333772094	1.99168634	6.819220513
3400	1100	0	-287.82	-0.738902845	1.900481184	6.78104678
3500	1100	0	-286.91	-0.915048836	1.569135297	6.887300795
3600	1100	0	-286.91	-0.821716774	1.061021579	6.532163011
3700	1100	0	-286.91	-1.04135404	1.27761836	5.768224887
3800	1100	0	-285.51	-1.09600843	1.012127055	5.46103694
3900	1100	0	-285.51	-0.697861388	0.313596149	5.657060201
4000	1100	0	-285.51	0	0.295909394	5.261027019
0	1200	0	-270.22	0	-1.261979603	1.433821322
100	1200	0	-270.22	-0.408533519	-1.428472556	1.488575618
200	1200	0	-269.85	-0.393546625	-1.511087963	1.524739726
300	1200	0	-269.85	-0.457431345	-1.684105077	0.976208471
400	1200	0	-269.85	-0.561253133	-1.457678354	0.345676912
500	1200	0	-269.07	-0.378093011	-1.568797806	0.20651389
600	1200	0	-269.07	0.104951642	-1.598803775	-0.536013753
700	1200	0	-269.07	0.63048131	-1.705870284	-0.798798628
800	1200	0	-270.16	1.013294842	-1.593947547	-0.716807228
900	1200	0	-270.16	1.314325117	-1.167202576	-0.60513978
1000	1200	0	-270.16	1.859263537	-1.19946885	0.140699021
1100	1200	0	-272.94	2.130407189	-1.342937909	0.996566709
1200	1200	0	-272.94	1.815664566	-1.120868335	1.508344805
1300	1200	0	-272.94	1.795112432	-0.802378284	2.027803768
1400	1200	0	-275.84	1.946759224	-0.753110924	2.588685361
1500	1200	0	-275.84	1.63417286	-0.648341324	3.004019119
1600	1200	0	-275.84	1.566026753	-0.457221011	3.527082247
1700	1200	0	-278.08	1.80910564	-0.427182654	3.934678358
1800	1200	0	-278.08	1.750043743	-0.325181323	4.062388933
1900	1200	0	-280.01	1.448901219	-0.177074817	4.278823244
2000	1200	0	-280.01	1.47976204	-0.211766666	4.73300616
2100	1200	0	-280.01	1.795710594	-0.146128201	4.900688932
2200	1200	0	-282.41	1.794298079	0.218489524	4.753019501
2300	1200	0	-282.41	1.640707523	0.531226267	4.987038532
2400	1200	0	-282.41	1.756339882	0.522342159	5.52179623
2500	1200	0	-284.96	1.849210282	0.855156252	5.834699169
2600	1200	0	-284.96	1.772325783	1.353801346	5.934972951
2700	1200	0	-284.96	1.881904258	1.468318055	6.457360284
2800	1200	0	-287.76	1.810890863	1.444405758	6.978028926
2900	1200	0	-287.76	1.263671898	1.708652865	7.160660897
3000	1200	0	-287.76	0.945155367	1.993288576	7.766332069
3100	1200	0	-289.45	0.712344028	2.094866147	8.018380288
3200	1200	0	-289.45	0.168174185	2.15012109	7.967080843
3300	1200	0	-289.45	-0.409550497	2.062189558	7.851348021
3400	1200	0	-288.67	-0.94257605	2.000681108	7.670902528
3500	1200	0	-288.67	-1.402381861	1.752926326	7.511818988
3600	1200	0	-286.62	-1.10469727	1.378159533	7.492555274
3700	1200	0	-286.62	-1.040364677	1.353037271	6.376732784
3800	1200	0	-286.62	-1.577433581	1.091745727	5.963434599
3900	1200	0	-284.93	-1.270898296	0.593482647	6.4575333
4000	1200	0	-284.93	0	0.05012745	6.154237159
0	1300	0	-270.32	0	-1.167670986	1.101471882
100	1300	0	-269.59	-0.506103298	-1.127338762	1.171112913
200	1300	0	-269.59	-0.52372775	-1.117346371	0.975900469
300	1300	0	-268.77	-0.489149113	-1.230921161	0.682245209
400	1300	0	-268.77	-0.471626017	-1.144119164	-0.459125775
500	1300	0	-268.77	-0.419002501	-1.236469043	-1.007516746
600	1300	0	-268.69	0.011944848	-1.32628913	-1.593825796
700	1300	0	-268.69	0.589888036	-1.403151361	-1.953979529
800	1300	0	-268.69	1.312797136	-1.382909594	-1.984982439
900	1300	0	-270.83	1.639628515	-1.021710671	-2.060561641
1000	1300	0	-270.83	1.715136442	-0.767053238	-1.070007213
1100	1300	0	-270.83	2.094659484	-1.062868383	0.357303415
1200	1300	0	-273.96	2.20016576	-0.847613078	1.277813351
1300	1300	0	-273.96	1.968640049	-0.25494521	1.675877623
1400	1300	0	-273.96	1.954279969	-0.190898644	2.471640054
1500	1300	0	-276.63	1.843467728	-0.189671002	3.240268184
1600	1300	0	-276.63	1.682081658	0.151986281	3.748404802
1700	1300	0	-276.63	1.791416055	0.212971779	4.112772645
1800	1300	0	-279.06	1.817957794	0.160277866	4.367747886
1900	1300	0	-279.06	1.549296976	0.302973876	4.553956218
2000	1300	0	-279.06	1.583875443	0.48228981	4.852252125
2100	1300	0	-281.25	1.984941097	0.502427489	5.026655095
2200	1300	0	-281.25	2.11584452	0.614815289	4.911314738
2300	1300	0	-284.09	1.836899515	0.819585894	4.952030203
2400	1300	0	-284.09	1.873121792	0.883661979	5.529663189
2500	1300	0	-284.09	2.297577365	1.105160207	5.822676599
2600	1300	0	-287.31	2.243858085	1.604622071	5.782197049
2700	1300	0	-287.31	1.888424893	1.973089888	6.490005457
2800	1300	0	-287.31	1.810815856	1.802616805	7.411788289
2900	1300	0	-289.81	1.550228864	1.960315413	7.842801195
3000	1300	0	-289.81	1.022640228	2.307666429	8.852693337
3100	1300	0	-289.81	0.595321432	2.208872753	9.244907996
3200	1300	0	-290.39	0.057949553	2.033426047	9.160078288
3300	1300	0	-290.39	-0.483212076	1.777324795	8.993156205
3400	1300	0	-290.39	-1.048166077	1.655552214	8.729634077
3500	1300	0	-288.77	-1.537570411	1.642278499	8.130257089
3600	1300	0	-288.77	-1.221605829	1.489625181	7.770139213
3700	1300	0	-288.77	-1.327767847	1.056229466	7.047973113
3800	1300	0	-286.52	-1.855563054	1.093895996	6.537872643
3900	1300	0	-286.52	-1.739479665	0.883159287	6.431915538
4000	1300	0	-284.89	0	0.427920606	6.698268568
0	1400	0	-269.37	0	-1.212820379	0.862116333
100	1400	0	-269.37	-0.358208903	-1.004238219	0.864694012
200	1400	0	-269.06	-0.497129024	-0.943545811	0.36628117
300	1400	0	-269.06	-0.484204138	-0.95884629	-0.07712865
400	1400	0	-269.06	-0.566801016	-1.06645421	-0.908939259
500	1400	0	-267.88	-0.560262976	-1.014667529	-1.783549848
600	1400	0	-267.88	-0.061730676	-1.079696777	-2.379629483
700	1400	0	-267.88	0.573860846	-1.077965712	-2.604916877
800	1400	0	-268.73	1.394735532	-1.135366961	-2.508494695
900	1400	0	-268.73	1.930181473	-1.03686767	-2.525516641
1000	1400	0	-271.5	1.818105826	-0.82257379	-1.969490359
1100	1400	0	-271.5	2.049847349	-0.878376225	-0.368903733
1200	1400	0	-271.5	2.623587739	-0.697505396	0.619788778
1300	1400	0	-274.91	2.451826866	-0.162066891	0.84114294
1400	1400	0	-274.91	2.012033433	0.188591842	1.781889344
1500	1400	0	-274.91	1.977057785	0.115052331	2.913656388
1600	1400	0	-277.84	1.968669534	0.376881443	3.594609021
1700	1400	0	-277.84	1.817397224	0.659492996	3.961645623
1800	1400	0	-277.84	1.840045839	0.635250915	4.205633498
1900	1400	0	-280.63	1.770913164	0.656800488	4.401647411
2000	1400	0	-280.63	1.679215653	0.897223815	4.605380799
2100	1400	0	-280.63	1.928236072	0.880680421	4.778114129
2200	1400	0	-283.33	2.111456484	0.743644837	4.855788887
2300	1400	0	-283.33	1.909554213	0.813490328	4.954601736
2400	1400	0	-283.33	2.041914195	1.020921528	5.352743433
2500	1400	0	-286.32	2.570170374	1.066129894	5.666929065
2600	1400	0	-286.32	2.640255464	1.208913863	5.71804091
2700	1400	0	-289.58	2.079898992	1.477807716	6.167949739
2800	1400	0	-289.58	1.798116387	1.528749676	7.444723527
2900	1400	0	-289.58	1.768721522	1.712756896	8.419737426
3000	1400	0	-291.37	1.193712707	2.024159911	9.456316547
3100	1400	0	-291.37	0.438103646	2.085703754	9.839448713
3200	1400	0	-291.37	-0.263373773	1.90484152	10.00450246
3300	1400	0	-290.38	-0.787424331	1.703343478	9.875281841
3400	1400	0	-290.38	-1.077622346	1.364055396	9.608243502
3500	1400	0	-290.38	-1.568308893	1.337944271	9.056954595
3600	1400	0	-288.01	-1.690746303	1.388749883	8.273554558
3700	1400	0	-288.01	-1.436093862	0.647890225	7.659728942
3800	1400	0	-288.01	-1.750503761	0.773339644	7.225357914
3900	1400	0	-285.72	-1.936873686	0.966665948	6.503164572
4000	1400	0	-285.72	0	0.750345413	6.439851822
0	1500	0	-268.37	0	-0.549775082	0.831839655
100	1500	0	-268.37	-0.23682873	-0.529285397	0.76517872
200	1500	0	-268.37	-0.478335821	-0.483889518	0.449928573
300	1500	0	-267.54	-0.612057513	-0.410839588	-0.370816927
400	1500	0	-267.54	-0.527447256	-0.617603706	-1.10371
500	1500	0	-267.54	-0.432245068	-0.417678481	-1.711899272
600	1500	0	-267.05	-0.051353335	-0.326743239	-2.472117048
700	1500	0	-267.05	0.534217851	-0.21962495	-2.707062457
800	1500	0	-267.05	1.353895178	-0.278617022	-2.572875801
900	1500	0	-269.32	1.952421687	-0.449456714	-2.336230255
1000	1500	0	-269.32	1.873627887	-0.375915257	-1.833986093
1100	1500	0	-269.32	2.219727877	-0.192583809	-0.715604836
1200	1500	0	-273.01	2.916475094	-0.273254308	0.287085099
1300	1500	0	-273.01	2.854737286	-0.174586531	0.669779767
1400	1500	0	-276.42	2.231399191	0.047437805	1.20906859
1500	1500	0	-276.42	2.031757328	0.116865219	2.343858629
1600	1500	0	-276.42	2.226522324	0.31110767	3.135216591
1700	1500	0	-279.29	2.049785527	0.489370056	3.596754631
1800	1500	0	-279.29	1.815265286	0.636970954	3.826129839
1900	1500	0	-279.29	1.811269875	0.578723324	3.970481469
2000	1500	0	-281.92	1.807755375	0.626290396	4.173310837
2100	1500	0	-281.92	1.831362119	0.726709515	4.353442763
2200	1500	0	-281.92	2.048654428	0.604171729	4.492405991
2300	1500	0	-285.01	2.114176206	0.592647483	4.7281202
2400	1500	0	-285.01	2.125761358	0.915664764	5.069221898
2500	1500	0	-285.01	2.4855697	0.903828596	5.433959912
2600	1500	0	-288.5	2.655535908	0.71627494	5.808585241
2700	1500	0	-288.5	2.208260706	0.837290174	6.318859161
2800	1500	0	-288.5	2.045765035	1.162098516	7.305063047
2900	1500	0	-291.85	2.045639099	1.217797201	8.344827783
3000	1500	0	-291.85	1.395587086	1.364356381	9.17160326
3100	1500	0	-292.61	0.476003041	1.538951026	9.504338534
3200	1500	0	-292.61	-0.324410723	1.483973784	10.00679864
3300	1500	0	-292.61	-1.0239982	1.476475347	10.04405065
3400	1500	0	-290.67	-1.413565283	1.384843093	9.662338422
3500	1500	0	-290.67	-1.512875924	0.957355022	9.105173007
3600	1500	0	-290.67	-1.911659876	1.017480898	8.60476403
3700	1500	0	-287.76	-1.943178085	0.874144894	7.696101863
3800	1500	0	-287.76	-1.536787331	0.425651806	7.063748175
3900	1500	0	-287.76	-1.762473896	0.618052071	6.710792676
4000	1500	0	-285.5	0	0.872699617	6.053578904
0	1600	0	-268.65	0	0.573946759	0.718298232
100	1600	0	-268.32	-0.292323339	0.52145411	0.605753424
200	1600	0	-268.32	-0.378683214	0.438792537	0.56141456
300	1600	0	-268.32	-0.617918327	0.547719804	-0.113676863
400	1600	0	-267.33	-0.57363991	0.570135052	-1.095702081
500	1600	0	-267.33	-0.26940251	0.611318307	-1.397802591
600	1600	0	-267.33	0.136322855	0.734099199	-1.972961755
700	1600	0	-267.84	0.621987064	0.842634192	-2.188061427
800	1600	0	-267.84	1.164903768	0.951039386	-2.017718015
900	1600	0	-267.84	1.832883237	0.677114179	-1.68286941
1000	1600	0	-270.87	2.07497873	0.538178252	-0.887153952
1100	1600	0	-270.87	2.152508299	0.813427293	-0.001546666
1200	1600	0	-270.87	2.641585016	0.515643167	0.821902912
1300	1600	0	-274.68	2.772518978	0.116026295	1.515154985
1400	1600	0	-274.68	2.303485183	0.080144195	2.018833982
1500	1600	0	-274.68	2.240727651	0.310598818	2.65889332
1600	1600	0	-277.83	2.341174371	0.353798778	3.157053312
1700	1600	0	-277.83	2.143260509	0.112321904	3.667980003
1800	1600	0	-280.59	1.929399107	0.169503284	3.900278326
1900	1600	0	-280.59	1.760232605	0.316983795	3.940154032
2000	1600	0	-280.59	1.827201844	0.274532515	4.191419397
2100	1600	0	-283.3	1.906117405	0.277212506	4.41263692
2200	1600	0	-283.3	1.977394451	0.381866997	4.499520074
2300	1600	0	-283.3	2.221047249	0.331552864	4.904842805
2400	1600	0	-286.73	2.353095309	0.440387085	5.455863549
2500	1600	0	-286.73	2.370780549	0.632679262	5.940695686
2600	1600	0	-286.73	2.573717042	0.461989108	6.432437547
2700	1600	0	-290.48	2.525722568	0.420421654	7.205461182
2800	1600	0	-290.48	2.178623414	0.869438985	8.017118082
2900	1600	0	-290.48	1.970979388	0.801884331	8.798857133
3000	1600	0	-292.97	1.514866532	0.651699477	9.538009498
3100	1600	0	-292.97	0.557721049	0.805706886	9.913845719
3200	1600	0	-292.54	-0.325849452	0.869374213	10.33095704
3300	1600	0	-292.54	-0.886555022	0.834111601	10.39773671
3400	1600	0	-292.54	-1.596742671	1.132035488	9.723532519
3500	1600	0	-289.89	-1.935671088	0.87066132	8.914560094
3600	1600	0	-289.89	-1.773956432	0.349441609	8.898225863
3700	1600	0	-289.89	-2.027922953	0.566342902	7.600776709
3800	1600	0	-287.02	-2.006596583	0.646349488	6.459833203
3900	1600	0	-287.02	-1.489825876	0.020649141	6.803347425
4000	1600	0	-287.02	0	0.425962783	5.846615383
0	1700	0	-268.95	0	1.551283475	0.568347123
100	1700	0	-268.95	-0.371982953	1.522438982	0.535206105
200	1700	0	-268.53	-0.452070128	1.455171594	0.619310057
300	1700	0	-268.53	-0.480714997	1.337140061	0.179693011
400	1700	0	-268.53	-0.463848753	1.579463574	-0.72260191
500	1700	0	-267.97	-0.268280921	1.576632653	-0.890456264
600	1700	0	-267.97	0.17996255	1.604677723	-1.36053795
700	1700	0	-267.97	0.751158038	1.614002559	-1.474912339
800	1700	0	-269.45	1.188375165	1.627063921	-1.211833154
900	1700	0	-269.45	1.539560553	1.640069951	-1.007999169
1000	1700	0	-269.45	2.009941001	1.324733084	-0.084812334
1100	1700	0	-272.63	2.197192791	1.24088074	0.979603209
1200	1700	0	-272.63	2.219074096	1.229084259	1.717513868
1300	1700	0	-272.63	2.419238314	0.788465414	2.300557652
1400	1700	0	-276.04	2.425971713	0.514458461	2.88299558
1500	1700	0	-276.04	2.305411912	0.645085547	3.204865465
1600	1700	0	-278.29	2.02824541	0.414900364	3.367869078
1700	1700	0	-278.29	1.865490033	0.097716163	3.953450993
1800	1700	0	-278.29	2.019927177	0.073482362	4.217999255
1900	1700	0	-280.72	1.916299107	0.304362924	4.121269102
2000	1700	0	-280.72	1.767984086	0.436474971	4.35876446
2100	1700	0	-280.72	1.938696601	0.287645589	4.630911635
2200	1700	0	-283.65	2.102994786	0.40118169	4.627457623
2300	1700	0	-283.65	2.172696294	0.596466634	5.116291868
2400	1700	0	-283.65	2.426887755	0.503040913	5.957858267
2500	1700	0	-287.55	2.507171723	0.457419586	6.630482802
2600	1700	0	-287.55	2.443278301	0.540993889	7.037562442
2700	1700	0	-287.55	2.615710583	0.329493932	8.01190816
2800	1700	0	-291.88	2.427227712	0.259117982	9.075510839
2900	1700	0	-291.88	1.827899591	0.341352189	9.832590989
3000	1700	0	-291.88	1.399409641	0.115307596	10.32178833
3100	1700	0	-293.85	0.693677777	-0.014750105	10.66242554
3200	1700	0	-293.85	-0.296006007	0.087031978	10.90935989
3300	1700	0	-292.53	-0.761336925	0.145578346	10.96796682
3400	1700	0	-292.53	-1.377015564	0.360178567	9.945650523
3500	1700	0	-292.53	-2.295469803	0.426981931	9.106916561
3600	1700	0	-289.43	-2.215978294	0.07906649	9.563000578
3700	1700	0	-289.43	-1.646270206	-0.306080434	7.845793943
3800	1700	0	-289.43	-2.082481092	0.456685401	6.314316371
3900	1700	0	-286.41	-1.982860601	0.150178906	7.178428677
4000	1700	0	-286.41	0	-0.24328325	6.107151325
0	1800	0	-270.76	0	1.769682869	1.030350924
100	1800	0	-270.36	-0.38843522	1.829935677	1.073260002
200	1800	0	-270.36	-0.563982136	1.847905627	1.034361194
300	1800	0	-269.44	-0.493626346	1.818938758	0.995736101
400	1800	0	-269.44	-0.334147317	1.959391134	-0.050373598
500	1800	0	-269.44	-0.244188361	1.950208688	-0.412848983
600	1800	0	-269.34	0.173692761	1.959497609	-0.665291859
700	1800	0	-269.34	0.644373261	2.013953987	-0.746251291
800	1800	0	-269.34	1.19097116	1.782512055	-0.545254575
900	1800	0	-271.31	1.5305524	1.817355295	-0.546086149
1000	1800	0	-271.31	1.67578952	1.778776368	0.377825147
1100	1800	0	-271.31	2.056859473	1.330978659	1.582835798
1200	1800	0	-274.5	2.18916969	1.294134992	2.32705004
1300	1800	0	-274.5	2.05789318	1.30166737	2.626098292
1400	1800	0	-274.5	2.160105316	0.966885235	3.195170453
1500	1800	0	-277.48	2.141169554	0.715396006	3.549389256
1600	1800	0	-277.48	1.793804988	0.527741564	3.624199811
1700	1800	0	-277.48	1.801842507	0.474542696	4.128634092
1800	1800	0	-280.23	2.136045868	0.349424741	4.478058248
1900	1800	0	-280.23	2.123225214	0.343029688	4.398457481
2000	1800	0	-282.92	1.810484509	0.388335822	4.39524036
2100	1800	0	-282.92	1.870824123	0.288377256	4.77489102
2200	1800	0	-282.92	2.286215496	0.310208629	4.838769019
2300	1800	0	-286.03	2.322906473	0.535984946	4.937313173
2400	1800	0	-286.03	2.214048261	0.59182026	5.688738434
2500	1800	0	-286.03	2.408733525	0.220188636	6.434206719
2600	1800	0	-289.6	2.445791388	0.191642422	6.739978837
2700	1800	0	-289.6	2.243846661	0.166813427	7.900152439
2800	1800	0	-289.6	2.190481672	-0.349232014	9.400313404
2900	1800	0	-292.57	1.827169001	-0.428631087	10.40286231
3000	1800	0	-292.57	1.158764238	-0.43342769	10.74383707
3100	1800	0	-292.57	0.529445431	-0.695500353	11.13589244
3200	1800	0	-292.93	-0.165521001	-0.733242149	11.32240975
3300	1800	0	-292.93	-0.613408433	-0.645782418	11.32300581
3400	1800	0	-292.93	-1.315339086	-0.668212494	10.36170081
3500	1800	0	-290.67	-2.216783165	-0.352007231	9.298133377
3600	1800	0	-290.67	-2.507018798	-0.204603448	9.709263923
3700	1800	0	-287.74	-1.650304042	-0.3850187	8.682005827
3800	1800	0	-287.74	-1.550337242	0.02076305	6.499949705
3900	1800	0	-287.74	-2.189794526	0.186177032	6.605848721
4000	1800	0	-285.66	0	-0.111516681	6.790187429
0	1900	0	-271.09	0	1.48791355	1.753582384
100	1900	0	-271.09	-0.293760194	1.594604846	1.846751509
200	1900	0	-270.74	-0.463067047	1.68294045	1.601041046
300	1900	0	-270.74	-0.36922949	1.810293165	1.662687816
400	1900	0	-270.74	-0.332578823	1.852068067	0.819342898
500	1900	0	-270.05	-0.268174446	1.930557718	0.248680098
600	1900	0	-270.05	0.24370785	1.921840526	0.103939225
700	1900	0	-270.93	0.574172483	1.914382297	0.040318524
800	1900	0	-270.93	0.991776473	1.735148486	0.387796008
900	1900	0	-270.93	1.535824866	1.604730595	0.405572183
1000	1900	0	-273.32	1.523564364	1.515446493	0.729833221
1100	1900	0	-273.32	1.712551415	1.194813511	1.866243439
1200	1900	0	-273.32	2.189762807	1.024584586	2.456180248
1300	1900	0	-276.2	2.091988558	1.126289571	2.454814251
1400	1900	0	-276.2	1.839700349	1.161507206	2.993464655
1500	1900	0	-276.2	1.866268241	0.865410654	3.433989132
1600	1900	0	-278.83	1.787392101	0.66537742	3.467789778
1700	1900	0	-278.83	1.687173209	0.756869053	3.909771537
1800	1900	0	-278.83	1.888414168	0.533460257	4.406749574
1900	1900	0	-281.4	1.955210188	0.213397647	4.534722469
2000	1900	0	-281.4	1.713331654	0.097117032	4.494013597
2100	1900	0	-281.4	1.860569408	0.081600367	4.842382886
2200	1900	0	-284.2	2.350602476	-0.093002186	5.003341151
2300	1900	0	-284.2	2.454307924	-0.207102955	4.852620103
2400	1900	0	-287.41	2.111091445	-0.277027019	5.286126725
2500	1900	0	-287.41	2.106993885	-0.554706343	6.307892873
2600	1900	0	-287.41	2.389903092	-0.727244952	6.840256074
2700	1900	0	-290.76	2.074836148	-0.795174359	7.542026536
2800	1900	0	-290.76	1.831783197	-1.055474422	9.051329635
2900	1900	0	-290.76	1.743703915	-1.086476199	10.01654225
3000	1900	0	-292.58	1.132540375	-1.139247218	10.25520078
3100	1900	0	-292.58	0.393863318	-1.232889005	10.82065504
3200	1900	0	-292.58	-0.246288072	-1.288173885	11.12658328
3300	1900	0	-291.84	-0.69630727	-1.257674268	11.13131624
3400	1900	0	-291.84	-1.083240377	-1.493173163	10.30120788
3500	1900	0	-291.84	-1.831860757	-1.096694484	9.343244533
3600	1900	0	-289.25	-2.248989763	-0.548031432	9.640936673
3700	1900	0	-289.25	-1.420903707	-0.360145815	8.407071378
3800	1900	0	-289.25	-1.51128536	-0.51986406	6.527348193
3900	1900	0	-286.71	-2.115140332	-0.003736212	5.864385158
4000	1900	0	-286.71	0	0.010563567	6.536122385
0	2000	0	-271.92	0	1.403050897	2.092351408
100	2000	0	-271.92	-0.19340832	1.368561512	2.295125372
200	2000	0	-271.92	-0.348293817	1.463667626	2.018190657
300	2000	0	-271.39	-0.324498729	1.62896941	2.071585142
400	2000	0	-271.39	-0.213882764	1.625526231	1.261850775
500	2000	0	-271.39	-0.174415902	1.801505147	0.775809394
600	2000	0	-271.14	0.157517341	1.850092088	0.732390798
700	2000	0	-271.14	0.457681222	1.805399996	0.772139374
800	2000	0	-271.14	0.881319458	1.749792649	1.097305814
900	2000	0	-272.64	1.310850406	1.490994459	1.248374911
1000	2000	0	-272.64	1.265872435	1.279581621	1.30351941
1100	2000	0	-272.64	1.565997567	1.168660868	2.086870267
1200	2000	0	-275.13	2.12064575	0.853197463	2.686713578
1300	2000	0	-275.13	2.194815801	0.698446771	2.751055414
1400	2000	0	-277.59	1.899226399	0.795695723	2.851691118
1500	2000	0	-277.59	1.645039767	0.853078928	3.255812697
1600	2000	0	-277.59	1.685263387	0.64017553	3.447519358
1700	2000	0	-280.1	1.669925345	0.53565788	3.577409758
1800	2000	0	-280.1	1.592574463	0.481224373	3.966716543
1900	2000	0	-280.1	1.686881989	0.165445145	4.229356493
2000	2000	0	-282.52	1.678687228	-0.044612632	4.201890509
2100	2000	0	-282.52	1.680704905	0.027843855	4.513628511
2200	2000	0	-282.52	1.997512174	-0.245727468	4.779095016
2300	2000	0	-285.25	2.13888164	-0.669355808	4.718998797
2400	2000	0	-285.25	1.866444873	-0.891736064	5.24317867
2500	2000	0	-285.25	1.958515592	-0.99047481	6.3631814
2600	2000	0	-288.31	2.205323372	-1.285031847	7.279579263
2700	2000	0	-288.31	1.915617191	-1.467923585	7.924220976
2800	2000	0	-288.31	1.899179831	-1.433636988	8.772181785
2900	2000	0	-291.03	1.743396206	-1.455378154	9.512720757
3000	2000	0	-291.03	1.012351432	-1.749828592	9.977553711
3100	2000	0	-291.71	0.380518763	-1.829180253	10.30174482
3200	2000	0	-291.71	-0.190306263	-1.805905238	10.48223821
3300	2000	0	-291.71	-0.81840771	-1.63651163	10.41812663
3400	2000	0	-290.11	-1.154359302	-1.664120177	10.14405781
3500	2000	0	-290.11	-1.271641434	-1.716201994	9.13601594
3600	2000	0	-290.11	-1.770470128	-1.078991106	8.66081271
3700	2000	0	-287.68	-1.62213667	-0.564515789	8.319502259
3800	2000	0	-287.68	-1.19392764	-1.120436446	6.734217498
3900	2000	0	-287.68	-1.659366899	-0.451044939	5.732844728
4000	2000	0	-285.64	0	-0.001254585	6.564380357
0	2100	0	-272.44	0	1.509286367	2.195435212
100	2100	0	-272.14	-0.233143465	1.529117124	2.381420721
200	2100	0	-272.14	-0.202659149	1.489723918	2.00362626
300	2100	0	-272.14	-0.207370885	1.68318617	1.899110877
400	2100	0	-271.98	-0.160043087	1.636777338	1.544143453
500	2100	0	-271.98	-0.043608588	1.688658757	1.113493307
600	2100	0	-271.98	0.2476027	1.785475763	0.96339104
700	2100	0	-272.58	0.473873044	1.752352779	0.902157737
800	2100	0	-272.58	0.677370935	1.80037245	1.158779077
900	2100	0	-272.58	1.065613837	1.527884046	1.360891424
1000	2100	0	-274.17	1.201230773	1.309383483	1.336612653
1100	2100	0	-274.17	1.286167258	1.366774838	1.989570024
1200	2100	0	-274.17	1.719548711	0.950646741	2.730876642
1300	2100	0	-276.5	2.034486818	0.480357426	3.144404815
1400	2100	0	-276.5	1.994332506	0.289987132	3.145843677
1500	2100	0	-278.8	1.710748048	0.322592237	3.127422211
1600	2100	0	-278.8	1.469971052	0.304207964	3.414343791
1700	2100	0	-278.8	1.528222052	0.011710051	3.598381592
1800	2100	0	-281.04	1.518201434	-0.081618085	3.706708756
1900	2100	0	-281.04	1.429373183	-0.16277708	4.080561354
2000	2100	0	-281.04	1.575730364	-0.44484963	4.285183541
2100	2100	0	-283.38	1.659454573	-0.438389165	4.401579632
2200	2100	0	-283.38	1.653402813	-0.395469646	4.766950217
2300	2100	0	-283.38	1.808299328	-0.699177737	4.986302652
2400	2100	0	-285.95	1.789972443	-0.938077343	5.271855118
2500	2100	0	-285.95	1.713698102	-0.886669436	6.180592923
2600	2100	0	-285.95	1.912454317	-1.241141206	7.26936776
2700	2100	0	-288.72	1.926231006	-1.600358066	8.102543059
2800	2100	0	-288.72	1.844328629	-1.644659243	8.465884158
2900	2100	0	-290.66	1.427512311	-2.050577328	8.949408089
3000	2100	0	-290.66	0.758738275	-2.363035608	9.778252892
3100	2100	0	-290.66	0.337786672	-2.339334865	10.09345268
3200	2100	0	-290.6	-0.05361945	-2.248206806	10.06835849
3300	2100	0	-290.6	-0.554522209	-2.06913451	9.671267362
3400	2100	0	-290.6	-1.162930741	-1.792896658	9.417187003
3500	2100	0	-288.84	-1.246731685	-1.765740559	9.106603851
3600	2100	0	-288.84	-1.097303557	-1.707683922	7.954270196
3700	2100	0	-288.84	-1.462349048	-0.903865243	7.412313495
3800	2100	0	-286.88	-1.397814511	-0.998822708	7.171373448
3900	2100	0	-286.88	-0.99595847	-1.162166325	5.899421185
4000	2100	0	-286.88	0	-0.503650984	5.817773486
0	2200	0	-273.47	0	1.509247728	2.541401594
100	2200	0	-273.47	-0.212970768	1.63830027	2.608606053
200	2200	0	-273.15	-0.19422477	1.660846482	2.524457176
300	2200	0	-273.15	-0.177445309	1.728210978	2.262234353
400	2200	0	-273.15	-0.208410178	1.596250573	2.170828907
500	2200	0	-272.96	-0.025717478	1.604030681	2.031898865
600	2200	0	-272.96	0.221211362	1.702718011	1.833211059
700	2200	0	-272.96	0.472577909	1.616945066	1.776580527
800	2200	0	-273.67	0.656850725	1.612746474	1.838859427
900	2200	0	-273.67	0.81986144	1.642748211	2.150942543
1000	2200	0	-273.67	1.104763228	1.392619198	2.252290586
1100	2200	0	-275.41	1.207260824	1.27004917	2.442112226
1200	2200	0	-275.41	1.234228337	1.137123144	3.114202719
1300	2200	0	-275.41	1.534156192	0.649801189	3.719740377
1400	2200	0	-277.44	1.741461209	0.146993642	3.915035562
1500	2200	0	-277.44	1.659260599	-0.177206912	3.787891584
1600	2200	0	-279.55	1.374381201	-0.337736298	3.906770409
1700	2200	0	-279.55	1.284099295	-0.54674292	4.267512524
1800	2200	0	-279.55	1.418087332	-0.670141938	4.320991251
1900	2200	0	-281.44	1.323650443	-0.732958411	4.536249334
2000	2200	0	-281.44	1.403075143	-0.877031381	4.963554397
2100	2200	0	-281.44	1.73008489	-0.889950309	5.060869185
2200	2200	0	-283.71	1.736723602	-0.715954947	5.082867525
2300	2200	0	-283.71	1.596273943	-0.587844219	5.397603076
2400	2200	0	-283.71	1.678953175	-0.813490224	5.663568274
2500	2200	0	-286.19	1.655451728	-0.953972232	5.986197179
2600	2200	0	-286.19	1.491634742	-1.033023452	6.794870399
2700	2200	0	-286.19	1.512099154	-1.434038827	7.47670322
2800	2200	0	-288.01	1.448960569	-1.795703549	7.693515886
2900	2200	0	-288.01	1.025019841	-2.152206448	8.362665409
3000	2200	0	-288.01	0.723593895	-2.277429709	9.116033252
3100	2200	0	-289.17	0.495347565	-2.338956354	9.335731067
3200	2200	0	-289.17	0.079894092	-2.287702907	9.258064482
3300	2200	0	-289.17	-0.363097562	-2.20418668	8.881429756
3400	2200	0	-288.63	-0.850965351	-1.944897383	8.296753529
3500	2200	0	-288.63	-1.186428698	-1.675145931	8.089221619
3600	2200	0	-287.15	-0.908594813	-1.581481494	7.786495197
3700	2200	0	-287.15	-0.913275456	-1.197572508	6.604100974
3800	2200	0	-287.15	-1.452228722	-0.994283619	6.441663644
3900	2200	0	-285.56	-1.164195175	-1.063362866	6.422829508
4000	2200	0	-285.56	0	-1.226232253	5.663421943
0	2300	0	-274.1	0	1.262854569	2.992615981
100	2300	0	-274.1	-0.081544711	1.326586343	2.995267511
200	2300	0	-274.1	-0.112748441	1.43061924	2.971400421
300	2300	0	-274.1	-0.271966793	1.441806477	2.821078731
400	2300	0	-273.54	-0.284223384	1.481804579	2.798053408
500	2300	0	-273.54	0.06285885	1.511944759	2.800127906
600	2300	0	-273.86	0.260517085	1.546262763	2.680680173
700	2300	0	-273.86	0.383901507	1.563848127	2.764396145
800	2300	0	-273.86	0.70317408	1.410057831	2.855146401
900	2300	0	-275.08	0.845486562	1.394031134	2.848416033
1000	2300	0	-275.08	0.828531732	1.350644373	3.080710225
1100	2300	0	-275.08	1.030671203	1.018982455	3.256518102
1200	2300	0	-276.56	1.09930073	0.926661681	3.454119815
1300	2300	0	-276.56	1.044357315	0.869543946	3.977045201
1400	2300	0	-276.56	1.167324406	0.467443713	4.296529438
1500	2300	0	-277.85	1.226018108	0.055817028	4.320730226
1600	2300	0	-277.85	1.100435044	-0.134473375	4.621409273
1700	2300	0	-277.85	1.195816412	-0.208028137	4.933458422
1800	2300	0	-279.71	1.331985943	-0.369603228	4.958028612
1900	2300	0	-279.71	1.22248374	-0.442179718	5.271139309
2000	2300	0	-279.71	1.418738466	-0.501444659	5.637661913
2100	2300	0	-281.89	1.820531006	-0.700414857	5.744242371
2200	2300	0	-281.89	1.955508902	-0.808409059	5.561403849
2300	2300	0	-284.38	1.710764052	-0.765269238	5.443146519
2400	2300	0	-284.38	1.42384443	-0.815881115	5.774848953
2500	2300	0	-284.38	1.494164874	-1.182244421	6.033748065
2600	2300	0	-286.57	1.432387723	-1.325431798	6.238327387
2700	2300	0	-286.57	1.163550909	-1.377225391	6.775681665
2800	2300	0	-286.57	1.126161008	-1.74724875	7.095521556
2900	2300	0	-288.1	0.94578615	-1.994331658	7.327026724
3000	2300	0	-288.1	0.571988369	-1.978526083	7.846310324
3100	2300	0	-288.1	0.327513475	-2.177600471	8.09836851
3200	2300	0	-288.32	0.081150224	-2.247612159	8.042587024
3300	2300	0	-288.32	-0.211716685	-2.257219381	7.79603462
3400	2300	0	-288.32	-0.633889991	-2.06967681	7.356645405
3500	2300	0	-287.38	-0.883315796	-1.75188215	6.935686788
3600	2300	0	-287.38	-0.619730133	-1.545896316	6.943417336
3700	2300	0	-287.38	-0.875151174	-1.523434383	6.250215535
3800	2300	0	-285.99	-1.26360487	-1.167969345	5.766688353
3900	2300	0	-285.99	-1.227907104	-1.015482445	5.878684251
4000	2300	0	-284.8	0	-1.069549451	6.079574312
0	2400	0	-274.74	0	0.875529102	2.914180943
100	2400	0	-274.74	-0.045206098	0.886749726	2.867830437
200	2400	0	-274.68	-0.079004636	0.917232472	2.872681036
300	2400	0	-274.68	-0.12625997	0.899344792	2.744754359
400	2400	0	-274.68	-0.138271896	1.110065225	2.725100831
500	2400	0	-274.55	0.038740705	1.178746221	2.820643833
600	2400	0	-274.55	0.273114731	1.139647495	2.798972171
700	2400	0	-275.01	0.336372977	1.103217562	2.831412735
800	2400	0	-275.01	0.487033732	0.983792425	3.213375175
900	2400	0	-275.01	0.760447982	0.839702176	3.281818139
1000	2400	0	-276.07	0.72971455	0.74006792	3.332042715
1100	2400	0	-276.07	0.783278132	0.554052384	3.773757896
1200	2400	0	-276.07	1.084789828	0.465646956	3.921233809
1300	2400	0	-277.55	1.074938225	0.539836913	3.97374948
1400	2400	0	-277.55	0.927734291	0.576879953	4.303047827
1500	2400	0	-277.55	1.057343511	0.348529107	4.487508083
1600	2400	0	-279.09	1.110536036	0.296934124	4.551731144
1700	2400	0	-279.09	1.048969443	0.411754448	4.850166057
1800	2400	0	-279.09	1.183935751	0.162355081	5.126425101
1900	2400	0	-280.84	1.191809012	-0.004254962	5.361079282
2000	2400	0	-280.84	1.144840003	-0.030071569	5.483102764
2100	2400	0	-280.84	1.42312049	-0.423998855	5.606183387
2200	2400	0	-282.65	1.671869221	-0.831910552	5.538364036
2300	2400	0	-282.65	1.588801887	-1.143292439	5.309166557
2400	2400	0	-284.46	1.261977991	-1.383365187	5.403853108
2500	2400	0	-284.46	1.145901045	-1.620781561	5.86152738
2600	2400	0	-284.46	1.296653773	-1.829264416	5.999386319
2700	2400	0	-286.26	1.090282202	-1.970931729	6.050724521
2800	2400	0	-286.26	0.831854302	-2.178725999	6.450168873
2900	2400	0	-286.26	0.793742507	-2.344786798	6.600880895
3000	2400	0	-287.14	0.540325082	-2.405962998	6.656573876
3100	2400	0	-287.14	0.226261489	-2.485363264	6.866464319
3200	2400	0	-287.14	0.000275182	-2.455296173	6.931004794
3300	2400	0	-286.92	-0.185162213	-2.416903209	6.868842975
3400	2400	0	-286.92	-0.34562812	-2.391850003	6.564644878
3500	2400	0	-286.92	-0.662648203	-2.035386358	6.329057604
3600	2400	0	-286	-0.680147047	-1.817222885	6.522886366
3700	2400	0	-286	-0.535348486	-2.059605367	5.997997246
3800	2400	0	-286	-0.944276783	-1.494403378	5.570719216
3900	2400	0	-284.87	-1.065775281	-1.306727824	5.529495564
4000	2400	0	-284.87	0	-1.216509949	5.849057604
0	2500	0	-274.98	0	0.480197131	3.37240592
100	2500	0	-274.98	-0.039841341	0.47849355	3.228095007
200	2500	0	-274.98	-0.100153376	0.443521371	3.241131127
300	2500	0	-274.85	-0.07913404	0.495291022	3.248483134
400	2500	0	-274.85	-0.004821955	0.596156573	3.195521077
500	2500	0	-274.85	0.09244112	0.714267403	3.241204067
600	2500	0	-274.97	0.184988426	0.75059614	3.2672942
700	2500	0	-274.97	0.228046437	0.704074657	3.27459639
800	2500	0	-274.97	0.439658694	0.649806256	3.494611867
900	2500	0	-275.66	0.601762057	0.547509335	3.669949684
1000	2500	0	-275.66	0.54288194	0.448238205	3.710662133
1100	2500	0	-275.66	0.756250239	0.367609827	3.997923419
1200	2500	0	-276.76	1.085085259	0.231419087	4.23859242
1300	2500	0	-276.76	1.155590313	0.184726783	4.20310894
1400	2500	0	-278.15	0.9760166	0.128709275	4.211502292
1500	2500	0	-278.15	0.946072279	0.053161504	4.557856008
1600	2500	0	-278.15	1.163660384	0.078249372	4.593655592
1700	2500	0	-279.83	1.061237369	0.085608839	4.535096529
1800	2500	0	-279.83	0.915976532	-0.105104825	4.827641358
1900	2500	0	-279.83	1.03005709	-0.347970298	4.977497104
2000	2500	0	-281.3	0.998994573	-0.486569436	4.953657523
2100	2500	0	-281.3	1.018692023	-0.673128643	5.220076028
2200	2500	0	-281.3	1.236215318	-0.901318353	5.280696064
2300	2500	0	-282.84	1.159309417	-1.273113874	5.161701649
2400	2500	0	-282.84	0.946355308	-1.64802026	5.47213892
2500	2500	0	-282.84	1.048265645	-1.687700839	5.884426042
2600	2500	0	-284.25	1.082237555	-1.823385782	6.067893457
2700	2500	0	-284.25	0.814089327	-2.001970173	6.079576437
2800	2500	0	-284.25	0.752305939	-2.107698834	6.294694606
2900	2500	0	-285.36	0.718549151	-2.280207217	6.418632079
3000	2500	0	-285.36	0.431411903	-2.380828512	6.415195449
3100	2500	0	-285.36	0.278180299	-2.356044195	6.528319114
3200	2500	0	-285.75	0.149610279	-2.305922765	6.577678648
3300	2500	0	-285.75	-0.148270516	-2.118266412	6.564695033
3400	2500	0	-285.3	-0.25237314	-1.978773571	6.539505641
3500	2500	0	-285.3	-0.308688678	-1.780039491	6.243454192
3600	2500	0	-285.3	-0.643949142	-1.459381448	6.220007801
3700	2500	0	-284.41	-0.552331667	-1.402557036	6.334840926
3800	2500	0	-284.41	-0.510727327	-1.202047949	5.729141217
3900	2500	0	-284.41	-0.950013675	-1.227475877	5.699861767
4000	2500	0	-283.52	0	-1.068166231	6.238424638
0	2600	0	-275.16	0	0.301228121	4.238817913
100	2600	0	-275.16	-0.081881858	0.298402263	4.177157427
200	2600	0	-275.02	-0.062207164	0.335859373	4.210390356
300	2600	0	-275.02	0.026375232	0.555865557	4.184438232
400	2600	0	-275.02	0.080704485	0.579056892	4.178883742
500	2600	0	-275.13	0.193180273	0.647080525	4.234418377
600	2600	0	-275.13	0.262921985	0.882721015	4.189574261
700	2600	0	-275.39	0.235583093	0.931997677	4.142695705
800	2600	0	-275.39	0.33046841	0.950567807	4.327484589
900	2600	0	-275.39	0.558879931	0.97943694	4.362770112
1000	2600	0	-276.1	0.549815041	0.949532552	4.278100814
1100	2600	0	-276.1	0.566459014	0.943387745	4.548327531
1200	2600	0	-276.1	0.901906784	0.640969009	4.790797526
1300	2600	0	-277.52	0.972228412	0.278450264	4.849058825
1400	2600	0	-277.52	0.796169013	-0.015115476	4.849544275
1500	2600	0	-277.52	1.006883608	-0.151299333	4.962951015
1600	2600	0	-279.13	1.142983371	-0.250859281	4.906434661
1700	2600	0	-279.13	0.865615245	-0.222105422	4.800856339
1800	2600	0	-279.13	0.750356614	-0.211949257	4.970756827
1900	2600	0	-279.99	0.810344401	-0.282089559	5.173942866
2000	2600	0	-279.99	0.819681659	-0.27340667	5.219020252
2100	2600	0	-279.99	1.008371574	-0.302848959	5.364536372
2200	2600	0	-281.6	1.07188399	-0.501893991	5.469890715
2300	2600	0	-281.6	0.84209998	-0.732663273	5.518605857
2400	2600	0	-281.6	0.847391027	-0.924575982	5.685261892
2500	2600	0	-282.81	0.970535523	-1.149826154	5.904502149
2600	2600	0	-282.81	0.982384438	-1.471719709	5.9651635
2700	2600	0	-283.93	0.805969151	-1.601393998	5.876627487
2800	2600	0	-283.93	0.553617258	-1.522259242	6.143024249
2900	2600	0	-283.93	0.52061283	-1.702565421	6.310619458
3000	2600	0	-284.51	0.464488103	-1.770631048	6.278343295
3100	2600	0	-284.51	0.301167235	-1.540729164	6.444771281
3200	2600	0	-284.51	0.238052965	-1.536414514	6.494437355
3300	2600	0	-284.82	0.141986981	-1.473701002	6.339402136
3400	2600	0	-284.82	-0.007401199	-1.211199851	6.247250524
3500	2600	0	-284.82	-0.14325608	-1.117400273	6.031283938
3600	2600	0	-284.65	-0.302664592	-0.973635492	5.715828259
3700	2600	0	-284.65	-0.278014987	-0.827131372	5.762039775
3800	2600	0	-284.65	-0.769195624	-0.798122689	5.530440764
3900	2600	0	-283.5	-0.931893562	-0.566359464	5.592714565
4000	2600	0	-283.5	0	-0.400986388	5.817445711
0	2700	0	-275.02	0	1.195781896	4.92937571
100	2700	0	-275.02	-0.005210089	1.175413228	4.812373123
200	2700	0	-275.02	0.157309918	1.236737733	4.786598793
300	2700	0	-275.31	0.164063479	1.222450787	4.621484102
400	2700	0	-275.31	0.086393014	1.08197047	4.620320725
500	2700	0	-275.31	0.396105243	1.00307739	4.590934536
600	2700	0	-275.96	0.469905578	0.982383301	4.383595247
700	2700	0	-275.96	0.295893228	1.084022537	4.296408502
800	2700	0	-275.96	0.487097957	1.090589532	4.348957324
900	2700	0	-276.74	0.600726802	0.954342439	4.351290422
1000	2700	0	-276.74	0.506832745	0.786751162	4.292985121
1100	2700	0	-277.22	0.447686697	0.786710836	4.355073491
1200	2700	0	-277.22	0.420147778	0.789386294	4.658720243
1300	2700	0	-277.22	0.499505827	0.453303747	4.814163716
1400	2700	0	-277.75	0.546267003	0.291221287	4.862833673
1500	2700	0	-277.75	0.710328475	0.311863668	5.090757131
1600	2700	0	-277.75	1.092854295	-0.003942116	5.049194038
1700	2700	0	-279.5	1.100147392	-0.191867327	4.754703537
1800	2700	0	-279.5	0.855992396	-0.09077613	4.838678607
1900	2700	0	-279.5	0.968599677	-0.15986896	4.867924992
2000	2700	0	-281	0.978235173	-0.200156805	4.701679038
2100	2700	0	-281	0.790204702	-0.116323339	4.882237934
2200	2700	0	-281	0.806401003	-0.357235257	5.158022351
2300	2700	0	-282.04	0.736627426	-0.514959209	5.358603722
2400	2700	0	-282.04	0.529192428	-0.450256549	5.47284699
2500	2700	0	-282.04	0.501121918	-0.636740343	5.706972795
2600	2700	0	-282.42	0.630669712	-0.827772106	6.00296821
2700	2700	0	-282.42	0.763549795	-0.828186022	5.995767689
2800	2700	0	-283.3	0.651134516	-0.730113469	5.940502854
2900	2700	0	-283.3	0.470177345	-0.62606982	6.098403781
3000	2700	0	-283.3	0.593248159	-0.74267397	6.075094227
3100	2700	0	-284.23	0.512396834	-0.832802742	5.88178031
3200	2700	0	-284.23	0.216638441	-0.946451024	5.894717822
3300	2700	0	-284.23	0.176944147	-1.071933285	5.849887785
3400	2700	0	-284.48	0.10392759	-1.109994419	5.662414097
3500	2700	0	-284.48	-0.071124319	-1.213783254	5.330001974
3600	2700	0	-284.48	-0.353680241	-1.145955523	5.185416826
3700	2700	0	-283.97	-0.376818864	-1.032446737	5.370164011
3800	2700	0	-283.97	-0.24995542	-1.163037606	4.996774306
3900	2700	0	-283.97	-0.552877374	-0.558796379	4.933017035
4000	2700	0	-283.41	0	-0.359238947	5.316588304
0	2800	0	-276.47	0	1.174284181	4.051206114
100	2800	0	-276.44	-0.040926021	1.137756212	4.01605086
200	2800	0	-276.44	-0.015169605	1.006802994	3.961673668
300	2800	0	-276.44	-0.128392031	0.83954761	3.961323369
400	2800	0	-276.21	-0.138668913	0.821919247	4.096517614
500	2800	0	-276.21	0.093593104	0.73205219	4.13879574
600	2800	0	-276.21	0.343867132	0.436126771	4.089641003
700	2800	0	-276.68	0.343789324	0.336049245	3.935398238
800	2800	0	-276.68	0.200788311	0.31158671	4.083761145
900	2800	0	-276.68	0.25504156	0.03580861	4.155361417
1000	2800	0	-276.91	0.382183439	-0.098479586	4.167634977
1100	2800	0	-276.91	0.569094147	-0.06680673	4.310148039
1200	2800	0	-277.67	0.568499695	0.016644199	4.363253923
1300	2800	0	-277.67	0.474063405	0.149295149	4.615524603
1400	2800	0	-277.67	0.654728935	0.087444725	4.64124509
1500	2800	0	-278.66	0.711720205	0.074959413	4.537581425
1600	2800	0	-278.66	0.639252376	0.028877517	4.656552415
1700	2800	0	-278.66	0.778781232	-0.354470339	4.629037569
1800	2800	0	-279.71	0.78235498	-0.498586359	4.560991309
1900	2800	0	-279.71	0.700963726	-0.444063421	4.736609086
2000	2800	0	-279.71	0.86322728	-0.6761311	4.754783021
2100	2800	0	-280.94	0.851293122	-0.76403337	4.642662872
2200	2800	0	-280.94	0.673248119	-0.657896261	4.825874778
2300	2800	0	-280.94	0.749078688	-0.768757731	4.909716103
2400	2800	0	-281.99	0.725609893	-0.767539729	4.823918461
2500	2800	0	-281.99	0.593019965	-0.552422679	5.023832388
2600	2800	0	-281.99	0.790938758	-0.53962948	5.096154113
2700	2800	0	-283.12	0.903627788	-0.610633038	4.899527648
2800	2800	0	-283.12	0.755733461	-0.554933282	4.946771488
2900	2800	0	-283.8	0.508052329	-0.539475868	4.888140745
3000	2800	0	-283.8	0.257755181	-0.57133024	4.900391516
3100	2800	0	-283.8	0.097390182	-0.577259888	5.075239213
3200	2800	0	-283.71	-0.001077579	-0.570184084	5.209624682
3300	2800	0	-283.71	-0.021556414	-0.5773249	5.239803796
3400	2800	0	-283.71	-0.149251168	-0.668803674	5.240123417
3500	2800	0	-283.45	-0.179217183	-0.691079626	5.235990219
3600	2800	0	-283.45	-0.121328075	-0.697996334	4.931599971
3700	2800	0	-283.45	-0.295097071	-0.443666689	4.889105933
3800	2800	0	-283.11	-0.295545266	-0.399771073	5.009819995
3900	2800	0	-283.11	-0.128094903	-0.582873751	4.725888037
4000	2800	0	-283.11	0	-0.227650476	4.727443633
0	2900	0	-276.4	0	0.517033644	4.16167343
100	2900	0	-276.4	-0.172691276	-0.001566044	3.866197221
200	2900	0	-276.23	-0.140898685	-0.004473653	3.988304023
300	2900	0	-276.23	-0.020820268	0.057573434	4.060506666
400	2900	0	-276.23	-0.021102405	0.199921277	4.08541038
500	2900	0	-276.21	0.010312767	0.264189839	4.153199338
600	2900	0	-276.21	0.073902632	0.385873079	4.364533129
700	2900	0	-276.21	0.171353167	0.214838971	4.400474857
800	2900	0	-276.42	0.186857322	0.198610833	4.407949109
900	2900	0	-276.42	0.190660507	0.324746493	4.62642899
1000	2900	0	-276.42	0.404217405	0.263847164	4.650989944
1100	2900	0	-276.96	0.562810481	0.131166112	4.543746689
1200	2900	0	-276.96	0.636249656	-0.029323266	4.592532084
1300	2900	0	-277.72	0.570306353	-0.134538602	4.432763764
1400	2900	0	-277.72	0.471931266	-0.172922262	4.355894835
1500	2900	0	-277.72	0.651761267	-0.150658837	4.304221111
1600	2900	0	-278.61	0.663424544	-0.080607722	4.099924275
1700	2900	0	-278.61	0.572683517	-0.011245898	4.148402939
1800	2900	0	-278.61	0.766399314	-0.202590616	4.455985815
1900	2900	0	-279.71	0.791054936	-0.206996099	4.642842347
2000	2900	0	-279.71	0.658265224	-0.017774992	5.042416432
2100	2900	0	-279.71	0.808439541	-0.161441338	5.150043079
2200	2900	0	-280.84	0.801676642	-0.164751917	5.07328429
2300	2900	0	-280.84	0.626983958	0.061231267	5.309123128
2400	2900	0	-280.84	0.745527479	-0.042436461	5.367405496
2500	2900	0	-281.87	0.729032167	-0.078999406	5.256723361
2600	2900	0	-281.87	0.572459352	0.028940219	5.46549193
2700	2900	0	-281.87	0.748245993	-0.24337972	5.479070591
2800	2900	0	-282.89	0.722291686	-0.477699654	5.262073954
2900	2900	0	-282.89	0.453780387	-0.521127623	5.380355702
3000	2900	0	-282.89	0.555464139	-0.54840517	5.374834707
3100	2900	0	-283.66	0.51354299	-0.614575044	5.126871661
3200	2900	0	-283.66	0.216573428	-0.590669644	5.157408697
3300	2900	0	-283.75	0.078324557	-0.571977699	5.152310717
3400	2900	0	-283.75	-0.009827136	-0.521153279	5.107956179
3500	2900	0	-283.75	-0.100316978	-0.385843426	4.977549642
3600	2900	0	-283.63	-0.106267304	-0.366424459	4.931356726
3700	2900	0	-283.63	-0.078593603	-0.464270662	4.644066189
3800	2900	0	-283.63	-0.389162482	-0.266905425	4.626360874
3900	2900	0	-283.19	-0.380756777	-0.2129587	4.924590017
4000	2900	0	-283.19	0	-0.519191507	4.661313785
0	3000	0	-276.83	0	0	4.54
100	3000	0	-276.26	-0.562433318	0	5.087432161
200	3000	0	-276.26	0.043969873	0	5.184703974
300	3000	0	-276.34	0.076002898	0	5.129188824
400	3000	0	-276.34	0.067947492	0	5.119468065
500	3000	0	-276.34	0.279544906	0	5.083489657
600	3000	0	-276.69	0.294516264	0	4.918445482
700	3000	0	-276.69	0.156527078	0	5.048315614
800	3000	0	-276.69	0.310695834	0	5.033531156
900	3000	0	-277.1	0.320277891	0	4.896347805
1000	3000	0	-277.1	0.188603057	0	5.005289926
1100	3000	0	-277.1	0.275923717	0	5.017028458
1200	3000	0	-277.47	0.302794981	0	4.973801002
1300	3000	0	-277.47	0.330464409	0	5.131307627
1400	3000	0	-277.47	0.6386087	0	5.080142008
1500	3000	0	-278.33	0.804034745	0	4.831758259
1600	3000	0	-278.33	0.778665315	0	4.76282021
1700	3000	0	-279.14	0.656798337	0	4.562058637
1800	3000	0	-279.14	0.58660478	0	4.551340052
1900	3000	0	-279.14	0.88577935	0	4.622891795
2000	3000	0	-280.41	0.908782041	0	4.330826494
2100	3000	0	-280.41	0.704316197	0	4.253547163
2200	3000	0	-280.41	0.895920725	0	4.381966975
2300	3000	0	-281.65	0.871394144	0	4.290490685
2400	3000	0	-281.65	0.58537922	0	4.465214552
2500	3000	0	-281.65	0.664396645	0	4.486756282
2600	3000	0	-282.53	0.626558445	0	4.351506092
2700	3000	0	-282.53	0.396987914	0	4.584669182
2800	3000	0	-282.53	0.477985558	0	4.644281677
2900	3000	0	-283.15	0.437346813	0	4.478248804
3000	3000	0	-283.15	0.16430776	0	4.573234036
3100	3000	0	-283.15	0.055125707	0	4.637370821
3200	3000	0	-283.19	0.041519766	0	4.633288668
3300	3000	0	-283.19	0.047959951	0	4.63418047
3400	3000	0	-283.24	0.036883105	0	4.605211354
3500	3000	0	-283.24	-0.024488364	0	4.565677595
3600	3000	0	-283.24	-0.199755311	0	4.442944679
3700	3000	0	-283.01	-0.195578037	0	4.545738009
3800	3000	0	-283.01	-0.044233304	0	4.307060128
3900	3000	0	-283.01	-0.380380985	0	4.298163523
4000	3000	0	-282.63	0	0	4.66
