0	0	-239.17	0	0
100	0	-239.17	-0.13062954	0
200	0	-239.17	-1.063694671	0
300	0	-237.92	-1.170943524	0
400	0	-237.92	-0.905345841	0
500	0	-237.92	-2.787078314	0
600	0	-234.27	-2.973608577	0
700	0	-234.27	-1.906861985	0
800	0	-234.27	-3.351263798	0
900	0	-229.87	-4.021217055	0
1000	0	-229.87	-3.480436379	0
1100	0	-226.42	-2.592480558	0
1200	0	-226.42	-1.183267525	0
1300	0	-226.42	-0.71170961	0
1400	0	-225.61	-0.484972397	0
1500	0	-225.61	0.095237475	0
1600	0	-225.61	0.727083338	0
1700	0	-226.76	0.91971636	0
1800	0	-226.76	1.172626764	0
1900	0	-226.76	2.204148497	0
2000	0	-229.89	2.3013193	0
2100	0	-229.89	1.890077677	0
2200	0	-229.89	3.222627726	0
2300	0	-234.14	3.140682696	0
2400	0	-234.14	1.711849166	0
2500	0	-234.14	2.999645296	0
2600	0	-237.68	3.13911993	0
2700	0	-237.68	2.774416712	0
2800	0	-240.13	2.124776736	0
2900	0	-240.13	0.256995874	0
3000	0	-240.13	0	0
0	100	-239.29	0	0.618049899
100	100	-239.29	-0.086491586	0.615568741
200	100	-239.29	-0.67014438	0.625928429
300	100	-238.57	-0.791575047	1.145563847
400	100	-238.57	-0.903528741	1.005294786
500	100	-238.57	-2.386457084	0.419228983
600	100	-235.59	-2.809590788	1.732389867
700	100	-235.59	-2.781918432	1.851470022
800	100	-232.18	-2.703422028	1.45762458
900	100	-232.18	-1.915361466	3.038542241
1000	100	-232.18	-2.188122449	4.119528463
1100	100	-229.4	-1.990154534	4.837820004
1200	100	-229.4	-1.012191131	5.119178688
1300	100	-229.4	-0.728874516	5.162432434
1400	100	-228.49	-0.547849379	5.154801853
1500	100	-228.49	-0.00473189	5.137133794
1600	100	-228.49	0.529933256	5.036617877
1700	100	-229.34	0.695193969	4.803484925
1800	100	-229.34	0.915134201	4.66453457
1900	100	-229.34	1.736346993	4.43904497
2000	100	-231.75	1.86831806	3.89991753
2100	100	-231.75	1.651792413	3.864495188
2200	100	-231.75	2.636274504	3.994100698
2300	100	-235.13	2.831925033	2.682034254
2400	100	-235.13	2.701797694	2.427804823
2500	100	-238.07	2.384768366	3.103470132
2600	100	-238.07	1.233923071	1.369243584
2700	100	-238.07	2.115489441	0.82155907
2800	100	-240.32	1.910136621	0.415191901
2900	100	-240.32	0.235665397	0.366360004
3000	100	-240.32	0	0.406021217
0	200	-239.81	0	0.899771096
100	200	-239.81	-0.122751011	0.888017113
200	200	-239.81	-0.533699565	0.756937038
300	200	-239.2	-0.791577167	1.163235456
400	200	-239.2	-1.631680704	0.998514914
500	200	-236.72	-2.059983232	0.480924845
600	200	-236.72	-1.541367538	1.689032086
700	200	-236.72	-2.181627273	2.254517033
800	200	-233.94	-2.164191579	2.748316869
900	200	-233.94	-1.359313172	3.170724085
1000	200	-233.94	-1.681158615	3.433299147
1100	200	-231.74	-1.592830333	3.938151663
1200	200	-231.74	-0.858655095	4.169488874
1300	200	-231.74	-0.676086444	4.201955873
1400	200	-230.87	-0.510271037	4.29368643
1500	200	-230.87	-0.022946501	4.37408957
1600	200	-230.87	0.393434469	4.352632817
1700	200	-231.49	0.547633052	4.159357514
1800	200	-231.49	0.808186809	4.136616186
1900	200	-231.49	1.439531457	4.098474178
2000	200	-233.44	1.726769517	3.514699344
2100	200	-233.44	1.984260845	3.412574058
2200	200	-236.02	2.040166793	3.534832799
2300	200	-236.02	1.574386821	2.380601426
2400	200	-236.02	2.133285044	1.792024942
2500	200	-238.45	1.941084057	1.42666984
2600	200	-238.45	0.857208868	1.081557271
2700	200	-238.45	1.820365028	1.144069791
2800	200	-240.43	1.669577669	0.575741209
2900	200	-240.43	0.24782519	0.513449164
3000	200	-240.43	0	0.818471969
0	300	-240.18	0	1.040027987
100	300	-240.18	-0.229325645	1.034017083
200	300	-239.78	-0.394926037	0.982257293
300	300	-239.78	-0.54999717	1.295405785
400	300	-239.78	-1.585839351	1.222850946
500	300	-237.76	-1.695939912	1.577867758
600	300	-237.76	-1.0359986	2.001579106
700	300	-237.76	-1.72263365	2.163517052
800	300	-235.58	-1.787214977	2.711427324
900	300	-235.58	-1.230379187	2.850493548
1000	300	-235.58	-1.420694871	2.811886852
1100	300	-233.63	-1.253964807	3.331315956
1200	300	-233.63	-0.748386921	3.560186758
1300	300	-233.63	-0.60467696	3.52722576
1400	300	-232.87	-0.375715683	3.674514305
1500	300	-232.87	0.054214497	3.795173148
1600	300	-233.3	0.3152012	3.783675809
1700	300	-233.3	0.479177338	3.638266638
1800	300	-233.3	0.854250865	3.629747166
1900	300	-234.72	1.114430151	3.588643231
2000	300	-234.72	1.18241794	3.086487593
2100	300	-234.72	1.671925868	2.800071651
2200	300	-236.86	1.604301872	2.423842472
2300	300	-236.86	1.089117176	1.983823432
2400	300	-236.86	1.747866108	1.826409701
2500	300	-238.99	1.674300694	1.311505545
2600	300	-238.99	0.951323022	1.253773432
2700	300	-238.99	1.60967338	1.737899965
2800	300	-240.81	1.279515994	0.810669724
2900	300	-240.81	0.478396157	0.726269611
3000	300	-240.81	0	1.537725651
0	400	-240.76	0	1.252031294
100	400	-240.76	-0.180521705	1.259335563
200	400	-240.56	-0.272310862	1.391767246
300	400	-240.56	-0.550983514	1.44219407
400	400	-240.56	-1.349218732	1.169826358
500	400	-238.86	-1.281255073	1.914140147
600	400	-238.86	-0.955718244	2.058702986
700	400	-238.86	-1.471779054	1.885493372
800	400	-236.96	-1.477215083	2.493547307
900	400	-236.96	-1.258853644	2.690568765
1000	400	-235.37	-1.200336208	2.682971204
1100	400	-235.37	-0.844530427	3.134826696
1200	400	-235.37	-0.66274529	3.322094928
1300	400	-234.5	-0.561758897	3.290126348
1400	400	-234.5	-0.242323649	3.410745318
1500	400	-234.5	0.086215003	3.461554052
1600	400	-234.82	0.236527958	3.386128505
1700	400	-234.82	0.39370441	3.301864459
1800	400	-234.82	0.758563403	3.244688199
1900	400	-235.91	0.896271884	3.061440945
2000	400	-235.91	0.938197937	2.874464077
2100	400	-235.91	1.321615724	2.786668766
2200	400	-237.68	1.223918574	2.217294248
2300	400	-237.68	0.97695405	2.017448517
2400	400	-237.68	1.460967156	2.144179781
2500	400	-239.5	1.368447789	1.448285152
2600	400	-239.5	1.283603289	1.326889909
2700	400	-241.11	1.37726132	1.74687787
2800	400	-241.11	0.657947316	0.894366429
2900	400	-241.11	0.974881117	0.853117708
3000	400	-242.45	0	1.551170254
0	500	-241.54	0	1.316841796
100	500	-241.54	-0.089589693	1.327176824
200	500	-241.48	-0.21206753	1.468376908
300	500	-241.48	-0.771938058	1.4390527
400	500	-240.2	-1.113893275	1.228098718
500	500	-240.2	-0.807063284	1.887576702
600	500	-240.2	-1.064645374	1.968346766
700	500	-238.57	-1.287789329	1.788955269
800	500	-238.57	-0.982139584	2.308082986
900	500	-238.57	-1.04095529	2.576319186
1000	500	-237.27	-0.97643694	2.74036817
1100	500	-237.27	-0.614841083	2.96468459
1200	500	-237.27	-0.593087268	3.038527896
1300	500	-236.48	-0.51602657	3.097423376
1400	500	-236.48	-0.204287978	3.17524915
1500	500	-236.48	0.029597684	3.156261368
1600	500	-236.54	0.155511606	3.069305381
1700	500	-236.54	0.337737032	3.049039043
1800	500	-236.54	0.613827351	3.01796674
1900	500	-237.33	0.744206029	2.761936766
2000	500	-237.33	0.907645761	2.636065843
2100	500	-238.69	1.014756039	2.565440148
2200	500	-238.69	0.835081623	2.071612802
2300	500	-238.69	1.01600271	1.942727134
2400	500	-240.17	1.178702743	2.04648208
2500	500	-240.17	0.857010822	1.430631464
2600	500	-240.17	1.249915741	1.245281056
2700	500	-241.58	1.177149899	1.224095434
2800	500	-241.58	0.385755832	0.880288382
2900	500	-241.58	1.135199982	1.04160244
3000	500	-242.77	0	0.962335825
0	600	-242.18	0	1.225993794
100	600	-242.17	-0.028986593	1.245069501
200	600	-242.17	-0.160434987	1.318237431
300	600	-242.17	-0.791261704	1.323699089
400	600	-241.18	-0.900694729	1.408583117
500	600	-241.18	-0.541007024	1.709904761
600	600	-241.18	-1.054339677	1.776895258
700	600	-239.71	-1.132042835	1.834943912
800	600	-239.71	-0.689851166	2.064501791
900	600	-239.71	-0.82656846	2.16820131
1000	600	-238.73	-0.811970804	2.362789985
1100	600	-238.73	-0.546370701	2.439007842
1200	600	-238.73	-0.530006504	2.420608996
1300	600	-238	-0.425037644	2.568849424
1400	600	-238	-0.183485657	2.6666324
1500	600	-237.94	-0.019728766	2.651395188
1600	600	-237.94	0.129305633	2.600728626
1700	600	-237.94	0.34236577	2.587323059
1800	600	-238.61	0.471461126	2.531700794
1900	600	-238.61	0.514370987	2.296845893
2000	600	-238.61	0.74170132	2.137610076
2100	600	-239.48	0.757162683	1.99422454
2200	600	-239.48	0.601205559	1.774438464
2300	600	-239.48	0.951823327	1.727084478
2400	600	-240.73	0.948871486	1.570493
2500	600	-240.73	0.567246765	1.274819407
2600	600	-240.73	1.077067258	1.243947159
2700	600	-241.96	1.012268645	0.934603056
2800	600	-241.96	0.475454322	0.860269863
2900	600	-241.96	1.05692856	1.334000273
3000	600	-243.05	0	0.625165068
0	700	-242.74	0	1.111242215
100	700	-242.75	0.002653943	1.134201279
200	700	-242.75	-0.133437941	1.147163778
300	700	-242.75	-0.681592372	1.117195869
400	700	-241.92	-0.727687603	1.373953965
500	700	-241.92	-0.438751143	1.46596647
600	700	-241.92	-0.939606223	1.461873111
700	700	-240.71	-1.000182796	1.678837968
800	700	-240.71	-0.648882186	1.715957572
900	700	-240.71	-0.742667095	1.614537432
1000	700	-239.72	-0.705630408	1.852162592
1100	700	-239.72	-0.557022072	1.950892763
1200	700	-239.11	-0.463245687	1.935192433
1300	700	-239.11	-0.270003166	2.076399385
1400	700	-239.11	-0.121742214	2.163112109
1500	700	-239.04	-0.036306091	2.15909868
1600	700	-239.04	0.091439478	2.128487805
1700	700	-239.04	0.2687092	2.072731761
1800	700	-239.45	0.323350184	1.950294401
1900	700	-239.45	0.350115311	1.804028265
2000	700	-239.45	0.605024408	1.700385871
2100	700	-240.25	0.651584427	1.594257461
2200	700	-240.25	0.567941561	1.597526834
2300	700	-240.25	0.812057246	1.689218943
2400	700	-241.29	0.726437671	1.31619539
2500	700	-241.29	0.53046498	1.201734505
2600	700	-241.29	0.909699391	1.415674048
2700	700	-242.35	0.793472603	0.872274249
2800	700	-242.35	0.785153049	0.798668356
2900	700	-243.32	0.900095187	1.210014687
3000	700	-243.32	0	0.513180782
0	800	-243.28	0	0.994914849
100	800	-243.33	0.00693497	0.967099099
200	800	-243.33	-0.177440397	0.930476484
300	800	-243.33	-0.564471517	0.713481834
400	800	-242.65	-0.551924128	1.133835211
500	800	-242.65	-0.453087878	1.137723532
600	800	-242.65	-0.841468179	0.917366865
700	800	-241.56	-0.877958374	1.325953408
800	800	-241.56	-0.754151702	1.424829189
900	800	-240.68	-0.69036344	1.325258525
1000	800	-240.68	-0.475615473	1.534050561
1100	800	-240.68	-0.46334086	1.65252154
1200	800	-240.12	-0.404499882	1.674304079
1300	800	-240.12	-0.197117968	1.729822419
1400	800	-240.12	-0.100786362	1.754234308
1500	800	-240.02	-0.05435307	1.739774772
1600	800	-240.02	0.042938714	1.72060157
1700	800	-240.02	0.164172366	1.675598023
1800	800	-240.22	0.20275763	1.579224793
1900	800	-240.22	0.264462457	1.514431329
2000	800	-240.22	0.531930515	1.455287228
2100	800	-240.96	0.654303646	1.332581715
2200	800	-240.96	0.696167042	1.339766602
2300	800	-241.8	0.670491883	1.416116057
2400	800	-241.8	0.461387048	1.092188159
2500	800	-241.8	0.666725424	1.031222612
2600	800	-242.71	0.747607003	1.225905095
2700	800	-242.71	0.395262954	0.763048522
2800	800	-242.71	0.81319476	0.666561744
2900	800	-243.56	0.771440986	0.708275806
3000	800	-243.56	0	0.45217875
0	900	-243.73	0	0.873838102
100	900	-243.7	-0.061784421	0.851051282
200	900	-243.7	-0.387055206	0.815699459
300	900	-243.19	-0.478233645	0.611887034
400	900	-243.19	-0.303445905	0.932109296
500	900	-243.19	-0.65521949	0.92561446
600	900	-242.26	-0.751376347	0.741865769
700	900	-242.26	-0.492720472	1.093691323
800	900	-242.26	-0.649577069	1.258127291
900	900	-241.39	-0.633445724	1.322761037
1000	900	-241.39	-0.378367393	1.420978616
1100	900	-241.39	-0.416768553	1.478862247
1200	900	-240.82	-0.385944808	1.516206075
1300	900	-240.82	-0.190072937	1.535160925
1400	900	-240.82	-0.111789862	1.525487023
1500	900	-240.7	-0.069938829	1.498016148
1600	900	-240.7	0.027262729	1.498197196
1700	900	-240.7	0.127332424	1.498911475
1800	900	-240.9	0.162183491	1.43821832
1900	900	-240.9	0.226177747	1.448530532
2000	900	-240.9	0.423174794	1.468865823
2100	900	-241.45	0.536063801	1.227422808
2200	900	-241.45	0.651475903	1.080636214
2300	900	-242.18	0.564478803	0.999996524
2400	900	-242.18	0.341544227	0.872809934
2500	900	-242.18	0.664181916	0.825409276
2600	900	-242.99	0.6415253	0.786438601
2700	900	-242.99	0.234129253	0.631618886
2800	900	-242.99	0.730380333	0.586167372
2900	900	-243.76	0.685712193	0.462994101
3000	900	-243.76	0	0.420736525
0	1000	-244.13	0	0
100	1000	-244.13	-0.051203673	0
200	1000	-244.13	-0.416604644	0
300	1000	-243.64	-0.44806168	0
400	1000	-243.64	-0.238196702	0
500	1000	-243.64	-0.643331406	0
600	1000	-242.8	-0.673391316	0
700	1000	-242.8	-0.361696852	0
800	1000	-242.8	-0.525081988	0
900	1000	-242.09	-0.527512115	0
1000	1000	-242.09	-0.319514264	0
1100	1000	-242.09	-0.3681134	0
1200	1000	-241.59	-0.348201204	0
1300	1000	-241.59	-0.18783702	0
1400	1000	-241.59	-0.137931138	0
1500	1000	-241.41	-0.081642897	0
1600	1000	-241.41	0.043834041	0
1700	1000	-241.55	0.10419349	0
1800	1000	-241.55	0.152376686	0
1900	1000	-241.55	0.29510996	0
2000	1000	-241.97	0.310822792	0
2100	1000	-241.97	0.266074036	0
2200	1000	-241.97	0.468740757	0
2300	1000	-242.59	0.462665603	0
2400	1000	-242.59	0.2867998	0
2500	1000	-242.59	0.580354091	0
2600	1000	-243.29	0.553816613	0
2700	1000	-243.29	0.194991724	0
2800	1000	-243.29	0.644569975	0
2900	1000	-243.97	0.60601014	0
3000	1000	-243.97	0	0
				
				
				
				
				
				
				
				
				
				
				
				
				
				
				
				
				
				
				
				
				
				
				
				
				
				
				
				
				
				
				
				
				
				
				
				
				
				
				
				
				
				
				
				
				
				
				
				
				
				
				
				
				
				
				
				
				
				
				
				
				
				
				
				
				
				
				
				
				
				
				
				
				
				
				
				
				
				
				
				
				
				
				
				
				
				
				
				
				
				
				
				
				
				
				
				
				
				
				
				
				
				
				
				
				
				
				
				
				
				
				
				
				
				
				
				
				
				
				
				
				
				
				
				
				
				
				
				
				
				
				
				
				
				
				
				
				
				
				
				
				
				
				
				
				
				
				
				
				
				
				
				
				
				
				
				
				
				
				
				
				
				
				
				
				
				
				
				
				
				
				
				
				
				
				
				
				
				
				
				
				
				
				
				
				
				
				
				
				
				
				
				
				
				
				
				
				
				
				
				
				
				
				
				
				
				
				
				
				
				
				
				
				
				
				
				
				
				
				
				
				
				
				
				
				
				
				
				
				
				
				
				
				
				
				
				
				
				
				
				
				
				
				
				
				
				
				
				
				
				
				
				
				
				
				
				
				
				
				
				
				
				
				
				
				
				
				
				
				
				
				
				
				
				
				
				
				
				
				
				
				
				
				
				
				
				
				
				
				
				
				
				
				
				
				
				
				
				
				
				
				
				
				
				
				
				
				
				
				
				
