0	0	-276,4		0	-27640
100	0	-276,14	0	-27614
200	0	-276,14	0	-27614
300	0	-276,14	0	-27614
400	0	-274,55	0	-27455
500	0	-274,55	0	-27455
600	0	-274,55	0	-27455
700	0	-271,8		0	-27180
800	0	-271,8		0	-27180
900	0	-269,91	0	-26991
1000	0	-269,91	0	-26991
1100	0	-269,91	0	-26991
1200	0	-270,55	0	-27055
1300	0	-270,55	0	-27055
1400	0	-270,55	0	-27055
1500	0	-273,53	0	-27353
1600	0	-273,53	0	-27353
1700	0	-273,53	0	-27353
1800	0	-277,15	0	-27715
1900	0	-277,15	0	-27715
2000	0	-277,15	0	-27715
2100	0	-280,58	0	-28058
2200	0	-280,58	0	-28058
2300	0	-280,58	0	-28058
2400	0	-283,63	0	-28363
2500	0	-283,63	0	-28363
2600	0	-286,29	0	-28629
2700	0	-286,29	0	-28629
2800	0	-286,29	0	-28629
2900	0	-289,54	0	-28954
3000	0	-289,54	0	-28954
3100	0	-289,54	0	-28954
3200	0	-292,31	0	-29231
3300	0	-292,31	0	-29231
3400	0	-292,31	0	-29231
3500	0	-294,18	0	-29418
3600	0	-294,18	0	-29418
3700	0	-294,18	0	-29418
3800	0	-294,28	0	-29428
3900	0	-294,28	0	-29428
4000	0	-294,28	0	-29428
4100	0	-292,98	0	-29298
4200	0	-292,98	0	-29298
4300	0	-291,52	0	-29152
4400	0	-291,52	0	-29152
4500	0	-291,52	0	-29152
4600	0	-290,18	0	-29018
4700	0	-290,18	0	-29018
4800	0	-290,18	0	-29018
4900	0	-288,78	0	-28878
5000	0	-288,78	0	-28878
0	100	-276,33	10000	-27633
100	100	-276,05	10000	-27605
200	100	-276,05	10000	-27605
300	100	-275,46	10000	-27546
400	100	-275,46	10000	-27546
500	100	-275,46	10000	-27546
600	100	-274,26	10000	-27426
700	100	-274,26	10000	-27426
800	100	-274,26	10000	-27426
900	100	-273,34	10000	-27334
1000	100	-273,34	10000	-27334
1100	100	-273,34	10000	-27334
1200	100	-273,77	10000	-27377
1300	100	-273,77	10000	-27377
1400	100	-273,77	10000	-27377
1500	100	-275,61	10000	-27561
1600	100	-275,61	10000	-27561
1700	100	-275,61	10000	-27561
1800	100	-277,89	10000	-27789
1900	100	-277,89	10000	-27789
2000	100	-281,02	10000	-28102
2100	100	-281,02	10000	-28102
2200	100	-281,02	10000	-28102
2300	100	-284,74	10000	-28474
2400	100	-284,74	10000	-28474
2500	100	-284,74	10000	-28474
2600	100	-288,19	10000	-28819
2700	100	-288,19	10000	-28819
2800	100	-288,19	10000	-28819
2900	100	-291,05	10000	-29105
3000	100	-291,05	10000	-29105
3100	100	-291,05	10000	-29105
3200	100	-293,63	10000	-29363
3300	100	-293,63	10000	-29363
3400	100	-295,28	10000	-29528
3500	100	-295,28	10000	-29528
3600	100	-295,28	10000	-29528
3700	100	-295,38	10000	-29538
3800	100	-295,38	10000	-29538
3900	100	-295,38	10000	-29538
4000	100	-294,19	10000	-29419
4100	100	-294,19	10000	-29419
4200	100	-294,19	10000	-29419
4300	100	-292,6	10000	-29260
4400	100	-292,6	10000	-29260
4500	100	-292,6	10000	-29260
4600	100	-291,1	10000	-29110
4700	100	-291,1	10000	-29110
4800	100	-291,1	10000	-29110
4900	100	-289,95	10000	-28995
5000	100	-289,95	10000	-28995
0	200	-278,51	20000	-27851
100	200	-278,51	20000	-27851
200	200	-278,51	20000	-27851
300	200	-277,83	20000	-27783
400	200	-277,83	20000	-27783
500	200	-277,83	20000	-27783
600	200	-276,01	20000	-27601
700	200	-276,01	20000	-27601
800	200	-276,01	20000	-27601
900	200	-274,37	20000	-27437
1000	200	-274,37	20000	-27437
1100	200	-274,23	20000	-27423
1200	200	-274,23	20000	-27423
1300	200	-274,23	20000	-27423
1400	200	-276,08	20000	-27608
1500	200	-276,08	20000	-27608
1600	200	-276,08	20000	-27608
1700	200	-278,77	20000	-27877
1800	200	-278,77	20000	-27877
1900	200	-278,77	20000	-27877
2000	200	-281,25	20000	-28125
2100	200	-281,25	20000	-28125
2200	200	-281,25	20000	-28125
2300	200	-283,37	20000	-28337
2400	200	-283,37	20000	-28337
2500	200	-285,92	20000	-28592
2600	200	-285,92	20000	-28592
2700	200	-285,92	20000	-28592
2800	200	-288,62	20000	-28862
2900	200	-288,62	20000	-28862
3000	200	-288,62	20000	-28862
3100	200	-291,21	20000	-29121
3200	200	-291,21	20000	-29121
3300	200	-291,21	20000	-29121
3400	200	-292,61	20000	-29261
3500	200	-292,61	20000	-29261
3600	200	-292,61	20000	-29261
3700	200	-293,06	20000	-29306
3800	200	-293,06	20000	-29306
3900	200	-293,06	20000	-29306
4000	200	-292,45	20000	-29245
4100	200	-292,45	20000	-29245
4200	200	-292,45	20000	-29245
4300	200	-291,08	20000	-29108
4400	200	-291,08	20000	-29108
4500	200	-289,77	20000	-28977
4600	200	-289,77	20000	-28977
4700	200	-289,77	20000	-28977
4800	200	-288,58	20000	-28858
4900	200	-288,58	20000	-28858
5000	200	-288,58	20000	-28858
0	300	-279,17	30000	-27917
100	300	-279,17	30000	-27917
200	300	-278,91	30000	-27891
300	300	-278,91	30000	-27891
400	300	-278,91	30000	-27891
500	300	-276,43	30000	-27643
600	300	-276,43	30000	-27643
700	300	-276,43	30000	-27643
800	300	-274,66	30000	-27466
900	300	-274,66	30000	-27466
1000	300	-274,66	30000	-27466
1100	300	-274,59	30000	-27459
1200	300	-274,59	30000	-27459
1300	300	-274,59	30000	-27459
1400	300	-275,84	30000	-27584
1500	300	-275,84	30000	-27584
1600	300	-275,84	30000	-27584
1700	300	-278,04	30000	-27804
1800	300	-278,04	30000	-27804
1900	300	-278,04	30000	-27804
2000	300	-280,41	30000	-28041
2100	300	-280,41	30000	-28041
2200	300	-282,67	30000	-28267
2300	300	-282,67	30000	-28267
2400	300	-282,67	30000	-28267
2500	300	-284,89	30000	-28489
2600	300	-284,89	30000	-28489
2700	300	-284,89	30000	-28489
2800	300	-287,06	30000	-28706
2900	300	-287,06	30000	-28706
3000	300	-287,06	30000	-28706
3100	300	-289,08	30000	-28908
3200	300	-289,08	30000	-28908
3300	300	-289,08	30000	-28908
3400	300	-290,8	30000	-29080
3500	300	-290,8	30000	-29080
3600	300	-290,8	30000	-29080
3700	300	-291,25	30000	-29125
3800	300	-291,25	30000	-29125
3900	300	-290,67	30000	-29067
4000	300	-290,67	30000	-29067
4100	300	-290,67	30000	-29067
4200	300	-289,8	30000	-28980
4300	300	-289,8	30000	-28980
4400	300	-289,8	30000	-28980
4500	300	-289,13	30000	-28913
4600	300	-289,13	30000	-28913
4700	300	-289,13	30000	-28913
4800	300	-289,02	30000	-28902
4900	300	-289,02	30000	-28902
5000	300	-289,02	30000	-28902
0	400	-278,32	40000	-27832
100	400	-278,32	40000	-27832
200	400	-277,73	40000	-27773
300	400	-277,73	40000	-27773
400	400	-277,73	40000	-27773
500	400	-276,84	40000	-27684
600	400	-276,84	40000	-27684
700	400	-276,84	40000	-27684
800	400	-276,69	40000	-27669
900	400	-276,69	40000	-27669
1000	400	-276,69	40000	-27669
1100	400	-276,89	40000	-27689
1200	400	-276,89	40000	-27689
1300	400	-276,89	40000	-27689
1400	400	-277,64	40000	-27764
1500	400	-277,64	40000	-27764
1600	400	-279,53	40000	-27953
1700	400	-279,53	40000	-27953
1800	400	-279,53	40000	-27953
1900	400	-281,97	40000	-28197
2000	400	-281,97	40000	-28197
2100	400	-281,97	40000	-28197
2200	400	-284,45	40000	-28445
2300	400	-284,45	40000	-28445
2400	400	-284,45	40000	-28445
2500	400	-286,81	40000	-28681
2600	400	-286,81	40000	-28681
2700	400	-286,81	40000	-28681
2800	400	-289,13	40000	-28913
2900	400	-289,13	40000	-28913
3000	400	-289,13	40000	-28913
3100	400	-290,75	40000	-29075
3200	400	-290,75	40000	-29075
3300	400	-291,31	40000	-29131
3400	400	-291,31	40000	-29131
3500	400	-291,31	40000	-29131
3600	400	-292,24	40000	-29224
3700	400	-292,24	40000	-29224
3800	400	-292,24	40000	-29224
3900	400	-292,59	40000	-29259
4000	400	-292,59	40000	-29259
4100	400	-292,59	40000	-29259
4200	400	-292,12	40000	-29212
4300	400	-292,12	40000	-29212
4400	400	-292,12	40000	-29212
4500	400	-291,39	40000	-29139
4600	400	-291,39	40000	-29139
4700	400	-291,39	40000	-29139
4800	400	-290,66	40000	-29066
4900	400	-290,66	40000	-29066
5000	400	-290,66	40000	-29066
0	500	-279,86	50000	-27986
100	500	-279,86	50000	-27986
200	500	-279,68	50000	-27968
300	500	-279,68	50000	-27968
400	500	-279,68	50000	-27968
500	500	-279,33	50000	-27933
600	500	-279,33	50000	-27933
700	500	-279,33	50000	-27933
800	500	-278,73	50000	-27873
900	500	-278,73	50000	-27873
1000	500	-278,44	50000	-27844
1100	500	-278,44	50000	-27844
1200	500	-278,44	50000	-27844
1300	500	-278,87	50000	-27887
1400	500	-278,87	50000	-27887
1500	500	-278,87	50000	-27887
1600	500	-279,97	50000	-27997
1700	500	-279,97	50000	-27997
1800	500	-279,97	50000	-27997
1900	500	-281,58	50000	-28158
2000	500	-281,58	50000	-28158
2100	500	-281,58	50000	-28158
2200	500	-283,43	50000	-28343
2300	500	-283,43	50000	-28343
2400	500	-283,43	50000	-28343
2500	500	-285,07	50000	-28507
2600	500	-285,07	50000	-28507
2700	500	-285,07	50000	-28507
2800	500	-286,79	50000	-28679
2900	500	-286,79	50000	-28679
3000	500	-288,34	50000	-28834
3100	500	-288,34	50000	-28834
3200	500	-288,34	50000	-28834
3300	500	-289,71	50000	-28971
3400	500	-289,71	50000	-28971
3500	500	-289,71	50000	-28971
3600	500	-290,86	50000	-29086
3700	500	-290,86	50000	-29086
3800	500	-290,86	50000	-29086
3900	500	-291,64	50000	-29164
4000	500	-291,64	50000	-29164
4100	500	-291,64	50000	-29164
4200	500	-291,59	50000	-29159
4300	500	-291,59	50000	-29159
4400	500	-291,59	50000	-29159
4500	500	-291,13	50000	-29113
4600	500	-291,13	50000	-29113
4700	500	-290,65	50000	-29065
4800	500	-290,65	50000	-29065
4900	500	-290,65	50000	-29065
5000	500	-290,07	50000	-29007
0	600	-281,44	60000	-28144
100	600	-281,44	60000	-28144
200	600	-281,06	60000	-28106
300	600	-281,06	60000	-28106
400	600	-281,06	60000	-28106
500	600	-279,74	60000	-27974
600	600	-279,74	60000	-27974
700	600	-279,74	60000	-27974
800	600	-279,22	60000	-27922
900	600	-279,22	60000	-27922
1000	600	-279,59	60000	-27959
1100	600	-279,59	60000	-27959
1200	600	-279,59	60000	-27959
1300	600	-280,4	60000	-28040
1400	600	-280,4	60000	-28040
1500	600	-280,4	60000	-28040
1600	600	-280,89	60000	-28089
1700	600	-280,89	60000	-28089
1800	600	-280,89	60000	-28089
1900	600	-282,05	60000	-28205
2000	600	-282,05	60000	-28205
2100	600	-282,05	60000	-28205
2200	600	-283,81	60000	-28381
2300	600	-283,81	60000	-28381
2400	600	-283,81	60000	-28381
2500	600	-285,41	60000	-28541
2600	600	-285,41	60000	-28541
2700	600	-285,41	60000	-28541
2800	600	-286,79	60000	-28679
2900	600	-286,79	60000	-28679
3000	600	-288,18	60000	-28818
3100	600	-288,18	60000	-28818
3200	600	-288,18	60000	-28818
3300	600	-289,43	60000	-28943
3400	600	-289,43	60000	-28943
3500	600	-289,43	60000	-28943
3600	600	-289,95	60000	-28995
3700	600	-289,95	60000	-28995
3800	600	-289,95	60000	-28995
3900	600	-289,99	60000	-28999
4000	600	-289,99	60000	-28999
4100	600	-289,99	60000	-28999
4200	600	-289,48	60000	-28948
4300	600	-289,48	60000	-28948
4400	600	-289,48	60000	-28948
4500	600	-288,62	60000	-28862
4600	600	-288,62	60000	-28862
4700	600	-287,82	60000	-28782
4800	600	-287,82	60000	-28782
4900	600	-287,82	60000	-28782
5000	600	-287,32	60000	-28732
0	700	-280,14	70000	-28014
100	700	-280,14	70000	-28014
200	700	-280	70000	-28000
300	700	-280	70000	-28000
400	700	-279,55	70000	-27955
500	700	-279,55	70000	-27955
600	700	-279,55	70000	-27955
700	700	-279,28	70000	-27928
800	700	-279,28	70000	-27928
900	700	-279,28	70000	-27928
1000	700	-279,32	70000	-27932
1100	700	-279,32	70000	-27932
1200	700	-279,32	70000	-27932
1300	700	-279,73	70000	-27973
1400	700	-279,73	70000	-27973
1500	700	-279,73	70000	-27973
1600	700	-280,61	70000	-28061
1700	700	-280,61	70000	-28061
1800	700	-280,61	70000	-28061
1900	700	-281,79	70000	-28179
2000	700	-281,79	70000	-28179
2100	700	-281,79	70000	-28179
2200	700	-283,17	70000	-28317
2300	700	-283,17	70000	-28317
2400	700	-284,61	70000	-28461
2500	700	-284,61	70000	-28461
2600	700	-284,61	70000	-28461
2700	700	-286,41	70000	-28641
2800	700	-286,41	70000	-28641
2900	700	-286,41	70000	-28641
3000	700	-288,11	70000	-28811
3100	700	-288,11	70000	-28811
3200	700	-288,11	70000	-28811
3300	700	-289,58	70000	-28958
3400	700	-289,58	70000	-28958
3500	700	-289,58	70000	-28958
3600	700	-290,16	70000	-29016
3700	700	-290,16	70000	-29016
3800	700	-290,16	70000	-29016
3900	700	-290,6	70000	-29060
4000	700	-290,6	70000	-29060
4100	700	-290,27	70000	-29027
4200	700	-290,27	70000	-29027
4300	700	-290,27	70000	-29027
4400	700	-289,41	70000	-28941
4500	700	-289,41	70000	-28941
4600	700	-289,41	70000	-28941
4700	700	-288,73	70000	-28873
4800	700	-288,73	70000	-28873
4900	700	-288,73	70000	-28873
5000	700	-288,61	70000	-28861
0	800	-280,37	80000	-28037
100	800	-280,12	80000	-28012
200	800	-280,12	80000	-28012
300	800	-280,12	80000	-28012
400	800	-280,52	80000	-28052
500	800	-280,52	80000	-28052
600	800	-280,52	80000	-28052
700	800	-280,53	80000	-28053
800	800	-280,53	80000	-28053
900	800	-280,53	80000	-28053
1000	800	-280,68	80000	-28068
1100	800	-280,68	80000	-28068
1200	800	-280,68	80000	-28068
1300	800	-281,15	80000	-28115
1400	800	-281,15	80000	-28115
1500	800	-281,15	80000	-28115
1600	800	-282,22	80000	-28222
1700	800	-282,22	80000	-28222
1800	800	-283,32	80000	-28332
1900	800	-283,32	80000	-28332
2000	800	-283,32	80000	-28332
2100	800	-284,6	80000	-28460
2200	800	-284,6	80000	-28460
2300	800	-284,6	80000	-28460
2400	800	-285,74	80000	-28574
2500	800	-285,74	80000	-28574
2600	800	-285,74	80000	-28574
2700	800	-286,22	80000	-28622
2800	800	-286,22	80000	-28622
2900	800	-286,22	80000	-28622
3000	800	-286,89	80000	-28689
3100	800	-286,89	80000	-28689
3200	800	-286,89	80000	-28689
3300	800	-288,08	80000	-28808
3400	800	-288,08	80000	-28808
3500	800	-289,2	80000	-28920
3600	800	-289,2	80000	-28920
3700	800	-289,2	80000	-28920
3800	800	-289,77	80000	-28977
3900	800	-289,77	80000	-28977
4000	800	-289,77	80000	-28977
4100	800	-289,42	80000	-28942
4200	800	-289,42	80000	-28942
4300	800	-289,42	80000	-28942
4400	800	-289,24	80000	-28924
4500	800	-289,24	80000	-28924
4600	800	-289,24	80000	-28924
4700	800	-289,04	80000	-28904
4800	800	-289,04	80000	-28904
4900	800	-289,04	80000	-28904
5000	800	-287,93	80000	-28793
0	900	-281,04	90000	-28104
100	900	-281,87	90000	-28187
200	900	-281,87	90000	-28187
300	900	-281,87	90000	-28187
400	900	-281,49	90000	-28149
500	900	-281,49	90000	-28149
600	900	-281,49	90000	-28149
700	900	-281,32	90000	-28132
800	900	-281,32	90000	-28132
900	900	-281,32	90000	-28132
1000	900	-281,41	90000	-28141
1100	900	-281,41	90000	-28141
1200	900	-281,86	90000	-28186
1300	900	-281,86	90000	-28186
1400	900	-281,86	90000	-28186
1500	900	-282,15	90000	-28215
1600	900	-282,15	90000	-28215
1700	900	-282,15	90000	-28215
1800	900	-284,07	90000	-28407
1900	900	-284,07	90000	-28407
2000	900	-284,07	90000	-28407
2100	900	-284,5	90000	-28450
2200	900	-284,5	90000	-28450
2300	900	-284,5	90000	-28450
2400	900	-286,41	90000	-28641
2500	900	-286,41	90000	-28641
2600	900	-286,41	90000	-28641
2700	900	-287,41	90000	-28741
2800	900	-287,41	90000	-28741
2900	900	-287,41	90000	-28741
3000	900	-288,57	90000	-28857
3100	900	-288,57	90000	-28857
3200	900	-289,43	90000	-28943
3300	900	-289,43	90000	-28943
3400	900	-289,43	90000	-28943
3500	900	-289,9	90000	-28990
3600	900	-289,9	90000	-28990
3700	900	-289,9	90000	-28990
3800	900	-290,02	90000	-29002
3900	900	-290,02	90000	-29002
4000	900	-290,02	90000	-29002
4100	900	-289,84	90000	-28984
4200	900	-289,84	90000	-28984
4300	900	-289,84	90000	-28984
4400	900	-289,35	90000	-28935
4500	900	-289,35	90000	-28935
4600	900	-289,35	90000	-28935
4700	900	-288,89	90000	-28889
4800	900	-288,89	90000	-28889
4900	900	-288,64	90000	-28864
5000	900	-288,64	90000	-28864
0	1000	-282,37	100000	-28237
100	1000	-282,45	100000	-28245
200	1000	-282,45	100000	-28245
300	1000	-282,45	100000	-28245
400	1000	-282,16	100000	-28216
500	1000	-282,16	100000	-28216
600	1000	-282,16	100000	-28216
700	1000	-281,83	100000	-28183
800	1000	-281,83	100000	-28183
900	1000	-281,6	100000	-28160
1000	1000	-281,6	100000	-28160
1100	1000	-281,6	100000	-28160
1200	1000	-281,67	100000	-28167
1300	1000	-281,67	100000	-28167
1400	1000	-281,67	100000	-28167
1500	1000	-282,2	100000	-28220
1600	1000	-282,2	100000	-28220
1700	1000	-282,2	100000	-28220
1800	1000	-282,93	100000	-28293
1900	1000	-282,93	100000	-28293
2000	1000	-282,93	100000	-28293
2100	1000	-283,79	100000	-28379
2200	1000	-283,79	10000	-28379
2300	1000	-283,79	100000	-28379
2400	1000	-284,7	100000	-28470
2500	1000	-284,7	100000	-28470
2600	1000	-285,71	100000	-28571
2700	1000	-285,71	100000	-28571
2800	1000	-285,71	100000	-28571
2900	1000	-286,66	100000	-28666
3000	1000	-286,66	100000	-28666
3100	1000	-286,66	100000	-28666
3200	1000	-287,2	100000	-28720
3300	1000	-287,2	100000	-28720
3400	1000	-287,2	100000	-28720
3500	1000	-288,06	100000	-28806
3600	1000	-288,06	100000	-28806
3700	1000	-288,06	100000	-28806
3800	1000	-288,49	100000	-28849
3900	1000	-288,49	100000	-28849
4000	1000	-288,44	100000	-28844
4100	1000	-288,44	100000	-28844
4200	1000	-288,44	100000	-28844
4300	1000	-287,89	100000	-28789
4400	1000	-287,89	100000	-28789
4500	1000	-287,89	100000	-28789
4600	1000	-287,94	100000	-28794
4700	1000	-287,94	100000	-28794
4800	1000	-287,94	100000	-28794
4900	1000	-288,06	100000	-28806
5000	1000	-288,06	100000	-28806

