0 0 -258.95
100 0 -258.95
200 0 -258.95
300 0 -260.40
400 0 -260.40
500 0 -262.37
600 0 -262.37
700 0 -262.37
800 0 -265.49
900 0 -265.49
1000 0 -265.49
1100 0 -269.42
1200 0 -269.42
1300 0 -269.42
1400 0 -274.24
1500 0 -274.24
1600 0 -274.24
1700 0 -273.37
1800 0 -273.37
1900 0 -273.37
2000 0 -272.42
2100 0 -272.42
2200 0 -269.29
2300 0 -269.29
2400 0 -269.29
2500 0 -265.49
2600 0 -265.49
2700 0 -265.49
2800 0 -261.72
2900 0 -261.72
3000 0 -261.72
0 100 -260.91
100 100 -260.91
200 100 -261.58
300 100 -261.58
400 100 -261.58
500 100 -264.08
600 100 -264.08
700 100 -264.08
800 100 -267.52
900 100 -267.52
1000 100 -267.52
1100 100 -268.84
1200 100 -268.84
1300 100 -268.84
1400 100 -277.07
1500 100 -277.07
1600 100 -277.07
1700 100 -275.88
1800 100 -275.88
1900 100 -274.43
2000 100 -274.43
2100 100 -274.43
2200 100 -271.24
2300 100 -271.24
2400 100 -271.24
2500 100 -265.43
2600 100 -265.43
2700 100 -265.43
2800 100 -265.43
2900 100 -265.43
3000 100 -265.43
0 200 -261.93
100 200 -261.93
200 200 -262.49
300 200 -262.49
400 200 -262.49
500 200 -266.27
600 200 -266.27
700 200 -266.27
800 200 -267.66
900 200 -267.66
1000 200 -267.66
1100 200 -272.09
1200 200 -272.09
1300 200 -276.33
1400 200 -276.33
1500 200 -276.33
1600 200 -278.12
1700 200 -278.12
1800 200 -278.12
1900 200 -276.94
2000 200 -276.94
2100 200 -276.94
2200 200 -272.87
2300 200 -272.87
2400 200 -272.87
2500 200 -270.98
2600 200 -270.98
2700 200 -270.98
2800 200 -265.02
2900 200 -265.02
3000 200 -261.51
0 300 -262.72
100 300 -262.72
200 300 -262.94
300 300 -262.94
400 300 -262.94
500 300 -265.41
600 300 -265.41
700 300 -269.14
800 300 -269.14
900 300 -269.14
1000 300 -273.44
1100 300 -273.44
1200 300 -273.44
1300 300 -277.87
1400 300 -277.87
1500 300 -277.87
1600 300 -280.01
1700 300 -280.01
1800 300 -280.01
1900 300 -279.47
2000 300 -279.47
2100 300 -279.47
2200 300 -275.98
2300 300 -275.98
2400 300 -271.37
2500 300 -271.37
2600 300 -271.37
2700 300 -266.61
2800 300 -266.61
2900 300 -266.61
3000 300 -262.83
0 400 -263.30
100 400 -263.37
200 400 -263.37
300 400 -263.37
400 400 -265.60
500 400 -265.60
600 400 -265.60
700 400 -269.37
800 400 -269.37
900 400 -269.37
1000 400 -273.69
1100 400 -273.69
1200 400 -273.69
1300 400 -278.55
1400 400 -278.55
1500 400 -278.55
1600 400 -281.17
1700 400 -281.17
1800 400 -280.88
1900 400 -280.88
2000 400 -280.88
2100 400 -277.67
2200 400 -277.67
2300 400 -277.67
2400 400 -272.85
2500 400 -272.85
2600 400 -272.85
2700 400 -268.07
2800 400 -268.07
2900 400 -268.07
3000 400 -263.44
0 500 -263.52
100 500 -263.48
200 500 -263.48
300 500 -263.48
400 500 -265.42
500 500 -265.42
600 500 -265.42
700 500 -269.31
800 500 -269.31
900 500 -269.31
1000 500 -273.84
1100 500 -273.84
1200 500 -278.69
1300 500 -278.69
1400 500 -278.69
1500 500 -281.46
1600 500 -281.46
1700 500 -281.46
1800 500 -281.26
1900 500 -281.26
2000 500 -281.26
2100 500 -278.20
2200 500 -278.20
2300 500 -278.20
2400 500 -273.02
2500 500 -273.02
2600 500 -273.02
2700 500 -268.21
2800 500 -268.21
2900 500 -264.86
3000 500 -264.86
0 600 -264.35
100 600 -263.52
200 600 -263.52
300 600 -263.52
400 600 -265.76
500 600 -265.76
600 600 -265.76
700 600 -269.46
800 600 -269.46
900 600 -274.10
1000 600 -274.10
1100 600 -274.10
1200 600 -278.86
1300 600 -278.86
1400 600 -278.86
1500 600 -281.61
1600 600 -281.61
1700 600 -281.61
1800 600 -281.74
1900 600 -281.74
2000 600 -281.74
2100 600 -278.63
2200 600 -278.63
2300 600 -278.63
2400 600 -274.96
2500 600 -274.96
2600 600 -269.05
2700 600 -269.05
2800 600 -269.05
2900 600 -264.99
3000 600 -264.99
0 700 -264.24
100 700 -264.04
200 700 -264.04
300 700 -264.04
400 700 -265.67
500 700 -265.67
600 700 -269.33
700 700 -269.33
800 700 -269.33
900 700 -273.73
1000 700 -273.73
1100 700 -273.73
1200 700 -278.50
1300 700 -278.50
1400 700 -278.50
1500 700 -281.37
1600 700 -281.37
1700 700 -281.37
1800 700 -281.51
1900 700 -281.51
2000 700 -278.97
2100 700 -278.97
2200 700 -278.97
2300 700 -274.42
2400 700 -274.42
2500 700 -274.42
2600 700 -269.34
2700 700 -269.34
2800 700 -269.34
2900 700 -265.49
3000 700 -265.49
0 800 -263.84
100 800 -263.84
200 800 -263.84
300 800 -265.37
400 800 -265.37
500 800 -265.37
600 800 -269.07
700 800 -269.07
800 800 -269.07
900 800 -273.40
1000 800 -273.40
1100 800 -273.40
1200 800 -278.01
1300 800 -278.01
1400 800 -278.01
1500 800 -280.94
1600 800 -280.94
1700 800 -281.25
1800 800 -281.25
1900 800 -281.25
2000 800 -278.98
2100 800 -278.98
2200 800 -278.98
2300 800 -274.76
2400 800 -274.76
2500 800 -274.76
2600 800 -269.76
2700 800 -269.76
2800 800 -269.76
2900 800 -265.49
3000 800 -265.49
0 900 -263.86
100 900 -263.86
200 900 -263.86
300 900 -264.89
400 900 -264.89
500 900 -264.89
600 900 -268.08
700 900 -268.08
800 900 -268.08
900 900 -272.43
1000 900 -272.43
1100 900 -276.92
1200 900 -276.92
1300 900 -276.92
1400 900 -280.05
1500 900 -280.05
1600 900 -280.05
1700 900 -280.54
1800 900 -280.54
1900 900 -280.54
2000 900 -278.66
2100 900 -278.66
2200 900 -278.66
2300 900 -274.85
2400 900 -274.85
2500 900 -274.85
2600 900 -269.37
2700 900 -269.37
2800 900 -265.34
2900 900 -265.34
3000 900 -265.34
0 1000 -263.54
100 1000 -263.54
200 1000 -263.54
300 1000 -264.36
400 1000 -264.36
500 1000 -264.36
600 1000 -267.56
700 1000 -267.56
800 1000 -271.65
900 1000 -271.65
1000 1000 -271.65
1100 1000 -276.05
1200 1000 -276.05
1300 1000 -276.05
1400 1000 -279.17
1500 1000 -279.17
1600 1000 -279.17
1700 1000 -279.81
1800 1000 -279.81
1900 1000 -279.81
2000 1000 -278.04
2100 1000 -278.04
2200 1000 -278.04
2300 1000 -274.11
2400 1000 -274.11
2500 1000 -269.52
2600 1000 -269.52
2700 1000 -269.52
2800 1000 -264.94
2900 1000 -264.94
3000 1000 -264.94
0 1100 -263.07
100 1100 -263.07
200 1100 -263.07
300 1100 -263.96
400 1100 -263.96
500 1100 -266.86
600 1100 -266.86
700 1100 -266.86
800 1100 -270.69
900 1100 -270.69
1000 1100 -270.69
1100 1100 -274.89
1200 1100 -274.89
1300 1100 -274.89
1400 1100 -278.01
1500 1100 -278.01
1600 1100 -278.01
1700 1100 -278.91
1800 1100 -278.91
1900 1100 -277.48
2000 1100 -277.48
2100 1100 -277.48
2200 1100 -273.86
2300 1100 -273.86
2400 1100 -273.86
2500 1100 -269.45
2600 1100 -269.45
2700 1100 -269.45
2800 1100 -265.26
2900 1100 -265.26
3000 1100 -265.26
0 1200 -262.91
100 1200 -262.91
200 1200 -263.29
300 1200 -263.29
400 1200 -263.29
500 1200 -265.80
600 1200 -265.80
700 1200 -265.80
800 1200 -269.34
900 1200 -269.34
1000 1200 -269.34
1100 1200 -273.37
1200 1200 -273.37
1300 1200 -273.37
1400 1200 -276.72
1500 1200 -276.72
1600 1200 -277.80
1700 1200 -277.80
1800 1200 -277.80
1900 1200 -276.42
2000 1200 -276.42
2100 1200 -276.42
2200 1200 -273.45
2300 1200 -273.45
2400 1200 -273.45
2500 1200 -269.09
2600 1200 -269.09
2700 1200 -269.09
2800 1200 -264.64
2900 1200 -264.64
3000 1200 -264.64
0 1300 -262.68
100 1300 -262.68
200 1300 -262.39
300 1300 -262.39
400 1300 -262.39
500 1300 -265.11
600 1300 -265.11
700 1300 -265.11
800 1300 -268.18
900 1300 -268.18
1000 1300 -268.18
1100 1300 -271.84
1200 1300 -271.84
1300 1300 -275.06
1400 1300 -275.06
1500 1300 -275.06
1600 1300 -276.34
1700 1300 -276.34
1800 1300 -276.34
1900 1300 -275.31
2000 1300 -275.31
2100 1300 -275.31
2200 1300 -272.19
2300 1300 -272.19
2400 1300 -272.19
2500 1300 -268.22
2600 1300 -268.22
2700 1300 -268.22
2800 1300 -264.35
2900 1300 -264.35
3000 1300 -261.22
0 1400 -261.99
100 1400 -261.99
200 1400 -262.10
300 1400 -262.10
400 1400 -262.10
500 1400 -263.85
600 1400 -263.85
700 1400 -263.85
800 1400 -267.22
900 1400 -267.22
1000 1400 -270.40
1100 1400 -270.40
1200 1400 -270.40
1300 1400 -273.30
1400 1400 -273.30
1500 1400 -273.30
1600 1400 -274.75
1700 1400 -274.75
1800 1400 -274.75
1900 1400 -273.86
2000 1400 -273.86
2100 1400 -273.86
2200 1400 -271.09
2300 1400 -271.09
2400 1400 -267.50
2500 1400 -267.50
2600 1400 -267.50
2700 1400 -263.96
2800 1400 -263.96
2900 1400 -263.96
3000 1400 -261.07
0 1500 -261.46
100 1500 -261.46
200 1500 -261.48
300 1500 -261.48
400 1500 -263.26
500 1500 -263.26
600 1500 -263.26
700 1500 -265.94
800 1500 -265.94
900 1500 -265.94
1000 1500 -268.95
1100 1500 -268.95
1200 1500 -268.95
1300 1500 -271.80
1400 1500 -271.80
1500 1500 -271.80
1600 1500 -273.25
1700 1500 -273.25
1800 1500 -273.25
1900 1500 -272.75
2000 1500 -272.75
2100 1500 -270.25
2200 1500 -270.25
2300 1500 -270.25
2400 1500 -266.94
2500 1500 -266.94
2600 1500 -266.94
2700 1500 -263.52
2800 1500 -263.52
2900 1500 -263.52
3000 1500 -260.77
0 1600 -260.83
100 1600 -260.87
200 1600 -260.87
300 1600 -260.87
400 1600 -262.34
500 1600 -262.34
600 1600 -262.34
700 1600 -264.63
800 1600 -264.63
900 1600 -264.63
1000 1600 -267.48
1100 1600 -267.48
1200 1600 -267.48
1300 1600 -270.15
1400 1600 -270.15
1500 1600 -270.15
1600 1600 -271.53
1700 1600 -271.53
1800 1600 -271.05
1900 1600 -271.05
2000 1600 -271.05
2100 1600 -268.85
2200 1600 -268.85
2300 1600 -268.85
2400 1600 -265.90
2500 1600 -265.90
2600 1600 -265.90
2700 1600 -262.96
2800 1600 -262.96
2900 1600 -262.96
3000 1600 -260.40
0 1700 -260.68
100 1700 -260.62
200 1700 -260.62
300 1700 -260.62
400 1700 -261.89
500 1700 -261.89
600 1700 -261.89
700 1700 -264.03
800 1700 -264.03
900 1700 -264.03
1000 1700 -266.44
1100 1700 -266.44
1200 1700 -266.44
1300 1700 -268.57
1400 1700 -268.57
1500 1700 -269.73
1600 1700 -269.73
1700 1700 -269.73
1800 1700 -269.47
1900 1700 -269.47
2000 1700 -269.47
2100 1700 -267.66
2200 1700 -267.66
2300 1700 -267.66
2400 1700 -264.87
2500 1700 -264.87
2600 1700 -264.87
2700 1700 -262.64
2800 1700 -262.64
2900 1700 -260.07
3000 1700 -260.07
0 1800 -259.96
100 1800 -259.93
200 1800 -259.93
300 1800 -259.93
400 1800 -260.95
500 1800 -260.95
600 1800 -260.95
700 1800 -262.86
800 1800 -262.86
900 1800 -264.83
1000 1800 -264.83
1100 1800 -264.83
1200 1800 -266.69
1300 1800 -266.69
1400 1800 -266.69
1500 1800 -267.77
1600 1800 -267.77
1700 1800 -267.77
1800 1800 -267.64
1900 1800 -267.64
2000 1800 -267.64
2100 1800 -266.23
2200 1800 -266.23
2300 1800 -266.23
2400 1800 -264.01
2500 1800 -264.01
2600 1800 -261.61
2700 1800 -261.61
2800 1800 -261.61
2900 1800 -259.41
3000 1800 -259.41
0 1900 -259.40
100 1900 -259.38
200 1900 -259.38
300 1900 -259.38
400 1900 -260.19
500 1900 -260.19
600 1900 -261.99
700 1900 -261.99
800 1900 -261.99
900 1900 -263.71
1000 1900 -263.71
1100 1900 -263.71
1200 1900 -265.03
1300 1900 -265.03
1400 1900 -265.03
1500 1900 -266.33
1600 1900 -266.33
1700 1900 -266.33
1800 1900 -266.29
1900 1900 -266.29
2000 1900 -264.88
2100 1900 -264.88
2200 1900 -264.88
2300 1900 -263.35
2400 1900 -263.35
2500 1900 -263.35
2600 1900 -260.80
2700 1900 -260.80
2800 1900 -260.80
2900 1900 -259.12
3000 1900 -259.12
0 2000 -259.04
100 2000 -259.04
200 2000 -259.04
300 2000 -259.70
400 2000 -259.70
500 2000 -259.70
600 2000 -261.19
700 2000 -261.19
800 2000 -261.19
900 2000 -262.70
1000 2000 -262.70
1100 2000 -262.70
1200 2000 -264.13
1300 2000 -264.13
1400 2000 -264.13
1500 2000 -264.95
1600 2000 -264.95
1700 2000 -264.99
1800 2000 -264.99
1900 2000 -264.99
2000 2000 -264.17
2100 2000 -264.17
2200 2000 -264.17
2300 2000 -262.63
2400 2000 -262.63
2500 2000 -262.63
2600 2000 -260.83
2700 2000 -260.83
2800 2000 -260.83
2900 2000 -258.98
3000 2000 -258.98
