0	0	0	-280.38	0	0	2.94
100	0	0	-280.37	-0.009075538	0	2.930693176
200	0	0	-280.37	0.02381949	0	2.942552361
300	0	0	-280.37	0.17799788	0	3.077366761
400	0	0	-280.58	0.18246599	0	3.2396014
500	0	0	-280.58	0.023467247	0	3.162982462
600	0	0	-280.58	-0.028012529	0	2.723087337
700	0	0	-280.54	-0.024969639	0	2.578490375
800	0	0	-280.54	0.040157753	0	2.526514662
900	0	0	-280.54	0.152790269	0	2.463088397
1000	0	0	-280.75	0.183222774	0	2.523710356
1100	0	0	-280.75	0.238675848	0	2.516789536
1200	0	0	-280.75	0.556026943	0	2.51559864
1300	0	0	-281.46	0.817994648	0	2.797525721
1400	0	0	-281.46	1.016919169	0	3.043374728
1500	0	0	-282.68	0.948772627	0	3.261088811
1600	0	0	-282.68	0.795306351	0	3.28571833
1700	0	0	-282.68	1.158380738	0	3.353651105
1800	0	0	-284.33	1.153312069	0	3.867704306
1900	0	0	-284.33	0.748926971	0	4.103238493
2000	0	0	-284.33	0.7675899	0	4.123313339
2100	0	0	-285.35	0.712774818	0	4.373376232
2200	0	0	-285.35	0.456421295	0	4.415181955
2300	0	0	-285.35	0.465177464	0	4.24672526
2400	0	0	-285.96	0.429710309	0	4.305693232
2500	0	0	-285.96	0.27342023	0	4.292647397
2600	0	0	-285.96	0.301032612	0	4.148206592
2700	0	0	-286.35	0.297021545	0	4.191998954
2800	0	0	-286.35	0.274574389	0	4.211847594
2900	0	0	-286.35	0.503702735	0	4.220212975
3000	0	0	-287.03	0.488624067	0	4.483002023
3100	0	0	-287.03	0.201399264	0	4.537596021
3200	0	0	-287.03	0.148547931	0	4.3741731
3300	0	0	-287.2	0.085657834	0	4.387708774
3400	0	0	-287.2	-0.152071171	0	4.347627861
3500	0	0	-286.97	-0.184677525	0	4.120975917
3600	0	0	-286.97	-0.116871374	0	4.0723129
3700	0	0	-286.97	-0.602613545	0	4.060882775
3800	0	0	-286.31	-0.580206745	0	3.5446933
3900	0	0	-286.31	-0.05482387	0	3.498470231
4000	0	0	-286.31	0	0	3.65
0	100	0	-280.84	0	0.251784058	3.578850741
100	100	0	-280.84	-0.34990637	0.110264711	3.550560786
200	100	0	-280.42	-0.35430298	0.078338687	3.243872016
300	100	0	-280.42	-0.021945902	0.004545341	3.214706715
400	100	0	-280.42	0.026021692	-0.142510999	3.213117143
500	100	0	-280.44	0.03810126	-0.14329248	3.218331547
600	100	0	-280.44	0.140527207	-0.036731773	3.192568484
700	100	0	-280.44	0.487343635	0.050200079	3.230223173
800	100	0	-281.16	0.530770081	0.178989748	3.556828339
900	100	0	-281.16	0.330276844	0.379764783	3.648928677
1000	100	0	-281.16	0.511532262	0.424251002	3.661812853
1100	100	0	-281.9	0.549340678	0.51107241	3.903374299
1200	100	0	-281.9	0.492110584	0.576543461	3.967161626
1300	100	0	-281.9	0.83297603	0.372138804	3.989880502
1400	100	0	-283.05	1.024619646	0.22617062	4.358805191
1500	100	0	-283.05	0.940038689	0.099399324	4.622826249
1600	100	0	-284	0.733017461	0.097793137	4.741424764
1700	100	0	-284	0.522588354	-0.086071576	4.774666824
1800	100	0	-284	0.591007064	-0.655639267	4.80178122
1900	100	0	-284.79	0.569149913	-0.932340953	4.778323799
2000	100	0	-284.79	0.502002195	-1.105318042	4.665035537
2100	100	0	-284.79	0.686680673	-1.384624539	4.602060982
2200	100	0	-285.79	0.675364139	-1.362302795	4.816123197
2300	100	0	-285.79	0.435139346	-1.123331753	4.880995688
2400	100	0	-285.79	0.39728662	-1.080347045	4.789913127
2500	100	0	-286.26	0.380716158	-0.855707182	4.845243862
2600	100	0	-286.26	0.293823926	-0.355464764	4.853956757
2700	100	0	-286.26	0.335615709	-0.171067774	4.766605452
2800	100	0	-286.68	0.323132627	-0.006028998	4.836119701
2900	100	0	-286.68	0.19791734	0.259432406	4.854041518
3000	100	0	-286.68	0.157721338	0.138150362	4.753739551
3100	100	0	-286.82	0.138699374	0.099197677	4.748005746
3200	100	0	-286.82	0.118643776	0.201945711	4.737107873
3300	100	0	-286.92	0.077645982	0.168900097	4.67799392
3400	100	0	-286.92	0.006771875	0.164752612	4.651548695
3500	100	0	-286.92	-0.018117991	0.29427365	4.621933379
3600	100	0	-286.92	-0.056721954	0.227563562	4.559211476
3700	100	0	-286.92	-0.065877574	-0.310934538	4.5220581
3800	100	0	-286.92	0.184743335	0.109689476	4.539978689
3900	100	0	-287.19	0.228284564	0.189377681	4.751509103
4000	100	0	-287.19	0	0.386174424	4.785976101
0	200	0	-280.77	0	-1.187331534	3.939220049
100	200	0	-280.57	-0.18252091	-1.177117693	3.734400147
200	200	0	-280.57	-0.08189988	-0.717765917	3.699611727
300	200	0	-280.49	-0.042851807	-0.67258804	3.60698183
400	200	0	-280.49	0.034628169	-0.594208019	3.655830791
500	200	0	-280.49	0.129246474	-0.584496639	3.685346565
600	200	0	-280.68	0.165480029	-0.558910558	3.757023056
700	200	0	-280.68	0.190751882	-0.562888946	3.750559207
800	200	0	-280.68	0.369722458	-0.854212867	3.718377173
900	200	0	-281.16	0.398051523	-0.837363586	3.862965669
1000	200	0	-281.16	0.3145304	-0.631179937	3.867446211
1100	200	0	-281.16	0.390968307	-0.739094489	3.722423473
1200	200	0	-281.65	0.417093337	-0.744879125	3.748528556
1300	200	0	-281.65	0.467621807	-0.745250256	3.711044147
1400	200	0	-281.65	0.744179689	-1.057712141	3.652622454
1500	200	0	-282.68	0.820395144	-1.234937967	3.887707304
1600	200	0	-282.68	0.609835451	-1.266533036	3.995690351
1700	200	0	-283.11	0.404948334	-1.208215877	3.870629767
1800	200	0	-283.11	0.307042692	-1.110438528	3.746199096
1900	200	0	-283.11	0.299248196	-0.890047335	3.616922297
2000	200	0	-283.25	0.315306314	-0.583179191	3.365274965
2100	200	0	-283.25	0.455790065	-0.296178805	3.234851755
2200	200	0	-283.25	0.71771408	-0.331578114	3.272340908
2300	200	0	-284.33	0.747133214	-0.269839548	3.356106111
2400	200	0	-284.33	0.697334881	-0.04667938	3.382512748
2500	200	0	-284.33	0.998302511	0.056521431	3.4966183
2600	200	0	-285.95	0.985672019	0.213983233	3.940017609
2700	200	0	-285.95	0.646457311	0.43863416	4.146240362
2800	200	0	-285.95	0.705074568	0.497408607	4.193712893
2900	200	0	-286.98	0.647882095	0.609389836	4.491725641
3000	200	0	-286.98	0.328389339	0.825397019	4.615440562
3100	200	0	-286.98	0.265194613	0.899858859	4.580953716
3200	200	0	-287.32	0.218250351	0.926580261	4.682881801
3300	200	0	-287.32	0.048464736	0.943378394	4.719270864
3400	200	0	-287.27	-0.026697618	0.95454737	4.690450616
3500	200	0	-287.27	-0.121866575	0.970765013	4.666413434
3600	200	0	-287.27	-0.722079562	0.988680349	4.582572113
3700	200	0	-286.21	-0.720487631	0.916099275	4.139721316
3800	200	0	-286.21	-0.079894527	0.811579265	4.068811415
3900	200	0	-286.21	0.221661078	0.540537705	4.146693321
4000	200	0	-286.47	0	0.535914034	4.373379537
0	300	0	-279.36	0	-1.092347545	3.063025768
100	300	0	-279.36	0.119659248	-0.912734628	2.655478225
200	300	0	-279.59	0.150226673	-0.853696847	2.817382596
300	300	0	-279.59	0.101611996	-0.838211332	2.881373587
400	300	0	-279.76	0.114113094	-0.830641973	3.333848591
500	300	0	-279.76	0.07339872	-0.843958331	3.420079299
600	300	0	-279.76	0.162134899	-0.946547454	3.444145405
700	300	0	-280	0.192041327	-0.967246749	3.45665104
800	300	0	-280	0.256295441	-1.019838667	3.419941579
900	300	0	-280	0.553309774	-1.174111387	3.391696698
1000	300	0	-280.89	0.609801359	-1.100803393	3.592402293
1100	300	0	-280.89	0.43564149	-0.865994825	3.582480152
1200	300	0	-280.89	0.485954817	-0.805441553	3.380749745
1300	300	0	-281.56	0.520143014	-0.726383107	3.412373666
1400	300	0	-281.56	0.534931935	-0.662739491	3.457937641
1500	300	0	-281.56	0.731217794	-0.824134485	3.546365497
1600	300	0	-282.62	0.759739552	-0.843723821	3.771994469
1700	300	0	-282.62	0.678682861	-0.638221059	3.800694297
1800	300	0	-282.62	0.909175605	-0.379619735	3.715678943
1900	300	0	-284.11	1.09640925	-0.12034185	3.942207269
2000	300	0	-284.11	1.095870726	0.223800154	4.117639496
2100	300	0	-285.51	0.93828175	0.524806174	4.153567326
2200	300	0	-285.51	0.701703396	0.717044211	4.052141522
2300	300	0	-285.51	0.72003808	0.657328513	3.890985103
2400	300	0	-286.44	0.723647599	0.734511109	3.979933176
2500	300	0	-286.44	0.641378771	0.886579813	4.063095716
2600	300	0	-286.44	0.675936654	0.656394713	4.066097331
2700	300	0	-287.21	0.619041083	0.626637379	4.220667143
2800	300	0	-287.21	0.493888303	0.795923251	4.343293442
2900	300	0	-287.21	0.525905752	0.65454183	4.439013588
3000	300	0	-287.86	0.448190361	0.641176577	4.643239844
3100	300	0	-287.86	0.239882616	0.784706215	4.760858082
3200	300	0	-287.86	0.162163311	0.756166575	4.845212697
3300	300	0	-288.02	0.105613092	0.749091197	4.91469951
3400	300	0	-288.02	0.034158494	0.802095307	4.920048444
3500	300	0	-288.02	0.016014988	0.800380938	4.876725537
3600	300	0	-288.14	-0.111387692	0.772186597	4.906149449
3700	300	0	-288.14	-0.242978659	1.339765876	4.931736488
3800	300	0	-287.96	-0.190818234	1.38287688	4.833858408
3900	300	0	-287.96	-0.047380667	1.053295207	4.811994858
4000	300	0	-287.96	0	0.687762982	5.040126621
0	400	0	-279.79	0	-0.768837498	3.337687289
100	400	0	-279.79	0.056129788	-0.639129545	3.287655668
200	400	0	-279.79	-0.007376584	-0.808034123	3.521490466
300	400	0	-279.77	-0.019796933	-0.944803029	3.53554713
400	400	0	-279.77	0.02888117	-1.074685835	3.638808695
500	400	0	-279.8	0.013340993	-1.11734865	3.647159499
600	400	0	-279.8	0.042191612	-1.212915822	3.5915863
700	400	0	-279.8	0.117460669	-1.301665972	3.429123187
800	400	0	-279.95	0.16285782	-1.32389426	3.3950144
900	400	0	-279.95	0.317086797	-1.404073112	3.268906791
1000	400	0	-279.95	0.622646963	-1.595650855	3.114073261
1100	400	0	-280.89	0.686330147	-1.50463484	3.23900049
1200	400	0	-280.89	0.556705054	-1.198347605	3.261945838
1300	400	0	-280.89	0.610323869	-1.102876573	3.178036569
1400	400	0	-281.72	0.646428312	-0.977603238	3.256601237
1500	400	0	-281.72	0.639410814	-0.799651358	3.296806392
1600	400	0	-281.72	0.795748877	-0.788202257	3.273801294
1700	400	0	-282.79	0.86905242	-0.589381242	3.419893546
1800	400	0	-282.79	0.824921901	-0.187325113	3.514259336
1900	400	0	-282.79	0.902668085	-0.029901447	3.544485795
2000	400	0	-283.49	0.960454338	0.138806846	3.712529275
2100	400	0	-283.49	0.949034122	0.056954217	3.828770731
2200	400	0	-284.63	0.85023642	0.091217805	3.837832802
2300	400	0	-284.63	0.764600111	0.262404768	3.738217655
2400	400	0	-284.63	0.92658618	0.264511535	3.70872687
2500	400	0	-286.1	0.920186115	0.342263149	3.977916677
2600	400	0	-286.1	0.725729586	0.506726452	4.082114742
2700	400	0	-286.1	0.785985849	0.515067801	4.095304391
2800	400	0	-287.29	0.732979019	0.579417255	4.335195846
2900	400	0	-287.29	0.493135421	0.699721943	4.479081912
3000	400	0	-287.29	0.458553724	0.648250484	4.511321523
3100	400	0	-287.89	0.380184611	0.666192414	4.659461931
3200	400	0	-287.89	0.182635332	0.766605445	4.743210783
3300	400	0	-287.89	0.094393468	0.772733595	4.72943041
3400	400	0	-287.98	0.024592123	0.77507311	4.731874153
3500	400	0	-287.98	-0.151775284	0.771901154	4.707133401
3600	400	0	-287.65	-0.182694624	0.702868677	4.619951686
3700	400	0	-287.65	-0.109797349	0.772566356	4.623896155
3800	400	0	-287.65	-0.366365195	0.80576377	4.587143251
3900	400	0	-287.13	-0.47345282	0.739147822	4.419692378
4000	400	0	-287.13	0	0.105243022	4.3530253
0	500	0	-278.73	0	-1.21193886	3.27988457
100	500	0	-278.93	0.080462623	-1.206970444	3.413397763
200	500	0	-278.93	-0.155446811	-1.329476157	3.451216596
300	500	0	-278.69	-0.165039716	-1.361185215	3.405058959
400	500	0	-278.69	-0.058432528	-1.484225	3.406603501
500	500	0	-278.69	-0.064831267	-1.536524495	3.395526213
600	500	0	-278.54	-0.022182422	-1.532363578	3.344048917
700	500	0	-278.54	0.081062889	-1.459327696	3.286716225
800	500	0	-278.54	0.153888301	-1.386705296	3.244938305
900	500	0	-278.67	0.281553179	-1.289937929	3.096127581
1000	500	0	-278.67	0.509239631	-1.15417254	2.923737954
1100	500	0	-278.67	0.83294474	-1.186676421	2.821655243
1200	500	0	-280.01	0.887713085	-1.048370005	2.999781856
1300	500	0	-280.01	0.740887382	-0.759407428	3.040294471
1400	500	0	-280.01	0.83815715	-0.635152898	2.943463944
1500	500	0	-281.22	0.920618774	-0.431237236	3.063747477
1600	500	0	-281.22	0.970009668	-0.10719147	3.15503367
1700	500	0	-281.22	1.279560006	0.030364722	3.242448396
1800	500	0	-283.31	1.4686554	0.215315621	3.628344791
1900	500	0	-283.31	1.422541209	0.488593938	3.994442287
2000	500	0	-285.04	1.18272639	0.609857812	4.278661303
2100	500	0	-285.04	0.890692709	0.653023841	4.391629901
2200	500	0	-285.04	0.907153947	0.585255261	4.436997238
2300	500	0	-286.4	0.89333181	0.615977136	4.47215618
2400	500	0	-286.4	0.80350598	0.689500286	4.495380415
2500	500	0	-286.4	0.883593689	0.558319081	4.602595431
2600	500	0	-287.62	0.848741306	0.581604991	4.677223661
2700	500	0	-287.62	0.691731886	0.732752025	4.647183945
2800	500	0	-287.62	0.678542445	0.646794897	4.607729334
2900	500	0	-288.47	0.594738981	0.661739543	4.750248654
3000	500	0	-288.47	0.414660831	0.801505167	4.839158949
3100	500	0	-288.47	0.358237576	0.773037635	4.824559239
3200	500	0	-288.9	0.268704492	0.772835495	4.893667025
3300	500	0	-288.9	0.114080756	0.82774417	4.917750779
3400	500	0	-288.9	0.033326054	0.815532826	4.874357118
3500	500	0	-288.94	-0.056189445	0.815257129	4.867895521
3600	500	0	-288.94	-0.11072249	0.867192889	4.828701264
3700	500	0	-288.9	-0.140083566	0.787368335	4.839568623
3800	500	0	-288.9	-0.224236768	0.572875933	4.829145147
3900	500	0	-288.9	-0.747901414	0.720268553	4.761658597
4000	500	0	-287.83	0	0.679452999	4.344131939
0	600	0	-278.32	0	-1.088662284	3.44094912
100	600	0	-278.32	-0.061407508	-1.195243315	3.565438369
200	600	0	-278.13	-0.161591355	-1.201181978	3.501813182
300	600	0	-278.13	-0.174545777	-1.122659952	3.471478203
400	600	0	-277.93	-0.146458111	-1.236327552	3.447853741
500	600	0	-277.93	-0.034797585	-1.302815105	3.436919943
600	600	0	-277.93	0.119388411	-1.251930826	3.429207223
700	600	0	-278.19	0.263118951	-1.146123662	3.44282573
800	600	0	-278.19	0.332247587	-0.867623219	3.466561838
900	600	0	-278.19	0.549619553	-0.656086652	3.4430571
1000	600	0	-279.12	0.725908471	-0.455813121	3.400359854
1100	600	0	-279.12	0.792132682	-0.209992119	3.266449517
1200	600	0	-279.12	0.983974047	-0.167567705	3.132457361
1300	600	0	-280.52	1.023540976	0.009190383	3.25728407
1400	600	0	-280.52	0.974598504	0.3240315	3.329386514
1500	600	0	-280.52	1.167372241	0.445447038	3.34851916
1600	600	0	-282.33	1.257350835	0.641887731	3.607743852
1700	600	0	-282.33	1.191559511	0.870160997	3.796357026
1800	600	0	-282.33	1.283151117	0.714013978	3.89246621
1900	600	0	-284	1.297210276	0.482063827	4.15937005
2000	600	0	-284	1.12488424	0.279468377	4.361881971
2100	600	0	-284.95	0.92443157	0.386248764	4.387428331
2200	600	0	-284.95	0.813189715	0.567743528	4.389991059
2300	600	0	-284.95	0.868845137	0.511232062	4.401319916
2400	600	0	-286.1	0.868928126	0.624073015	4.423540095
2500	600	0	-286.1	0.81229082	0.809455536	4.46210801
2600	600	0	-286.1	0.900162529	0.798466889	4.524587787
2700	600	0	-287.44	0.851175755	0.838142214	4.593778761
2800	600	0	-287.44	0.661966537	0.972952476	4.55771463
2900	600	0	-287.44	0.647845691	0.975249618	4.543961262
3000	600	0	-288.34	0.569851816	1.03349353	4.730430478
3100	600	0	-288.34	0.351514939	1.152612841	4.776702091
3200	600	0	-288.34	0.237341868	1.096932637	4.714700504
3300	600	0	-288.61	0.137090799	1.048754803	4.74944178
3400	600	0	-288.61	0.012105082	1.010270806	4.753765811
3500	600	0	-288.61	-0.100115222	0.937494401	4.76084864
3600	600	0	-288.45	-0.210583419	0.92384417	4.699181254
3700	600	0	-288.45	-0.404114305	0.727241289	4.63651709
3800	600	0	-287.93	-0.433464977	0.51302562	4.59342215
3900	600	0	-287.93	-0.366875754	0.269400797	4.570994792
4000	600	0	-287.93	0	0.830435183	4.445342044
0	700	0	-277.97	0	-1.657208239	3.549114204
100	700	0	-277.97	-0.032057071	-1.6868733	3.59143787
200	700	0	-277.97	-0.082863449	-1.605638146	3.606626573
300	700	0	-277.94	-0.20018529	-1.612004951	3.572432947
400	700	0	-277.94	-0.238587681	-1.80538876	3.456753405
500	700	0	-277.8	-0.080434541	-1.88956101	3.429475929
600	700	0	-277.8	0.134509021	-1.903177646	3.450888247
700	700	0	-277.8	0.465370495	-1.922808786	3.486962469
800	700	0	-278.65	0.643925311	-1.754354708	3.591202726
900	700	0	-278.65	0.693363277	-1.387068355	3.658760411
1000	700	0	-278.65	0.955334164	-1.216728019	3.706040845
1100	700	0	-280.08	1.121190157	-0.98296533	3.728099196
1200	700	0	-280.08	1.106895586	-0.532735035	3.644880488
1300	700	0	-280.08	1.232486586	-0.349132186	3.582867884
1400	700	0	-281.89	1.274413805	-0.15652792	3.838844963
1500	700	0	-281.89	1.238475006	0.142977522	3.930216784
1600	700	0	-281.89	1.394723627	0.195966603	4.028481794
1700	700	0	-284.08	1.351686253	0.273615131	4.378877984
1800	700	0	-284.08	1.080558231	0.374037113	4.473400036
1900	700	0	-284.08	0.987995608	0.273814274	4.392720712
2000	700	0	-284.88	1.086911327	0.191145008	4.440802952
2100	700	0	-284.88	1.17896786	0.324814921	4.582802689
2200	700	0	-286.55	1.032137245	0.507407158	4.665158037
2300	700	0	-286.55	0.949661296	0.602972821	4.639590866
2400	700	0	-286.55	1.101729454	0.827512948	4.711503247
2500	700	0	-287.88	1.057987563	1.228658307	4.789728576
2600	700	0	-287.88	0.877427985	1.50846796	4.807262442
2700	700	0	-287.88	0.866217473	1.430050876	4.817385745
2800	700	0	-289.04	0.815649849	1.516987844	4.822889968
2900	700	0	-289.04	0.655280035	1.7557444	4.835920787
3000	700	0	-289.04	0.592024055	1.799160504	4.944906234
3100	700	0	-289.85	0.421676684	1.790330228	5.02713407
3200	700	0	-289.85	0.164846453	1.748731894	5.00959924
3300	700	0	-289.85	0.027418925	1.574887736	4.992417142
3400	700	0	-289.85	-0.077934348	1.465291253	4.997124702
3500	700	0	-289.85	-0.142616082	1.32183589	5.038869255
3600	700	0	-289.85	-0.320975602	1.350982656	5.042878932
3700	700	0	-289.33	-0.550902116	1.279720516	4.93815591
3800	700	0	-289.33	-0.68207726	1.088619181	4.784160184
3900	700	0	-288.68	-0.430491851	0.750511419	4.711429845
4000	700	0	-288.68	0	0.875236077	4.794660343
0	800	0	-277	0	-2.692723132	3.043179802
100	800	0	-277.01	-0.009837415	-2.706276601	3.056164092
200	800	0	-277.01	-0.086723006	-2.69226169	3.09279368
300	800	0	-277.01	-0.374296392	-2.807303855	3.031787305
400	800	0	-276.26	-0.42401417	-2.856159375	2.755420543
500	800	0	-276.26	-0.13258647	-2.928023512	2.726272095
600	800	0	-276.26	0.086140635	-2.976633609	2.775610902
700	800	0	-276.34	0.411941889	-3.025266246	2.75192124
800	800	0	-276.34	0.867988017	-3.031676062	2.842813473
900	800	0	-277.57	1.087246242	-2.633488912	3.010161855
1000	800	0	-277.57	1.130011497	-2.150612385	3.150816206
1100	800	0	-277.57	1.476125666	-2.080214984	3.277944675
1200	800	0	-279.95	1.617807191	-1.64540038	3.509517646
1300	800	0	-279.95	1.399748091	-1.17289143	3.641517646
1400	800	0	-279.95	1.466708212	-1.124557754	3.829407684
1500	800	0	-282.03	1.519866765	-0.810034813	4.017486335
1600	800	0	-282.03	1.387988443	-0.444140173	4.17631942
1700	800	0	-282.03	1.36963002	-0.434799884	4.394188259
1800	800	0	-283.84	1.28335026	-0.33860921	4.480139395
1900	800	0	-283.84	1.114318171	-0.012560406	4.368100419
2000	800	0	-283.84	1.175884888	0.164299527	4.264241658
2100	800	0	-285.56	1.24069372	0.196736056	4.427710215
2200	800	0	-285.56	1.091347614	0.255731589	4.524553447
2300	800	0	-285.56	1.188950927	0.435398945	4.394213897
2400	800	0	-287.26	1.494613612	0.650714033	4.554621405
2500	800	0	-287.26	1.493245832	1.010998094	4.833390299
2600	800	0	-288.95	1.101555098	1.310382825	4.856928007
2700	800	0	-288.95	0.859695639	1.369619074	4.74700239
2800	800	0	-288.95	0.987660061	1.444368056	4.77765479
2900	800	0	-290.22	0.930018351	1.768903161	4.895927742
3000	800	0	-290.22	0.604437644	2.083675447	5.025871357
3100	800	0	-290.22	0.301086329	2.05116837	5.087337829
3200	800	0	-290.39	0.021899376	2.0264521	5.084331905
3300	800	0	-290.39	-0.146349843	1.797575059	5.005919687
3400	800	0	-290.39	-0.240946763	1.6337881	5.005591817
3500	800	0	-289.91	-0.214423818	1.592134015	5.12560953
3600	800	0	-289.91	-0.252698794	1.575306293	5.302637337
3700	800	0	-289.91	-0.66647778	1.444532512	5.469178292
3800	800	0	-288.94	-0.962674074	1.385166424	5.22389335
3900	800	0	-288.94	-0.580258857	0.942913469	4.88138297
4000	800	0	-288.94	0	0.617102787	5.109998811
0	900	0	-274.87	0	-2.992434223	1.95545601
100	900	0	-274.87	-0.031595628	-3.046782877	1.963369432
200	900	0	-274.85	-0.183890703	-3.075395097	2.022741045
300	900	0	-274.85	-0.364082975	-3.375723906	1.945604918
400	900	0	-274.85	-0.359307338	-3.366385031	1.814113209
500	900	0	-274.5	-0.200908774	-3.372842868	1.831492262
600	900	0	-274.5	0.037266287	-3.477323681	1.849329345
700	900	0	-274.5	0.410328042	-3.458973862	1.681485417
800	900	0	-274.93	1.035702645	-3.405553419	1.732369592
900	900	0	-274.93	1.574426955	-3.085699618	2.078127708
1000	900	0	-277.26	1.508608092	-2.671011887	2.330103934
1100	900	0	-277.26	1.626402162	-2.462239282	2.396476942
1200	900	0	-277.26	2.01421914	-2.153894135	2.788136976
1300	900	0	-280.02	1.753329211	-1.801624202	3.098804999
1400	900	0	-280.02	1.637270422	-1.618148166	3.192970566
1500	900	0	-280.02	1.918892587	-1.292768023	3.516309519
1600	900	0	-282.52	1.769958556	-0.806939419	3.882589921
1700	900	0	-282.52	1.457217215	-0.499885181	4.056937951
1800	900	0	-282.52	1.502797708	-0.466337725	4.114870659
1900	900	0	-284.86	1.490904346	-0.13764684	4.11473036
2000	900	0	-284.86	1.296207788	0.274882191	4.000843571
2100	900	0	-284.86	1.270399921	0.388298677	3.989793251
2200	900	0	-286.51	1.270800134	0.47698205	4.170396461
2300	900	0	-286.51	1.34464374	0.801149125	4.180898672
2400	900	0	-286.51	1.677328602	0.935590952	4.279290571
2500	900	0	-289.27	1.717656355	0.971699968	4.728134495
2600	900	0	-289.27	1.236048965	1.1425069	4.839669524
2700	900	0	-289.27	1.000202703	1.442192899	4.601398743
2800	900	0	-290.3	1.214933936	1.664653268	4.619710068
2900	900	0	-290.3	1.294587426	1.970584489	4.927215073
3000	900	0	-291.83	0.874289264	2.267159084	5.227171418
3100	900	0	-291.83	0.364453338	2.395139645	5.323090522
3200	900	0	-291.83	-0.088746858	2.569252991	5.373065238
3300	900	0	-291.06	-0.365245076	2.536390576	5.218176603
3400	900	0	-291.06	-0.283375392	2.347198202	5.180240713
3500	900	0	-291.06	-0.201097888	2.340521498	5.291718088
3600	900	0	-291.21	-0.468577105	1.963464889	5.546279049
3700	900	0	-291.21	-0.741041985	1.262644084	5.581311455
3800	900	0	-291.21	-1.183696303	1.183303119	5.652501201
3900	900	0	-289.39	-1.198555489	1.237499961	4.915555761
4000	900	0	-289.39	0	0.517728157	4.840075526
0	1000	0	-273.47	0	-2.360188843	1.47234802
100	1000	0	-273.47	-0.092798288	-2.476599888	1.485874172
200	1000	0	-273.47	-0.415664035	-2.514004876	1.511944046
300	1000	0	-272.72	-0.665286326	-2.870321075	1.328845911
400	1000	0	-272.72	-0.421133133	-3.264153944	1.240703513
500	1000	0	-272.72	-0.243525121	-3.326554721	1.269386852
600	1000	0	-272.55	9.64073e-06	-3.647536821	1.283446822
700	1000	0	-272.55	0.483712152	-3.592607419	1.179516608
800	1000	0	-272.55	1.241262261	-3.492037368	1.1612319
900	1000	0	-274.76	1.821787774	-3.46367426	1.693257436
1000	1000	0	-274.76	1.753471834	-3.082098054	1.940206937
1100	1000	0	-274.76	1.993243418	-2.516495366	1.857847126
1200	1000	0	-278.09	2.27842227	-2.333560226	2.327843514
1300	1000	0	-278.09	1.93549406	-2.128641395	2.722262256
1400	1000	0	-278.09	1.97556439	-1.724723083	2.704095301
1500	1000	0	-281.08	2.331075512	-1.504572861	3.115278786
1600	1000	0	-281.08	2.180871286	-1.215355985	3.659560524
1700	1000	0	-283.29	1.710231714	-0.85841924	3.84110826
1800	1000	0	-283.29	1.645588601	-0.654282565	3.857469959
1900	1000	0	-283.29	1.855538087	-0.337243427	4.03677051
2000	1000	0	-285.35	1.701830405	0.142646395	4.122720761
2100	1000	0	-285.35	1.442793579	0.538800566	4.157835632
2200	1000	0	-285.35	1.504198063	0.633522546	4.28891601
2300	1000	0	-287.53	1.64755983	0.96011151	4.435381008
2400	1000	0	-287.53	1.665164454	1.367944771	4.582584506
2500	1000	0	-287.53	1.700161779	1.390207985	4.859535056
2600	1000	0	-289.7	1.572048029	1.501216412	4.977746279
2700	1000	0	-289.7	1.381842007	2.123518085	4.861354909
2800	1000	0	-289.7	1.516051651	2.593840058	4.782720146
2900	1000	0	-292.04	1.532524166	2.723860408	5.157260462
3000	1000	0	-292.04	1.0289928	2.93965459	5.572350464
3100	1000	0	-292.04	0.603180237	3.185637591	5.708120579
3200	1000	0	-293.1	0.163150307	3.28761637	5.897662007
3300	1000	0	-293.1	-0.368404631	3.369787171	5.862600997
3400	1000	0	-292.4	-0.436815841	3.216852636	5.851924911
3500	1000	0	-292.4	-0.598157131	2.982339999	5.945810164
3600	1000	0	-292.4	-1.330576208	2.25401792	5.816690035
3700	1000	0	-290.41	-1.446639551	1.510124423	5.428414288
3800	1000	0	-290.41	-0.987818197	0.882579794	5.361520637
3900	1000	0	-290.41	-1.245833819	1.486647611	5.054007462
4000	1000	0	-288.77	0	1.183263973	4.670367453
0	1100	0	-272.53	0	-1.700938433	1.412656061
100	1100	0	-272.3	-0.185411662	-1.820660962	1.445800016
200	1100	0	-272.3	-0.577611891	-1.92575526	1.484239337
300	1100	0	-272.3	-1.114232043	-2.310910698	1.136283354
400	1100	0	-271.07	-0.815540983	-2.896963094	0.912566017
500	1100	0	-271.07	-0.584291652	-3.22072528	0.90767566
600	1100	0	-271.07	-0.228786411	-3.913221649	0.606151446
700	1100	0	-271.75	0.565827495	-4.121095797	0.529871922
800	1100	0	-271.75	1.164635804	-3.947245964	0.586947133
900	1100	0	-271.75	1.984366269	-4.155404369	0.920378297
1000	1100	0	-274.69	2.455786986	-3.597202373	1.326163584
1100	1100	0	-274.69	2.37493999	-2.447906175	1.485293508
1200	1100	0	-274.69	2.402073111	-2.092392817	1.685044605
1300	1100	0	-277.65	2.362166354	-1.879426821	2.227760486
1400	1100	0	-277.65	2.261338957	-1.15243389	2.446328321
1500	1100	0	-277.65	2.428259685	-0.932016637	2.688856433
1600	1100	0	-281.01	2.416112176	-0.910939657	3.327010192
1700	1100	0	-281.01	2.018290636	-0.616201931	3.644045621
1800	1100	0	-281.01	2.023973521	-0.276759045	3.68592446
1900	1100	0	-284.4	2.287833306	-0.167601902	4.100169186
2000	1100	0	-284.4	2.172251781	-0.012778685	4.537875447
2100	1100	0	-287.24	1.761276072	0.232195421	4.71949214
2200	1100	0	-287.24	1.692111078	0.360151671	4.744466612
2300	1100	0	-287.24	2.079065965	0.608645037	4.973113166
2400	1100	0	-290.17	2.107425077	1.122076093	5.290485698
2500	1100	0	-290.17	1.850927997	1.547481102	5.531346436
2600	1100	0	-290.17	1.969359065	1.684301317	5.675295517
2700	1100	0	-292.93	2.092826349	2.370419969	5.870009219
2800	1100	0	-292.93	1.815276259	3.227419542	5.970301384
2900	1100	0	-292.93	1.640401958	3.368559794	6.114804433
3000	1100	0	-294.87	1.336066447	3.746870417	6.609357296
3100	1100	0	-294.87	0.712415118	4.142441752	6.814443933
3200	1100	0	-294.87	0.095402722	4.056782983	6.883283495
3300	1100	0	-294.64	-0.43600881	3.980433364	6.819220513
3400	1100	0	-294.64	-0.670822563	3.719458801	6.78104678
3500	1100	0	-294.64	-1.163932605	3.135144121	6.887300795
3600	1100	0	-292.67	-1.940792682	2.736886818	6.532163011
3700	1100	0	-292.67	-2.112480111	2.225936855	5.768224887
3800	1100	0	-290.68	-1.207173115	1.614041017	5.46103694
3900	1100	0	-290.68	-0.897871309	1.717121987	5.657060201
4000	1100	0	-290.68	0	1.7797791	5.261027019
0	1200	0	-272.13	0	-1.573163782	1.433821322
100	1200	0	-272.13	-0.317615115	-1.703159659	1.488575618
200	1200	0	-272.13	-0.905913772	-2.019426832	1.524739726
300	1200	0	-270.43	-1.63649416	-2.138143222	0.976208471
400	1200	0	-270.43	-1.330947715	-2.829370146	0.345676912
500	1200	0	-270.43	-1.259783676	-3.483990211	0.20651389
600	1200	0	-267.74	-0.900360876	-3.798781017	-0.536013753
700	1200	0	-267.74	0.449687836	-4.189721734	-0.798798628
800	1200	0	-269.57	1.20695369	-4.16587712	-0.716807228
900	1200	0	-269.57	2.171831365	-4.148142514	-0.60513978
1000	1200	0	-269.57	3.460970027	-3.595639647	0.140699021
1100	1200	0	-274.55	3.498052973	-2.470928003	0.996566709
1200	1200	0	-274.55	2.846901625	-1.528099589	1.508344805
1300	1200	0	-274.55	2.875452988	-1.354261146	2.027803768
1400	1200	0	-279.13	2.922974575	-0.727799191	2.588685361
1500	1200	0	-279.13	2.572569745	-0.096929573	3.004019119
1600	1200	0	-279.13	2.496685992	-0.035826401	3.527082247
1700	1200	0	-282.8	2.344412326	0.04154437	3.934678358
1800	1200	0	-282.8	2.094188629	0.356642103	4.062388933
1900	1200	0	-282.8	2.119518447	0.276712216	4.278823244
2000	1200	0	-285.26	2.101627728	0.102610012	4.73300616
2100	1200	0	-285.26	1.815723935	0.161034754	4.900688932
2200	1200	0	-285.26	1.880647678	0.385337649	4.753019501
2300	1200	0	-287.78	2.409484252	0.510143304	4.987038532
2400	1200	0	-287.78	2.604000519	0.76151965	5.52179623
2500	1200	0	-291.14	2.262387003	1.146486415	5.834699169
2600	1200	0	-291.14	2.394986897	1.460702879	5.934972951
2700	1200	0	-291.14	2.924960233	2.088314293	6.457360284
2800	1200	0	-295.5	2.514191476	2.885892663	6.978028926
2900	1200	0	-295.5	2.05197504	3.436649628	7.160660897
3000	1200	0	-295.5	1.802874758	4.236624618	7.766332069
3100	1200	0	-297.26	0.913092803	4.52533021	8.018380288
3200	1200	0	-297.26	0.001141919	4.426915882	7.967080843
3300	1200	0	-297.26	-0.705728812	4.23612525	7.851348021
3400	1200	0	-296.02	-1.282105084	3.949268406	7.670902528
3500	1200	0	-296.02	-1.580729115	2.995882621	7.511818988
3600	1200	0	-296.02	-2.239783474	2.616135735	7.492555274
3700	1200	0	-292.67	-2.569485352	2.632785498	6.376732784
3800	1200	0	-292.67	-1.496633065	2.168581429	5.963434599
3900	1200	0	-292.67	-1.080095736	1.368337985	6.4575333
4000	1200	0	-291.15	0	1.487368999	6.154237159
0	1300	0	-271.22	0	-1.739375975	1.101471882
100	1300	0	-270.68	-0.631674712	-1.751220368	1.171112913
200	1300	0	-270.68	-1.012595454	-2.275804928	0.975900469
300	1300	0	-270.68	-1.924175357	-2.284258282	0.682245209
400	1300	0	-267.38	-2.161387972	-2.398735334	-0.459125775
500	1300	0	-267.38	-1.553702522	-3.226532782	-1.007516746
600	1300	0	-267.38	-0.934517935	-3.16990486	-1.593825796
700	1300	0	-266.29	0.198731392	-3.20926961	-1.953979529
800	1300	0	-266.29	1.206215023	-3.174597061	-1.984982439
900	1300	0	-266.29	2.554603742	-2.942087532	-2.060561641
1000	1300	0	-270.83	4.133001498	-2.877242618	-1.070007213
1100	1300	0	-270.83	4.442480047	-2.428338826	0.357303415
1200	1300	0	-276.4	3.518739968	-1.736169105	1.277813351
1300	1300	0	-276.4	3.162466752	-1.441606038	1.675877623
1400	1300	0	-276.4	3.518670529	-0.997694662	2.471640054
1500	1300	0	-280.54	3.120232475	-0.280033732	3.240268184
1600	1300	0	-280.54	2.55458612	0.219513056	3.748404802
1700	1300	0	-280.54	2.410759139	0.239939044	4.112772645
1800	1300	0	-284.01	2.259141367	0.303522431	4.367747886
1900	1300	0	-284.01	2.033801215	0.425798043	4.553956218
2000	1300	0	-284.01	2.056574319	0.354664449	4.852252125
2100	1300	0	-287.02	2.044003709	0.379852685	5.026655095
2200	1300	0	-287.02	2.041219628	0.717584675	4.911314738
2300	1300	0	-287.02	2.455247966	0.787149098	4.952030203
2400	1300	0	-290.66	2.743768189	0.714609182	5.529663189
2500	1300	0	-290.66	2.550111225	0.937390103	5.822676599
2600	1300	0	-290.66	2.911186943	1.38769003	5.782197049
2700	1300	0	-295.44	3.518016133	1.683679344	6.490005457
2800	1300	0	-295.44	3.163611594	2.269311406	7.411788289
2900	1300	0	-295.44	2.991133913	3.219391942	7.842801195
3000	1300	0	-299.55	2.424747029	3.997650907	8.852693337
3100	1300	0	-299.55	0.902706383	4.029941179	9.244907996
3200	1300	0	-299.35	-0.193802238	4.070847664	9.160078288
3300	1300	0	-299.35	-0.913656286	3.801258615	8.993156205
3400	1300	0	-299.35	-1.911065193	3.592893187	8.729634077
3500	1300	0	-295.71	-2.497065275	3.187414106	8.130257089
3600	1300	0	-295.71	-2.303889805	2.270624465	7.770139213
3700	1300	0	-295.71	-2.560034417	2.339225624	7.047973113
3800	1300	0	-292.38	-2.471620629	2.355819311	6.537872643
3900	1300	0	-292.38	-1.57908374	0.928790559	6.431915538
4000	1300	0	-292.38	0	0.713535269	6.698268568
0	1400	0	-270.05	0	-1.482452606	0.862116333
100	1400	0	-270.05	-0.854044067	-1.410172412	0.864694012
200	1400	0	-268.44	-1.438951686	-1.469517706	0.36628117
300	1400	0	-268.44	-1.759424566	-2.011908426	-0.07712865
400	1400	0	-268.44	-2.273222214	-1.711038435	-0.908939259
500	1400	0	-264.94	-2.030953201	-1.719050055	-1.783549848
600	1400	0	-264.94	-0.883097705	-1.957988029	-2.379629483
700	1400	0	-264.94	0.444995635	-1.83104864	-2.604916877
800	1400	0	-266.57	1.474135768	-1.723260323	-2.508494695
900	1400	0	-266.57	2.469185808	-1.312536283	-2.525516641
1000	1400	0	-266.57	3.974718733	-1.58655267	-1.969490359
1100	1400	0	-272.78	4.639126486	-1.951284475	-0.368903733
1200	1400	0	-272.78	3.833634412	-1.688233648	0.619788778
1300	1400	0	-272.78	3.613927431	-1.168164747	0.84114294
1400	1400	0	-278.46	4.084546881	-1.073979623	1.781889344
1500	1400	0	-278.46	3.789777463	-0.781357224	2.913656388
1600	1400	0	-282.21	3.016658768	-0.236306768	3.594609021
1700	1400	0	-282.21	2.428421701	0.143474982	3.961645623
1800	1400	0	-282.21	2.280047628	0.093632868	4.205633498
1900	1400	0	-285.52	2.170660465	0.073325738	4.401647411
2000	1400	0	-285.52	2.055682371	0.218282527	4.605380799
2100	1400	0	-285.52	2.178644161	0.207468089	4.778114129
2200	1400	0	-288.83	2.287944091	0.324736091	4.855788887
2300	1400	0	-288.83	2.406508759	0.589580325	4.954601736
2400	1400	0	-288.83	2.754241524	0.560480237	5.352743433
2500	1400	0	-292.87	2.935467851	0.677413206	5.666929065
2600	1400	0	-292.87	3.141276139	1.235302055	5.71804091
2700	1400	0	-292.87	3.806581609	1.30666142	6.167949739
2800	1400	0	-298.9	4.049904074	1.422024435	7.444723527
2900	1400	0	-298.9	3.780314541	2.214783483	8.419737426
3000	1400	0	-302.65	2.613423994	2.343069834	9.456316547
3100	1400	0	-302.65	0.98628956	2.345134292	9.839448713
3200	1400	0	-302.65	-0.227540645	2.751561875	10.00450246
3300	1400	0	-301.05	-1.183683289	2.754237923	9.875281841
3400	1400	0	-301.05	-1.895949593	2.29675974	9.608243502
3500	1400	0	-301.05	-2.902997837	2.312860189	9.056954595
3600	1400	0	-296.35	-3.087971956	2.223374699	8.273554558
3700	1400	0	-296.35	-2.484290506	1.296018974	7.659728942
3800	1400	0	-296.35	-2.90706813	1.299215176	7.225357914
3900	1400	0	-291.97	-2.722379778	1.245543085	6.503164572
4000	1400	0	-291.97	0	0.105655749	6.439851822
0	1500	0	-269.28	0	-0.693593184	0.831839655
100	1500	0	-269.28	-0.618739811	-0.788225985	0.76517872
200	1500	0	-269.28	-1.614331468	-0.288756127	0.449928573
300	1500	0	-266.42	-2.165696086	-0.447387801	-0.370816927
400	1500	0	-266.42	-1.868529601	-0.804366528	-1.10371
500	1500	0	-266.42	-1.800652116	-0.031931224	-1.711899272
600	1500	0	-263.76	-1.04651652	0.079924489	-2.472117048
700	1500	0	-263.76	0.433459098	0.1972305	-2.707062457
800	1500	0	-263.76	1.72472738	0.212159658	-2.572875801
900	1500	0	-266.79	2.691311395	0.393190517	-2.336230255
1000	1500	0	-266.79	3.494253306	0.70642115	-1.833986093
1100	1500	0	-266.79	4.340799069	0.174773259	-0.715604836
1200	1500	0	-273.53	4.301859697	-0.071140173	0.287085099
1300	1500	0	-273.53	3.776720777	0.499425513	0.669779767
1400	1500	0	-273.53	3.905478053	0.284382443	1.20906859
1500	1500	0	-278.83	3.95790533	-0.137897849	2.343858629
1600	1500	0	-278.83	3.479418325	-0.126448039	3.135216591
1700	1500	0	-282.58	2.740698775	0.195704437	3.596754631
1800	1500	0	-282.58	2.188992123	0.331615782	3.826129839
1900	1500	0	-282.58	2.158450873	0.117229945	3.970481469
2000	1500	0	-285.65	2.190716669	0.212328994	4.173310837
2100	1500	0	-285.65	2.150457274	0.361232306	4.353442763
2200	1500	0	-285.65	2.423331865	0.247902915	4.492405991
2300	1500	0	-289.24	2.690992112	0.542888552	4.7281202
2400	1500	0	-289.24	2.83160107	1.01878488	5.069221898
2500	1500	0	-289.24	3.224933044	1.177595218	5.433959912
2600	1500	0	-294.18	3.540435157	1.430671577	5.808585241
2700	1500	0	-294.18	3.704738512	1.874801617	6.318859161
2800	1500	0	-294.18	4.071733657	1.73449307	7.305063047
2900	1500	0	-300.08	3.912179312	1.596916908	8.344827783
3000	1500	0	-300.08	2.555097837	1.446049332	9.17160326
3100	1500	0	-300.08	1.311198424	1.613348031	9.504338534
3200	1500	0	-302.33	0.215301393	1.810428361	10.00679864
3300	1500	0	-302.33	-1.368458421	1.998930218	10.04405065
3400	1500	0	-299.74	-2.352442927	1.50013211	9.662338422
3500	1500	0	-299.74	-2.570450315	0.814960521	9.105173007
3600	1500	0	-299.74	-3.320731019	1.642152203	8.60476403
3700	1500	0	-295.1	-3.48419394	0.815192661	7.696101863
3800	1500	0	-295.1	-2.522096518	-0.339872904	7.063748175
3900	1500	0	-295.1	-2.772643167	0.918234924	6.710792676
4000	1500	0	-291.51	0	0.279463178	6.053578904
0	1600	0	-269.65	0	0.310454228	0.718298232
100	1600	0	-269.03	-0.449207011	0.291481495	0.605753424
200	1600	0	-269.03	-1.098113501	0.60817402	0.56141456
300	1600	0	-269.03	-2.275034967	1.098229741	-0.113676863
400	1600	0	-265.57	-1.857765637	0.951243142	-1.095702081
500	1600	0	-265.57	-1.146662184	1.432761314	-1.397802591
600	1600	0	-265.57	-0.653935981	1.845678298	-1.972961755
700	1600	0	-265.58	0.577230804	2.07478431	-2.188061427
800	1600	0	-265.58	1.670095785	2.312082033	-2.017718015
900	1600	0	-265.58	2.9634473	2.005345265	-1.68286941
1000	1600	0	-270.9	3.756301475	2.287352012	-0.887153952
1100	1600	0	-270.9	3.861565162	2.508635338	-0.001546666
1200	1600	0	-270.9	4.158286667	1.946071936	0.821902912
1300	1600	0	-277.31	3.969450047	1.74680418	1.515154985
1400	1600	0	-277.31	3.447223518	1.754071184	2.018833982
1500	1600	0	-277.31	3.378946981	1.171605653	2.65889332
1600	1600	0	-281.47	3.350261054	0.586451265	3.157053312
1700	1600	0	-281.47	2.886485522	0.469018266	3.667980003
1800	1600	0	-284.57	2.201573136	0.5613727	3.900278326
1900	1600	0	-284.57	2.051373676	0.467771428	3.940154032
2000	1600	0	-284.57	2.299684732	0.459986138	4.191419397
2100	1600	0	-287.95	2.214218082	0.554681379	4.41263692
2200	1600	0	-287.95	2.469600336	0.516918628	4.499520074
2300	1600	0	-287.95	3.177390724	0.719724533	4.904842805
2400	1600	0	-292.27	3.388948191	1.329023455	5.455863549
2500	1600	0	-292.27	3.347354547	1.829202152	5.940695686
2600	1600	0	-292.27	3.838482538	1.690966309	6.432437547
2700	1600	0	-298.26	4.110403102	2.113470654	7.205461182
2800	1600	0	-298.26	3.772019365	2.639886777	8.017118082
2900	1600	0	-298.26	3.491870804	2.289647537	8.798857133
3000	1600	0	-303.01	2.629855118	1.801884546	9.538009498
3100	1600	0	-303.01	1.350668588	1.963793887	9.913845719
3200	1600	0	-303.01	0.158041542	1.771935463	10.33095704
3300	1600	0	-302.87	-1.49397954	1.758027767	10.39773671
3400	1600	0	-302.87	-3.07991929	1.41534759	9.723532519
3500	1600	0	-297.94	-2.760977744	0.872404874	8.914560094
3600	1600	0	-297.94	-3.087739816	1.307678156	8.898225863
3700	1600	0	-297.94	-4.466315613	0.716034982	7.600776709
3800	1600	0	-292.78	-2.804025868	-0.103082316	6.459833203
3900	1600	0	-292.78	-2.103043696	0.488285142	6.803347425
4000	1600	0	-292.78	0	0.479535205	5.846615383
0	1700	0	-268.88	0	1.863336167	0.568347123
100	1700	0	-268.88	-0.321020019	1.989945561	0.535206105
200	1700	0	-268.88	-0.807583222	1.928118227	0.619310057
300	1700	0	-267.7	-1.822626964	2.446553025	0.179693011
400	1700	0	-267.7	-1.533998028	2.624792056	-0.72260191
500	1700	0	-267.7	-0.90621696	2.561586262	-0.890456264
600	1700	0	-266.22	-0.404493525	2.912347619	-1.36053795
700	1700	0	-266.22	0.899862834	3.055812696	-1.474912339
800	1700	0	-268.9	1.655288336	3.09952736	-1.211833154
900	1700	0	-268.9	2.666581373	2.776853212	-1.007999169
1000	1700	0	-268.9	3.997543378	2.589712182	-0.084812334
1100	1700	0	-274.52	3.999518993	2.825263204	0.979603209
1200	1700	0	-274.52	3.540028539	2.734231386	1.717513868
1300	1700	0	-274.52	3.584720026	1.899408721	2.300557652
1400	1700	0	-279.73	3.330279525	1.690794932	2.88299558
1500	1700	0	-279.73	2.79028541	1.535581483	3.204865465
1600	1700	0	-279.73	2.776830938	0.882046862	3.367869078
1700	1700	0	-283.21	2.715620211	0.558370252	3.953450993
1800	1700	0	-283.21	2.187745286	0.651262284	4.217999255
1900	1700	0	-283.21	2.057064311	0.762666373	4.121269102
2000	1700	0	-286.25	2.277626619	0.640295935	4.35876446
2100	1700	0	-286.25	2.207389764	0.649899688	4.630911635
2200	1700	0	-286.25	2.588375019	0.740430634	4.627457623
2300	1700	0	-290.14	3.503096938	0.628937002	5.116291868
2400	1700	0	-290.14	3.941078689	0.735915798	5.957858267
2500	1700	0	-295.89	3.586875898	0.950930618	6.630482802
2600	1700	0	-295.89	3.824703659	0.848535178	7.037562442
2700	1700	0	-295.89	4.653658981	1.024185189	8.01190816
2800	1700	0	-302.08	4.24791054	1.642313304	9.075510839
2900	1700	0	-302.08	3.074177081	1.945357365	9.832590989
3000	1700	0	-302.08	2.229244187	1.321135168	10.32178833
3100	1700	0	-304.57	1.28124934	1.207296619	10.66242554
3200	1700	0	-304.57	0.009535274	1.078484687	10.90935989
3300	1700	0	-304.57	-1.725046295	1.07084744	10.96796682
3400	1700	0	-301.34	-3.23806582	0.99834686	9.945650523
3500	1700	0	-301.34	-2.678119749	0.810555215	9.106916561
3600	1700	0	-301.34	-3.477100911	0.89010455	9.563000578
3700	1700	0	-295.23	-4.894954412	0.775148683	7.845793943
3800	1700	0	-295.23	-2.749846358	0.496801902	6.314316371
3900	1700	0	-295.23	-2.190025647	-0.047319798	7.178428677
4000	1700	0	-291.54	0	0.700288796	6.107151325
0	1800	0	-271.65	0	2.954918129	1.030350924
100	1800	0	-271.35	-0.38442495	3.141481081	1.073260002
200	1800	0	-271.35	-0.641506037	2.829636616	1.034361194
300	1800	0	-271.35	-1.578361139	3.301933563	0.995736101
400	1800	0	-268.66	-1.742732401	3.501335943	-0.050373598
500	1800	0	-268.66	-0.859106621	3.08934505	-0.412848983
600	1800	0	-268.66	-0.159709547	3.423974784	-0.665291859
700	1800	0	-268.65	0.764410545	3.52918485	-0.746251291
800	1800	0	-268.65	1.391136301	3.382141217	-0.545254575
900	1800	0	-268.65	2.453632122	3.230926647	-0.546086149
1000	1800	0	-272.82	3.804711467	2.593421923	0.377825147
1100	1800	0	-272.82	4.006084367	2.217618888	1.582835798
1200	1800	0	-277.85	3.232432184	2.032801372	2.32705004
1300	1800	0	-277.85	2.926013593	1.455923969	2.626098292
1400	1800	0	-277.85	3.08339628	1.077354311	3.195170453
1500	1800	0	-281.77	2.570198911	0.944519673	3.549389256
1600	1800	0	-281.77	2.373049824	0.627662265	3.624199811
1700	1800	0	-281.77	2.655700944	0.430863241	4.128634092
1800	1800	0	-285.24	2.405869257	0.538175059	4.478058248
1900	1800	0	-285.24	2.040407327	0.756483055	4.398457481
2000	1800	0	-285.24	2.186918047	0.523584959	4.39524036
2100	1800	0	-288.45	2.314352782	0.499848507	4.77489102
2200	1800	0	-288.45	2.44863765	0.686092158	4.838769019
2300	1800	0	-288.45	3.172875888	0.272313181	4.937313173
2400	1800	0	-292.88	3.710941807	-0.079911282	5.688738434
2500	1800	0	-292.88	3.459973928	-0.102401294	6.434206719
2600	1800	0	-292.88	3.911737108	-0.005663946	6.739978837
2700	1800	0	-299.1	4.904181228	-0.303068197	7.900152439
2800	1800	0	-299.1	4.693191541	-0.373413219	9.400313404
2900	1800	0	-304.45	3.170692668	-0.244679821	10.40286231
3000	1800	0	-304.45	1.891794371	-0.500015237	10.74383707
3100	1800	0	-304.45	1.108018107	-0.537270849	11.13589244
3200	1800	0	-304.61	0.021592364	-0.516018763	11.32240975
3300	1800	0	-304.61	-1.574117367	-0.482432999	11.32300581
3400	1800	0	-304.61	-3.340211515	-0.312655139	10.36170081
3500	1800	0	-299.35	-2.869220054	-0.115679258	9.298133377
3600	1800	0	-299.35	-3.123146348	-0.126667353	9.709263923
3700	1800	0	-299.35	-4.85961826	0.176258735	8.682005827
3800	1800	0	-294.13	-3.626494349	0.233794873	6.499949705
3900	1800	0	-294.13	-1.899556802	-1.127866487	6.605848721
4000	1800	0	-294.13	0	0.317454379	6.790187429
0	1900	0	-273.2	0	2.549914034	1.753582384
100	1900	0	-273.2	-0.446301532	2.816470215	1.846751509
200	1900	0	-272.22	-0.64713074	2.666769913	1.601041046
300	1900	0	-272.22	-1.150927638	2.886142206	1.662687816
400	1900	0	-272.22	-1.746586541	3.16429244	0.819342898
500	1900	0	-270.2	-0.983578119	3.119216095	0.248680098
600	1900	0	-270.2	0.035346276	3.319523183	0.103939225
700	1900	0	-270.2	0.858029267	3.432772962	0.040318524
800	1900	0	-271.8	1.357030132	3.377708876	0.387796008
900	1900	0	-271.8	1.877862079	3.399191656	0.405572183
1000	1900	0	-271.8	2.98423562	2.441140756	0.729833221
1100	1900	0	-276.07	3.438898443	1.69884798	1.866243439
1200	1900	0	-276.07	2.77833362	1.384248124	2.456180248
1300	1900	0	-276.07	2.629272965	1.251246693	2.454814251
1400	1900	0	-280.17	2.81887523	0.818027871	2.993464655
1500	1900	0	-280.17	2.340593363	0.571834094	3.433989132
1600	1900	0	-280.17	2.263174506	0.488696967	3.467789778
1700	1900	0	-283.58	2.626133005	0.205644719	3.909771537
1800	1900	0	-283.58	2.513365101	0.022118553	4.406749574
1900	1900	0	-286.5	2.042474211	0.044296659	4.534722469
2000	1900	0	-286.5	2.020992071	-0.09623282	4.494013597
2100	1900	0	-286.5	2.369896963	-0.179662142	4.842382886
2200	1900	0	-290.07	2.360839692	-0.152676189	5.003341151
2300	1900	0	-290.07	2.737093498	-0.425417332	4.852620103
2400	1900	0	-290.07	3.566364214	-0.722586784	5.286126725
2500	1900	0	-294.91	3.661123235	-0.625731662	6.307892873
2600	1900	0	-294.91	3.624036756	-0.187644526	6.840256074
2700	1900	0	-294.91	4.285909708	-0.771105823	7.542026536
2800	1900	0	-301.08	4.306298916	-1.683606041	9.051329635
2900	1900	0	-301.08	2.947575063	-1.976617751	10.01654225
3000	1900	0	-301.08	1.936653159	-1.905530577	10.25520078
3100	1900	0	-304.1	1.265245814	-2.067036625	10.82065504
3200	1900	0	-304.1	0.064373124	-2.128345419	11.12658328
3300	1900	0	-304.1	-1.521682671	-2.162553442	11.13131624
3400	1900	0	-301.2	-2.871312079	-1.710816167	10.30120788
3500	1900	0	-301.2	-2.492131962	-1.258811922	9.343244533
3600	1900	0	-301.2	-3.185162918	-1.596482644	9.640936673
3700	1900	0	-295.78	-4.534492187	-0.722649383	8.407071378
3800	1900	0	-295.78	-4.05397158	-0.285596266	6.527348193
3900	1900	0	-291.95	-2.10636614	-0.876740206	5.864385158
4000	1900	0	-291.95	0	-0.215243504	6.536122385
0	2000	0	-274.15	0	1.844903725	2.092351408
100	2000	0	-274.49	-0.267569071	1.903230724	2.295125372
200	2000	0	-274.49	-0.571834047	1.86625284	2.018190657
300	2000	0	-274.49	-1.080838611	1.865392471	2.071585142
400	2000	0	-272.42	-1.509658512	2.350326786	1.261850775
500	2000	0	-272.42	-0.703875878	2.666318356	0.775809394
600	2000	0	-272.42	0.15384732	2.709543904	0.732390798
700	2000	0	-272.86	0.822596238	2.66723921	0.772139374
800	2000	0	-272.86	1.357554995	2.520775718	1.097305814
900	2000	0	-274.93	1.517064002	2.4463137	1.248374911
1000	2000	0	-274.93	2.104367791	1.886361053	1.30351941
1100	2000	0	-274.93	2.949191735	1.291987453	2.086870267
1200	2000	0	-278.69	2.784830897	1.127893857	2.686713578
1300	2000	0	-278.69	2.35979334	1.388037335	2.751055414
1400	2000	0	-278.69	2.403983682	0.948074745	2.851691118
1500	2000	0	-282.06	2.240868007	0.546512007	3.255812697
1600	2000	0	-282.06	2.006860448	0.586729543	3.447519358
1700	2000	0	-282.06	2.189122529	0.224267935	3.577409758
1800	2000	0	-284.85	2.244521197	-0.218816445	3.966716543
1900	2000	0	-284.85	1.922055955	-0.28871597	4.229356493
2000	2000	0	-284.85	1.962959246	-0.253442688	4.201890509
2100	2000	0	-287.72	2.257909413	-0.412959399	4.513628511
2200	2000	0	-287.72	2.20288246	-0.482118402	4.779095016
2300	2000	0	-287.72	2.602965293	-0.535673259	4.718998797
2400	2000	0	-291.53	3.510627477	-0.906007671	5.24317867
2500	2000	0	-291.53	3.994916185	-1.117774759	6.3631814
2600	2000	0	-296.49	3.766362948	-0.855920161	7.279579263
2700	2000	0	-296.49	3.408219713	-0.907407062	7.924220976
2800	2000	0	-296.49	3.487679613	-2.019082465	8.772181785
2900	2000	0	-301.25	2.948768132	-2.522512319	9.512720757
3000	2000	0	-301.25	1.801375497	-2.226776483	9.977553711
3100	2000	0	-301.25	0.885203265	-2.556382615	10.30174482
3200	2000	0	-301.77	-0.073924453	-2.864130023	10.48223821
3300	2000	0	-301.77	-1.156588115	-3.096560504	10.41812663
3400	2000	0	-301.77	-2.436469995	-2.548141052	10.14405781
3500	2000	0	-297.97	-2.754886532	-1.952842677	9.13601594
3600	2000	0	-297.97	-2.586983809	-2.765657582	8.66081271
3700	2000	0	-297.97	-3.548731882	-1.559273671	8.319502259
3800	2000	0	-293.48	-3.780585171	-0.476411192	6.734217498
3900	2000	0	-293.48	-1.82920404	-0.416008913	5.732844728
4000	2000	0	-293.48	0	-0.719603484	6.564380357
0	2100	0	-274.44	0	1.958336553	2.195435212
100	2100	0	-274.44	-0.424952416	1.842597805	2.381420721
200	2100	0	-273.43	-0.684968993	1.995990438	2.00362626
300	2100	0	-273.43	-0.666853692	1.873835382	1.899110877
400	2100	0	-273.43	-0.945660657	2.54575547	1.544143453
500	2100	0	-272.33	-0.624361001	2.944748228	1.113493307
600	2100	0	-272.33	0.03626713	2.886296024	0.96339104
700	2100	0	-272.33	0.669261081	2.756793931	0.902157737
800	2100	0	-273.35	1.136104623	2.541926062	1.158779077
900	2100	0	-273.35	1.243447414	2.430451677	1.360891424
1000	2100	0	-273.35	1.829909373	2.258154659	1.336612653
1100	2100	0	-276.29	2.680431246	1.722016797	1.989570024
1200	2100	0	-276.29	2.874383501	1.378135881	2.730876642
1300	2100	0	-279.79	2.449453853	1.449042388	3.144404815
1400	2100	0	-279.79	1.977349902	1.353331576	3.145843677
1500	2100	0	-279.79	1.979248162	0.854671124	3.127422211
1600	2100	0	-282.57	1.940930434	0.763459015	3.414343791
1700	2100	0	-282.57	1.820587017	0.701812817	3.598381592
1800	2100	0	-282.57	2.000381196	0.272656624	3.706708756
1900	2100	0	-285.65	2.007847969	0.144115762	4.080561354
2000	2100	0	-285.65	1.896748642	0.316814258	4.285183541
2100	2100	0	-285.65	2.141221249	0.108851509	4.401579632
2200	2100	0	-288.98	2.238125833	-0.091697136	4.766950217
2300	2100	0	-288.98	2.313204229	-0.020573458	4.986302652
2400	2100	0	-288.98	2.984262714	-0.517687738	5.271855118
2500	2100	0	-292.97	3.711210744	-1.263653656	6.180592923
2600	2100	0	-292.97	3.834404453	-1.72585007	7.26936776
2700	2100	0	-298.13	3.122747404	-2.047875821	8.102543059
2800	2100	0	-298.13	2.691193659	-2.723325142	8.465884158
2900	2100	0	-298.13	2.739881045	-3.200632676	8.949408089
3000	2100	0	-301.39	1.902782863	-3.224556067	9.778252892
3100	2100	0	-301.39	0.627892274	-3.305348621	10.09345268
3200	2100	0	-301.39	-0.475804765	-3.472380537	10.06835849
3300	2100	0	-299.92	-1.2056937	-3.605831386	9.671267362
3400	2100	0	-299.92	-1.727594252	-3.640200937	9.417187003
3500	2100	0	-299.92	-2.709648492	-2.81253488	9.106603851
3600	2100	0	-295.67	-2.791593913	-2.582001436	7.954270196
3700	2100	0	-295.67	-2.245245796	-2.619266528	7.412313495
3800	2100	0	-295.67	-2.910706822	-1.291376563	7.171373448
3900	2100	0	-292	-2.349558433	-0.472181545	5.899421185
4000	2100	0	-292	0	-1.404609398	5.817773486
0	2200	0	-275.87	0	2.306428497	2.541401594
100	2200	0	-275.87	-0.229915186	2.25214706	2.608606053
200	2200	0	-275.87	-0.54059647	2.628620643	2.524457176
300	2200	0	-275.22	-0.531073579	2.650178832	2.262234353
400	2200	0	-275.22	-0.438745666	2.850160529	2.170828907
500	2200	0	-275.22	-0.363335325	3.290665279	2.031898865
600	2200	0	-274.79	-0.034106976	3.420007144	1.833211059
700	2200	0	-274.79	0.478226276	3.479183474	1.776580527
800	2200	0	-274.79	1.031212742	3.309113799	1.838859427
900	2200	0	-276.55	1.233292599	3.130272819	2.150942543
1000	2200	0	-276.55	1.395932911	3.13671677	2.252290586
1100	2200	0	-276.55	2.069172957	2.536997248	2.442112226
1200	2200	0	-279.36	2.511856488	1.860366317	3.114202719
1300	2200	0	-279.36	2.334989035	1.482441575	3.719740377
1400	2200	0	-281.96	1.809612417	1.297679402	3.915035562
1500	2200	0	-281.96	1.650995447	1.016101104	3.787891584
1600	2200	0	-281.96	1.854002141	0.869329184	3.906770409
1700	2200	0	-284.53	1.698320138	0.78833391	4.267512524
1800	2200	0	-284.53	1.686824142	0.581177918	4.320991251
1900	2200	0	-284.53	1.96621359	0.457619543	4.536249334
2000	2200	0	-287.12	1.927694993	0.475446991	4.963554397
2100	2200	0	-287.12	1.849398018	0.45271243	5.060869185
2200	2200	0	-287.12	2.073457493	0.078498684	5.082867525
2300	2200	0	-290.24	2.176974691	-0.131000353	5.397603076
2400	2200	0	-290.24	2.267547278	-0.310496389	5.663568274
2500	2200	0	-290.24	2.786753853	-1.100817091	5.986197179
2600	2200	0	-293.98	2.982140783	-2.064063825	6.794870399
2700	2200	0	-293.98	2.410744641	-2.760900221	7.47670322
2800	2200	0	-293.98	2.334922759	-3.166066151	7.693515886
2900	2200	0	-297.63	2.447537206	-3.774587814	8.362665409
3000	2200	0	-297.63	1.696659552	-4.209372278	9.116033252
3100	2200	0	-298.64	0.637378795	-4.334040522	9.335731067
3200	2200	0	-298.64	-0.374407219	-4.313474376	9.258064482
3300	2200	0	-298.64	-1.324408515	-4.079419422	8.881429756
3400	2200	0	-296.37	-1.643173489	-4.005438981	8.296753529
3500	2200	0	-296.37	-1.69668703	-3.846062994	8.089221619
3600	2200	0	-296.37	-2.393715457	-2.592334354	7.786495197
3700	2200	0	-293.13	-2.258107009	-2.359670468	6.604100974
3800	2200	0	-293.13	-1.633500188	-2.398968715	6.441663644
3900	2200	0	-293.13	-1.942436876	-1.0840998	6.422829508
4000	2200	0	-290.85	0	-0.964431427	5.663421943
0	2300	0	-277.53	0	1.635633919	2.992615981
100	2300	0	-277.53	-0.10276027	1.585810727	2.995267511
200	2300	0	-277.43	-0.286937221	1.7788431	2.971400421
300	2300	0	-277.43	-0.445313806	1.924326483	2.821078731
400	2300	0	-276.86	-0.30517421	2.036076504	2.798053408
500	2300	0	-276.86	-0.054514386	2.300689727	2.800127906
600	2300	0	-276.86	0.224785324	2.512023875	2.680680173
700	2300	0	-277.39	0.558367736	2.618680336	2.764396145
800	2300	0	-277.39	0.787193968	2.78457358	2.855146401
900	2300	0	-277.39	1.071050385	2.524906729	2.848416033
1000	2300	0	-278.84	1.236633802	2.430396502	3.080710225
1100	2300	0	-278.84	1.404080794	2.350628125	3.256518102
1200	2300	0	-278.84	1.819827828	1.733692771	3.454119815
1300	2300	0	-281.3	1.886766937	1.123553049	3.977045201
1400	2300	0	-281.3	1.51100943	0.855455978	4.296529438
1500	2300	0	-281.3	1.550897944	0.755433526	4.320730226
1600	2300	0	-283.73	1.713163241	0.510487359	4.621409273
1700	2300	0	-283.73	1.532435751	0.374625396	4.933458422
1800	2300	0	-283.73	1.669666829	0.435830622	4.958028612
1900	2300	0	-285.82	1.902117042	0.38265023	5.271139309
2000	2300	0	-285.82	1.891841528	0.018103707	5.637661913
2100	2300	0	-288.32	1.744272942	-0.155100655	5.744242371
2200	2300	0	-288.32	1.654413051	-0.352912549	5.561403849
2300	2300	0	-288.32	1.924209157	-0.853705756	5.443146519
2400	2300	0	-291.24	2.014445976	-1.075596281	5.774848953
2500	2300	0	-291.24	1.957643309	-1.306914221	6.033748065
2600	2300	0	-291.24	2.174321323	-2.120915879	6.238327387
2700	2300	0	-294.29	2.020745078	-2.803204089	6.775681665
2800	2300	0	-294.29	1.677506066	-2.990595763	7.095521556
2900	2300	0	-294.29	1.696574918	-3.756116173	7.327026724
3000	2300	0	-296.4	1.343330155	-4.437985459	7.846310324
3100	2300	0	-296.4	0.523790176	-4.646867219	8.09836851
3200	2300	0	-296.4	-0.221183665	-4.574671847	8.042587024
3300	2300	0	-295.98	-0.897658305	-4.269806162	7.79603462
3400	2300	0	-295.98	-1.494237824	-3.801785461	7.356645405
3500	2300	0	-293.88	-1.296543865	-3.512046164	6.935686788
3600	2300	0	-293.88	-1.305201387	-2.809505147	6.943417336
3700	2300	0	-293.88	-2.051880157	-2.129538111	6.250215535
3800	2300	0	-291.51	-1.635136154	-2.038913774	5.766688353
3900	2300	0	-291.51	-0.915021144	-1.908816389	5.878684251
4000	2300	0	-291.51	0	-0.88391379	6.079574312
0	2400	0	-277.32	0	1.255319041	2.914180943
100	2400	0	-277.32	-0.086706005	1.119577222	2.867830437
200	2400	0	-277.32	-0.202080714	1.186963177	2.872681036
300	2400	0	-277.02	-0.273840175	1.326749194	2.744754359
400	2400	0	-277.02	-0.062382423	1.507532893	2.725100831
500	2400	0	-277.17	0.112612046	1.619822383	2.820643833
600	2400	0	-277.17	0.283883633	1.726261522	2.798972171
700	2400	0	-277.17	0.750775981	1.613417807	2.831412735
800	2400	0	-278.55	0.937439136	1.62325789	3.213375175
900	2400	0	-278.55	0.879115522	1.661235828	3.281818139
1000	2400	0	-278.55	1.221654307	1.370019828	3.332042715
1100	2400	0	-280.51	1.372469226	1.2954577	3.773757896
1200	2400	0	-280.51	1.284781412	1.250119561	3.921233809
1300	2400	0	-280.51	1.456752242	0.765900652	3.97374948
1400	2400	0	-282.5	1.441492894	0.491852808	4.303047827
1500	2400	0	-282.5	1.306026828	0.585654889	4.487508083
1600	2400	0	-282.5	1.473194011	0.269180443	4.551731144
1700	2400	0	-284.48	1.6236634	0.013392554	4.850166057
1800	2400	0	-284.48	1.694848977	0.031967827	5.126425101
1900	2400	0	-286.51	1.548486674	-0.297897167	5.361079282
2000	2400	0	-286.51	1.389944108	-0.71407596	5.483102764
2100	2400	0	-286.51	1.478381762	-0.948165198	5.606183387
2200	2400	0	-288.4	1.374852391	-1.112618337	5.538364036
2300	2400	0	-288.4	1.454290959	-1.424737309	5.309166557
2400	2400	0	-288.4	1.814338814	-1.686075221	5.403853108
2500	2400	0	-290.83	1.741434256	-1.770103585	5.86152738
2600	2400	0	-290.83	1.485850914	-1.999698347	5.999386319
2700	2400	0	-290.83	1.541064756	-2.667036958	6.050724521
2800	2400	0	-292.92	1.382010675	-2.979552948	6.450168873
2900	2400	0	-292.92	1.000147511	-3.253181443	6.600880895
3000	2400	0	-292.92	0.805908506	-3.837077873	6.656573876
3100	2400	0	-293.72	0.500692407	-4.055412659	6.866464319
3200	2400	0	-293.72	0.002653839	-3.920204549	6.931004794
3300	2400	0	-293.72	-0.551522129	-3.648242796	6.868842975
3400	2400	0	-292.89	-0.885413491	-3.208989768	6.564644878
3500	2400	0	-292.89	-0.704406716	-2.727618954	6.329057604
3600	2400	0	-292.89	-1.011207405	-2.54063242	6.522886366
3700	2400	0	-291.41	-1.487515636	-1.974979976	5.997997246
3800	2400	0	-291.41	-1.412778465	-1.531950514	5.570719216
3900	2400	0	-290.17	-0.787436892	-1.485550308	5.529495564
4000	2400	0	-290.17	0	-1.057659623	5.849057604
0	2500	0	-278.25	0	1.804834101	3.37240592
100	2500	0	-278	-0.171116133	1.78782054	3.228095007
200	2500	0	-278	-0.079765248	1.781230691	3.241131127
300	2500	0	-278	-0.12474409	1.934974894	3.248483134
400	2500	0	-277.85	-0.012101021	2.049939484	3.195521077
500	2500	0	-277.85	0.164214243	2.128041947	3.241204067
600	2500	0	-278.07	0.218380748	2.14119823	3.2672942
700	2500	0	-278.07	0.455364104	2.015357626	3.27459639
800	2500	0	-278.07	0.835011989	1.76391567	3.494611867
900	2500	0	-279.27	0.817812323	1.628461308	3.669949684
1000	2500	0	-279.27	0.870855675	1.394296304	3.710662133
1100	2500	0	-279.27	1.284180526	1.142179461	3.997923419
1200	2500	0	-281.07	1.29027078	1.100982804	4.23859242
1300	2500	0	-281.07	1.128500185	1.060036128	4.20310894
1400	2500	0	-281.07	1.330763667	0.675205723	4.211502292
1500	2500	0	-283.13	1.328225579	0.528604437	4.557856008
1600	2500	0	-283.13	1.140900905	0.432952889	4.593655592
1700	2500	0	-283.13	1.295223134	0.036299121	4.535096529
1800	2500	0	-284.89	1.358377108	-0.2607731	4.827641358
1900	2500	0	-284.89	1.156073255	-0.535106715	4.977497104
2000	2500	0	-284.89	1.241573497	-0.750651948	4.953657523
2100	2500	0	-286.77	1.345730564	-0.914775658	5.220076028
2200	2500	0	-286.77	1.177840939	-0.969791674	5.280696064
2300	2500	0	-286.77	1.350752273	-1.063674574	5.161701649
2400	2500	0	-288.72	1.669079701	-1.366611476	5.47213892
2500	2500	0	-288.72	1.644020182	-1.644726069	5.884426042
2600	2500	0	-290.56	1.27738795	-1.857608602	6.067893457
2700	2500	0	-290.56	1.040890477	-2.176067208	6.079576437
2800	2500	0	-290.56	1.091361581	-2.414843458	6.294694606
2900	2500	0	-291.84	0.839049994	-2.570468653	6.418632079
3000	2500	0	-291.84	0.541098938	-2.759059092	6.415195449
3100	2500	0	-291.84	0.440663499	-2.777737233	6.528319114
3200	2500	0	-292.25	0.185986198	-2.742490204	6.577678648
3300	2500	0	-292.25	-0.186443523	-2.647707251	6.564695033
3400	2500	0	-292.25	-0.573613981	-2.296167926	6.539505641
3500	2500	0	-291.47	-0.628186517	-2.077813157	6.243454192
3600	2500	0	-291.47	-0.552562409	-2.266439554	6.220007801
3700	2500	0	-291.47	-1.043198252	-1.638514508	6.334840926
3800	2500	0	-290.19	-1.145706486	-1.242326401	5.729141217
3900	2500	0	-290.19	-0.440730253	-1.164256876	5.699861767
4000	2500	0	-290.19	0	-1.099778124	6.238424638
0	2600	0	-279.41	0	1.858197911	4.238817913
100	2600	0	-279.41	-0.110309415	1.882680379	4.177157427
200	2600	0	-279.34	-0.054926359	1.881327038	4.210390356
300	2600	0	-279.34	-0.005131382	1.928866524	4.184438232
400	2600	0	-279.34	0.13068463	2.00385654	4.178883742
500	2600	0	-279.6	0.203870792	1.996810995	4.234418377
600	2600	0	-279.6	0.171199312	1.999022062	4.189574261
700	2600	0	-279.6	0.373493421	1.95380979	4.142695705
800	2600	0	-280.14	0.550542817	1.804913264	4.327484589
900	2600	0	-280.14	0.509496157	1.660777678	4.362770112
1000	2600	0	-280.14	0.735372461	1.531855539	4.278100814
1100	2600	0	-281.15	1.079155726	1.300537818	4.548327531
1200	2600	0	-281.15	1.202638078	1.061096832	4.790797526
1300	2600	0	-282.63	1.030975161	0.88950504	4.849058825
1400	2600	0	-282.63	0.910061203	0.636215905	4.849544275
1500	2600	0	-282.63	1.063773994	0.38160179	4.962951015
1600	2600	0	-284.02	0.980888696	0.204679165	4.906434661
1700	2600	0	-284.02	0.929937411	-0.002498414	4.800856339
1800	2600	0	-284.02	1.12344314	-0.200912007	4.970756827
1900	2600	0	-285.58	1.058607826	-0.391661671	5.173942866
2000	2600	0	-285.58	1.010275165	-0.525385155	5.219020252
2100	2600	0	-285.58	1.259242037	-0.640687053	5.364536372
2200	2600	0	-287.29	1.225953476	-0.624567705	5.469890715
2300	2600	0	-287.29	1.057471157	-0.5357612	5.518605857
2400	2600	0	-287.29	1.233287319	-0.923867912	5.685261892
2500	2600	0	-288.93	1.25043713	-1.327279401	5.904502149
2600	2600	0	-288.93	0.954509776	-1.536644956	5.9651635
2700	2600	0	-288.93	0.9838299	-1.685202746	5.876627487
2800	2600	0	-290.4	0.98760923	-1.876450994	6.143024249
2900	2600	0	-290.4	0.655931876	-2.022793718	6.310619458
3000	2600	0	-290.4	0.598639926	-2.11073227	6.278343295
3100	2600	0	-291.31	0.517261295	-2.187267969	6.444771281
3200	2600	0	-291.31	0.13268382	-2.21937534	6.494437355
3300	2600	0	-291.14	-0.105199851	-2.188508251	6.339402136
3400	2600	0	-291.14	-0.315519397	-2.088291395	6.247250524
3500	2600	0	-291.14	-0.674678345	-2.030852491	6.031283938
3600	2600	0	-290.27	-0.571908755	-2.008226468	5.715828259
3700	2600	0	-290.27	-0.463402482	-1.791808286	5.762039775
3800	2600	0	-290.27	-0.938520833	-1.530489599	5.530440764
3900	2600	0	-289.27	-0.644888615	-1.333204196	5.592714565
4000	2600	0	-289.27	0	-1.322822723	5.817445711
0	2700	0	-280.32	0	1.008170097	4.92937571
100	2700	0	-280.15	-0.147987006	1.014306661	4.812373123
200	2700	0	-280.15	-0.033579103	0.988021045	4.786598793
300	2700	0	-280.14	-0.002214589	0.999335925	4.621484102
400	2700	0	-280.14	0.055843449	0.999604341	4.620320725
500	2700	0	-280.14	0.159379765	0.907454752	4.590934536
600	2700	0	-280.35	0.175379543	0.882450043	4.383595247
700	2700	0	-280.35	0.261255306	0.87672507	4.296408502
800	2700	0	-280.35	0.541979877	0.846866089	4.348957324
900	2700	0	-281.13	0.544754599	0.746933744	4.351290422
1000	2700	0	-281.13	0.510615814	0.676285324	4.292985121
1100	2700	0	-281.13	0.813421819	0.548531344	4.355073491
1200	2700	0	-282.17	0.879238002	0.361842691	4.658720243
1300	2700	0	-282.17	0.703619257	0.219769524	4.814163716
1400	2700	0	-282.17	0.822860418	0.082922103	4.862833673
1500	2700	0	-283.39	0.89668884	-0.113505921	5.090757131
1600	2700	0	-283.39	0.756800701	-0.253824362	5.049194038
1700	2700	0	-283.39	0.889631961	-0.363686097	4.754703537
1800	2700	0	-284.72	0.969213851	-0.500541648	4.838678607
1900	2700	0	-284.72	0.831600108	-0.59720274	4.867924992
2000	2700	0	-284.72	0.992548116	-0.664394036	4.701679038
2100	2700	0	-286.09	1.246548014	-0.838196838	4.882237934
2200	2700	0	-286.09	1.282766791	-1.001251194	5.158022351
2300	2700	0	-287.59	1.051452066	-1.123848964	5.358603722
2400	2700	0	-287.59	0.8775615	-1.31159998	5.47284699
2500	2700	0	-287.59	1.031243138	-1.517410104	5.706972795
2600	2700	0	-288.99	0.919464605	-1.696781493	6.00296821
2700	2700	0	-288.99	0.701084439	-1.805285862	5.995767689
2800	2700	0	-288.99	0.753770608	-1.92636623	5.940502854
2900	2700	0	-289.88	0.604768718	-2.048548533	6.098403781
3000	2700	0	-289.88	0.376624688	-2.120625749	6.075094227
3100	2700	0	-289.88	0.332020429	-2.20233481	5.88178031
3200	2700	0	-290.18	0.184745916	-2.231263697	5.894717822
3300	2700	0	-290.18	-0.055359578	-2.171531625	5.849887785
3400	2700	0	-290.18	-0.415958221	-2.117121526	5.662414097
3500	2700	0	-289.53	-0.54812159	-2.009076973	5.330001974
3600	2700	0	-289.53	-0.313518204	-1.930183811	5.185416826
3700	2700	0	-289.53	-0.565461383	-1.905380579	5.370164011
3800	2700	0	-288.76	-0.687102396	-1.683658375	4.996774306
3900	2700	0	-288.76	-0.233063377	-1.425622907	4.933017035
4000	2700	0	-288.76	0	-1.449241025	5.316588304
0	2800	0	-280.35	0	0.406581901	4.051206114
100	2800	0	-280.35	-0.130458467	0.19158031	4.01605086
200	2800	0	-280.25	-0.069897095	0.208508225	3.961673668
300	2800	0	-280.25	0.006451914	0.278570174	3.961323369
400	2800	0	-280.25	0.038803458	0.287008902	4.096517614
500	2800	0	-280.29	0.086716494	0.294316992	4.13879574
600	2800	0	-280.29	0.14046963	0.417064653	4.089641003
700	2800	0	-280.29	0.337909466	0.4401156	3.935398238
800	2800	0	-280.78	0.420751491	0.370578495	4.083761145
900	2800	0	-280.78	0.338915392	0.310947179	4.155361417
1000	2800	0	-280.78	0.536970061	0.259525238	4.167634977
1100	2800	0	-281.51	0.764713093	0.121866468	4.310148039
1200	2800	0	-281.51	0.873876259	-0.04954396	4.363253923
1300	2800	0	-282.59	0.752054572	-0.232104802	4.615524603
1400	2800	0	-282.59	0.576785757	-0.419494113	4.64124509
1500	2800	0	-282.59	0.72702753	-0.711576608	4.537581425
1600	2800	0	-283.63	0.730708519	-0.920392247	4.656552415
1700	2800	0	-283.63	0.683220125	-0.960770936	4.629037569
1800	2800	0	-283.63	0.889926498	-0.881279152	4.560991309
1900	2800	0	-284.78	0.894755438	-0.669146065	4.736609086
2000	2800	0	-284.78	0.769281067	-0.335393706	4.754783021
2100	2800	0	-284.78	0.922384878	-0.496228225	4.642662872
2200	2800	0	-286.01	0.94030135	-0.742634322	4.825874778
2300	2800	0	-286.01	0.747122371	-0.818238325	4.909716103
2400	2800	0	-286.01	0.839726178	-0.872981224	4.823918461
2500	2800	0	-287.19	0.865255617	-1.002672113	5.023832388
2600	2800	0	-287.19	0.666634018	-1.07710576	5.096154113
2700	2800	0	-287.19	0.754245163	-1.127330136	4.899527648
2800	2800	0	-288.26	0.744346559	-1.233362182	4.946771488
2900	2800	0	-288.26	0.461672357	-1.257523946	4.888140745
3000	2800	0	-288.26	0.444853649	-1.271589761	4.900391516
3100	2800	0	-288.86	0.406623348	-1.332168537	5.075239213
3200	2800	0	-288.86	0.163487004	-1.307493209	5.209624682
3300	2800	0	-288.87	0.008942321	-1.274901969	5.239803796
3400	2800	0	-288.87	-0.153064744	-1.223261592	5.240123417
3500	2800	0	-288.87	-0.48774063	-1.043531957	5.235990219
3600	2800	0	-288.26	-0.468212362	-0.952056433	4.931599971
3700	2800	0	-288.26	-0.216877046	-1.169764511	4.889105933
3800	2800	0	-288.26	-0.458763161	-0.770184506	5.009819995
3900	2800	0	-287.76	-0.410471266	-0.591300769	4.725888037
4000	2800	0	-287.76	0	-0.882924995	4.727443633
0	2900	0	-280.55	0	1.00582753	4.16167343
100	2900	0	-280.15	-0.346060683	1.069815258	3.866197221
200	2900	0	-280.15	0.05341076	1.218556652	3.988304023
300	2900	0	-280.24	0.076286089	1.225438889	4.060506666
400	2900	0	-280.24	0.071590267	1.222871729	4.08541038
500	2900	0	-280.24	0.289435516	1.208883756	4.153199338
600	2900	0	-280.64	0.321178151	1.214677558	4.364533129
700	2900	0	-280.64	0.214769147	1.327756347	4.400474857
800	2900	0	-280.64	0.412811456	1.148380844	4.407949109
900	2900	0	-281.21	0.433701342	1.065732881	4.62642899
1000	2900	0	-281.21	0.321535104	1.101502114	4.650989944
1100	2900	0	-281.21	0.504352621	0.838046531	4.543746689
1200	2900	0	-281.9	0.525266732	0.581223814	4.592532084
1300	2900	0	-281.9	0.333669104	0.381244422	4.432763764
1400	2900	0	-281.9	0.343388612	0.265974656	4.355894835
1500	2900	0	-282.33	0.395790707	0.143517997	4.304221111
1600	2900	0	-282.33	0.507606372	0.025660073	4.099924275
1700	2900	0	-282.33	0.928745056	-0.07822483	4.148402939
1800	2900	0	-283.64	1.260838722	-0.212241873	4.455985815
1900	2900	0	-283.64	1.377485553	-0.32071339	4.642842347
2000	2900	0	-285.3	1.165465956	-0.441731519	5.042416432
2100	2900	0	-285.3	0.839307398	-0.550557048	5.150043079
2200	2900	0	-285.3	0.960756691	-0.60865972	5.07328429
2300	2900	0	-286.61	0.921105164	-0.557994151	5.309123128
2400	2900	0	-286.61	0.693127712	-0.401140369	5.367405496
2500	2900	0	-286.61	0.827118602	-0.616075512	5.256723361
2600	2900	0	-287.75	0.794806583	-0.715707802	5.46549193
2700	2900	0	-287.75	0.544828017	-0.558238186	5.479070591
2800	2900	0	-287.75	0.623576797	-0.780189465	5.262073954
2900	2900	0	-288.57	0.566541139	-0.931019564	5.380355702
3000	2900	0	-288.57	0.301980097	-0.87556265	5.374834707
3100	2900	0	-288.57	0.29611698	-1.052443436	5.126871661
3200	2900	0	-288.93	0.242012484	-1.167005658	5.157408697
3300	2900	0	-288.93	0.028872039	-1.177601024	5.152310717
3400	2900	0	-288.93	-0.18458821	-1.156065342	5.107956179
3500	2900	0	-288.68	-0.276916431	-1.05615605	4.977549642
3600	2900	0	-288.68	-0.439750758	-0.855079751	4.931356726
3700	2900	0	-288.21	-0.383589456	-0.807638585	4.644066189
3800	2900	0	-288.21	-0.108638654	-0.969665293	4.626360874
3900	2900	0	-288.21	-0.345803866	-0.640683214	4.924590017
4000	2900	0	-287.85	0	-0.58663514	4.661313785
0	3000	0	-281.37	0	0	4.54
100	3000	0	-281.37	0.082270656	0	5.087432161
200	3000	0	-281.46	0.085726535	0	5.184703974
300	3000	0	-281.46	0.01076699	0	5.129188824
400	3000	0	-281.46	0.022248326	0	5.119468065
500	3000	0	-281.48	0.078522323	0	5.083489657
600	3000	0	-281.48	0.259342221	0	4.918445482
700	3000	0	-281.81	0.271612753	0	5.048315614
800	3000	0	-281.81	0.158728025	0	5.033531156
900	3000	0	-281.81	0.292036662	0	4.896347805
1000	3000	0	-282.2	0.30928371	0	5.005289926
1100	3000	0	-282.2	0.244434793	0	5.017028458
1200	3000	0	-282.2	0.417074149	0	4.973801002
1300	3000	0	-282.78	0.436805415	0	5.131307627
1400	3000	0	-282.78	0.339059332	0	5.080142008
1500	3000	0	-282.78	0.486712947	0	4.831758259
1600	3000	0	-283.46	0.508965693	0	4.76282021
1700	3000	0	-283.46	0.445318179	0	4.562058637
1800	3000	0	-283.46	0.647437938	0	4.551340052
1900	3000	0	-284.38	0.665265791	0	4.622891795
2000	3000	0	-284.38	0.539437408	0	4.330826494
2100	3000	0	-284.38	0.755456678	0	4.253547163
2200	3000	0	-285.36	0.932864247	0	4.381966975
2300	3000	0	-285.36	0.954641722	0	4.290490685
2400	3000	0	-286.38	0.781644817	0	4.465214552
2500	3000	0	-286.38	0.550688184	0	4.486756282
2600	3000	0	-286.38	0.724471345	0	4.351506092
2700	3000	0	-287.36	0.689763499	0	4.584669182
2800	3000	0	-287.36	0.371565181	0	4.644281677
2900	3000	0	-287.36	0.366299172	0	4.478248804
3000	3000	0	-287.81	0.323429777	0	4.573234036
3100	3000	0	-287.81	0.11518034	0	4.637370821
3200	3000	0	-287.81	0.038329416	0	4.633288668
3300	3000	0	-287.84	0.019882637	0	4.63418047
3400	3000	0	-287.84	-0.03161977	0	4.605211354
3500	3000	0	-287.84	-0.186755039	0	4.565677595
3600	3000	0	-287.62	-0.219694897	0	4.442944679
3700	3000	0	-287.62	-0.331462588	0	4.545738009
3800	3000	0	-287.29	-0.29180779	0	4.307060128
3900	3000	0	-287.29	-0.027441113	0	4.298163523
4000	3000	0	-287.29	0	0	4.66
