0	0	0	-277.44	0	0	294
100	0	0	-277.44	-1.16279	0	293.0693176
200	0	0	-277.44	-12.2854096	0	294.2552361
300	0	0	-277.3	-11.9051159	0	307.7366761
400	0	0	-277.3	9.6850289	0	323.96014
500	0	0	-277.3	53.998131	0	316.2982462
600	0	0	-277.98	55.6479558	0	272.3087337
700	0	0	-277.98	17.1603036	0	257.8490375
800	0	0	-277.98	15.5559731	0	252.6514662
900	0	0	-278.17	15.5594575	0	246.3088397
1000	0	0	-278.17	12.9521635	0	252.3710356
1100	0	0	-278.17	24.6787563	0	251.6789536
1200	0	0	-278.51	27.5290757	0	251.559864
1300	0	0	-278.51	29.0218561	0	279.7525721
1400	0	0	-278.51	55.3356079	0	304.3374728
1500	0	0	-279.25	70.6429024	0	326.1088811
1600	0	0	-279.25	70.2744058	0	328.571833
1700	0	0	-280	57.6394761	0	335.3651105
1800	0	0	-280	40.372468	0	386.7704306
1900	0	0	-280	49.3317938	0	410.3238493
2000	0	0	-280.68	49.7452161	0	412.3313339
2100	0	0	-280.68	42.0906202	0	437.3376232
2200	0	0	-280.68	58.3072266	0	441.5181955
2300	0	0	-281.5	57.4666187	0	424.672526
2400	0	0	-281.5	38.3788172	0	430.5693232
2500	0	0	-281.5	43.090687	0	429.2647397
2600	0	0	-282.07	40.1681055	0	414.8206592
2700	0	0	-282.07	23.3380543	0	419.1998954
2800	0	0	-282.07	24.6360368	0	421.1847594
2900	0	0	-282.38	23.2548306	0	422.0212975
3000	0	0	-282.38	17.1241021	0	448.3002023
3100	0	0	-282.38	31.0228187	0	453.7596021
3200	0	0	-282.78	29.8435178	0	437.41731
3300	0	0	-282.78	11.2203073	0	438.7708774
3400	0	0	-282.78	11.4661686	0	434.7627861
3500	0	0	-282.91	9.0637436	0	412.0975917
3600	0	0	-282.91	-5.6778231	0	407.23129
3700	0	0	-282.82	-7.4993945	0	406.0882775
3800	0	0	-282.82	-1.7794201	0	354.46933
3900	0	0	-282.82	-16.013057	0	349.8470231
4000	0	0	-282.66	0	0	365
0	100	0	-277.25	0	-74.743599	357.8850741
100	100	0	-277.25	-1.4927644	-69.344226	355.0560786
200	100	0	-277.23	-1.8448909	-67.8720679	324.3872016
300	100	0	-277.23	0.8808971	-52.5069728	321.4706715
400	100	0	-277.25	2.239686	-55.874039	321.3117143
500	100	0	-277.25	5.8649919	-66.5656583	321.8331547
600	100	0	-277.25	12.863558	-107.0667492	319.2568484
700	100	0	-277.38	12.3083781	-112.1868754	323.0223173
800	100	0	-277.38	11.2064577	-101.2872763	355.6828339
900	100	0	-277.38	22.5292329	-102.0112489	364.8928677
1000	100	0	-277.69	25.708664	-91.9484853	366.1812853
1100	100	0	-277.69	24.3991905	-69.4561527	390.3374299
1200	100	0	-277.69	40.5604382	-65.6386455	396.7161626
1300	100	0	-278.27	44.1332465	-54.1379622	398.9880502
1400	100	0	-278.27	39.1673898	-38.3077106	435.8805191
1500	100	0	-278.27	55.7419115	-52.7219169	462.2826249
1600	100	0	-279.05	58.1176887	-61.2178884	474.1424764
1700	100	0	-279.05	46.2231897	-60.3050238	477.4666824
1800	100	0	-279.05	58.7350089	-53.4134056	480.178122
1900	100	0	-279.84	70.5895596	-44.6024757	477.8323799
2000	100	0	-279.84	67.8265011	-34.7279668	466.5035537
2100	100	0	-280.55	53.5593013	-24.6100063	460.2060982
2200	100	0	-280.55	39.6429434	-21.9461748	481.6123197
2300	100	0	-280.55	46.1349416	-23.2712604	488.0995688
2400	100	0	-281.15	43.3038446	-15.7166561	478.9913127
2500	100	0	-281.15	31.6672528	-5.9678085	484.5243862
2600	100	0	-281.15	37.2462335	-14.7275781	485.3956757
2700	100	0	-281.65	35.3452765	-12.5309182	476.6605452
2800	100	0	-281.65	23.5696561	1.2105703	483.6119701
2900	100	0	-281.65	28.029749	-1.2080261	485.4041518
3000	100	0	-282.02	26.3757111	0.5711823	475.3739551
3100	100	0	-282.02	15.5331051	5.5839983	474.8005746
3200	100	0	-282.02	18.8655602	-10.676299	473.7107873
3300	100	0	-282.25	16.320516	-16.2661993	467.799392
3400	100	0	-282.25	6.2832416	-17.8070143	465.1548695
3500	100	0	-282.25	7.4219228	-25.1163867	462.1933379
3600	100	0	-282.34	4.3153326	-28.2695651	455.9211476
3700	100	0	-282.34	-4.6644787	-38.9773079	452.20581
3800	100	0	-282.29	-4.4707668	-41.4428639	453.9978689
3900	100	0	-282.29	-1.7712847	-45.884541	475.1509103
4000	100	0	-282.29	0	-33.7205112	478.5976101
0	200	0	-276.63	0	-67.1506562	393.9220049
100	200	0	-276.63	5.7087412	-28.2035132	373.4400147
200	200	0	-276.63	4.5518437	-29.1276497	369.9611727
300	200	0	-276.71	0.0929129	-33.9254913	360.698183
400	200	0	-276.71	-4.3736566	-71.4939466	365.5830791
500	200	0	-276.71	2.8054209	-78.6244391	368.5346565
600	200	0	-276.75	10.0267387	-81.048748	375.7023056
700	200	0	-276.75	22.9397765	-78.9316813	375.0559207
800	200	0	-277.07	25.7315996	-71.7326107	371.8377173
900	200	0	-277.07	24.8982485	-58.0131607	386.2965669
1000	200	0	-277.07	45.5072596	-56.1769376	386.7446211
1100	200	0	-277.75	50.9885962	-41.8200342	372.2423473
1200	200	0	-277.75	42.8472662	-15.8467243	374.8528556
1300	200	0	-277.75	56.3527909	-16.774342	371.1044147
1400	200	0	-278.59	56.7516533	-15.6844591	365.2622454
1500	200	0	-278.59	47.7327246	-15.8477215	388.7707304
1600	200	0	-278.59	62.6912988	-29.7102741	399.5690351
1700	200	0	-279.51	65.4439589	-23.424335	387.0629767
1800	200	0	-279.51	56.0750161	-2.4336251	374.6199096
1900	200	0	-279.51	68.0172326	-5.3930806	361.6922297
2000	200	0	-280.45	69.7376856	-3.578315	336.5274965
2100	200	0	-280.45	54.8724122	15.2314852	323.4851755
2200	200	0	-280.45	59.6459725	43.2403561	327.2340908
2300	200	0	-281.18	63.6961374	72.0171037	335.6106111
2400	200	0	-281.18	55.6822692	76.3300571	338.2512748
2500	200	0	-281.74	44.079765	83.8669577	349.66183
2600	200	0	-281.74	33.6049958	100.1842659	394.0017609
2700	200	0	-281.74	39.2762026	98.4572469	414.6240362
2800	200	0	-282.29	35.9589289	99.0234866	419.3712893
2900	200	0	-282.29	22.6154427	102.4417766	449.1725641
3000	200	0	-282.29	23.9161264	93.5896726	461.5440562
3100	200	0	-282.61	19.7753374	88.7006522	458.0953716
3200	200	0	-282.61	7.9933202	81.8475437	468.2881801
3300	200	0	-282.61	4.0895921	70.6672803	471.9270864
3400	200	0	-282.63	2.6159812	68.6047622	469.0450616
3500	200	0	-282.63	-1.3988072	71.5972855	466.6413434
3600	200	0	-282.63	-19.5387444	64.1742377	458.2572113
3700	200	0	-282.36	-20.6726933	50.6420886	413.9721316
3800	200	0	-282.36	-8.6866532	51.7699546	406.8811415
3900	200	0	-282.29	-8.2907043	48.005195	414.6693321
4000	200	0	-282.29	0	28.1763514	437.3379537
0	300	0	-276.6	0	-49.0814785	306.3025768
100	300	0	-277.18	36.530242	-46.5990149	265.5478225
200	300	0	-277.18	-7.566869	-67.5575585	281.7382596
300	300	0	-277.18	-41.4853999	-76.6776632	288.1373587
400	300	0	-276.48	-42.4592619	-81.3619876	333.3848591
500	300	0	-276.48	-3.6898094	-80.5771265	342.0079299
600	300	0	-276.48	12.5563158	-78.1110698	344.4145405
700	300	0	-276.59	21.6245153	-64.5810728	345.665104
800	300	0	-276.59	32.1249783	-69.6475893	341.9941579
900	300	0	-277.01	38.084906	-58.0052509	339.1696698
1000	300	0	-277.01	41.9017906	-34.7430443	359.2402293
1100	300	0	-277.01	64.7294038	-38.2571842	358.2480152
1200	300	0	-278.01	65.6061303	-31.8858835	338.0749745
1300	300	0	-278.01	44.2955117	-19.3375529	341.2373666
1400	300	0	-278.01	40.0940103	-26.6718274	345.7937641
1500	300	0	-278.43	41.7160966	-23.3233573	354.6365497
1600	300	0	-278.43	50.5410752	-12.1834763	377.1994469
1700	300	0	-278.43	73.4998388	-18.7484838	380.0694297
1800	300	0	-279.58	76.7662633	-14.7679976	371.5678943
1900	300	0	-279.58	69.4448697	-4.7905347	394.2207269
2000	300	0	-279.58	88.4510669	-12.3454155	411.7639496
2100	300	0	-280.9	100.3779723	-6.9112802	415.3567326
2200	300	0	-280.9	96.4285619	15.1552317	405.2141522
2300	300	0	-281.93	79.2246426	27.5216969	389.0985103
2400	300	0	-281.93	55.1536987	40.8296987	397.9933176
2500	300	0	-281.93	55.5214616	40.5281436	406.3095716
2600	300	0	-282.72	51.8365227	51.429758	406.6097331
2700	300	0	-282.72	34.1844972	67.757335	422.0667143
2800	300	0	-282.72	27.5541858	65.4440299	434.3293442
2900	300	0	-283.01	22.595935	66.7185558	443.9013588
3000	300	0	-283.01	12.6345867	74.5295615	464.3239844
3100	300	0	-283.01	3.7909762	70.6197999	476.0858082
3200	300	0	-282.96	0.8321883	69.5837592	484.5212697
3300	300	0	-282.96	3.0777345	73.8931651	491.469951
3400	300	0	-282.96	7.2132468	76.067177	492.0048444
3500	300	0	-283.08	2.9913983	75.9660971	487.6725537
3600	300	0	-283.08	-16.6398643	73.4807025	490.6149449
3700	300	0	-282.86	-17.0687618	85.5591037	493.1736488
3800	300	0	-282.86	-7.1076604	86.4545044	483.3858408
3900	300	0	-282.86	-25.364888	78.029615	481.1994858
4000	300	0	-282.56	0	70.8117219	504.0126621
0	400	0	-276.28	0	-98.56963	333.7687289
100	400	0	-276.28	-12.7673389	-139.7049083	328.7655668
200	400	0	-275.91	-25.5268046	-144.1868123	352.1490466
300	400	0	-275.91	-13.7115162	-146.8488402	353.554713
400	400	0	-275.91	-8.2731199	-114.7440745	363.8808695
500	400	0	-275.95	6.0563387	-109.2795565	364.7159499
600	400	0	-275.95	26.0227924	-111.2819334	359.15863
700	400	0	-276.43	31.4032569	-113.1731156	342.9123187
800	400	0	-276.43	32.3074215	-114.8890987	339.50144
900	400	0	-276.43	59.8027936	-110.8503995	326.8906791
1000	400	0	-277.34	65.2553264	-92.6986516	311.4073261
1100	400	0	-277.34	53.845757	-74.3809931	323.900049
1200	400	0	-277.34	61.7668976	-81.7379716	326.1945838
1300	400	0	-278.15	61.566847	-73.0797379	317.8036569
1400	400	0	-278.15	52.7658489	-46.312954	325.6601237
1500	400	0	-278.15	62.2210757	-31.7033338	329.6806392
1600	400	0	-279.1	67.2661723	-17.1241458	327.3801294
1700	400	0	-279.1	62.8594377	-3.113534	341.9893546
1800	400	0	-279.1	70.0329652	-9.9990961	351.4259336
1900	400	0	-280.04	70.4398147	-8.2136465	354.4485795
2000	400	0	-280.04	67.6169401	-2.2214961	371.2529275
2100	400	0	-280.04	82.3730594	-18.1108359	382.8770731
2200	400	0	-281.07	94.0789496	-29.3637911	383.7832802
2300	400	0	-281.07	89.3706044	-31.8766308	373.8217655
2400	400	0	-282.06	68.6887159	-25.0935704	370.872687
2500	400	0	-282.06	54.6798243	-19.7236567	397.7916677
2600	400	0	-282.06	60.8341872	-10.4399877	408.2114742
2700	400	0	-282.79	53.2904746	8.8550999	409.5304391
2800	400	0	-282.79	34.9201498	31.4981363	433.5195846
2900	400	0	-282.79	31.7009743	38.8486878	447.9081912
3000	400	0	-283.22	27.8173705	45.2331378	451.1321523
3100	400	0	-283.22	14.8295351	60.2491257	465.9461931
3200	400	0	-283.22	11.2666854	71.8151117	474.3210783
3300	400	0	-283.38	10.5730099	76.9682325	472.943041
3400	400	0	-283.38	4.6889131	82.0764436	473.1874153
3500	400	0	-283.38	-3.9852818	78.073117	470.7133401
3600	400	0	-283.28	-9.9457378	78.0316861	461.9951686
3700	400	0	-283.28	-7.6988913	86.4734221	462.3896155
3800	400	0	-283.28	-16.2161418	81.0477031	458.7143251
3900	400	0	-283.05	-23.9334869	78.9484083	441.9692378
4000	400	0	-283.05	0	80.1237705	435.30253
0	500	0	-275.57	0	-131.5200691	327.988457
100	500	0	-275.57	-9.0869403	-148.4753144	341.3397763
200	500	0	-275.57	-14.7108008	-130.9798873	345.1216596
300	500	0	-275.43	-12.042662	-129.7116287	340.5058959
400	500	0	-275.43	-4.8899782	-129.3270047	340.6603501
500	500	0	-275.43	-0.2276683	-132.6284939	339.5526213
600	500	0	-275.38	8.6627566	-136.9984501	334.4048917
700	500	0	-275.38	18.0173501	-147.3030239	328.6716225
800	500	0	-275.38	34.4476944	-145.8252733	324.4938305
900	500	0	-275.85	60.275353	-146.4088238	309.6127581
1000	500	0	-275.85	78.371197	-144.0459132	292.3737954
1100	500	0	-276.77	75.6900838	-121.4125447	282.1655243
1200	500	0	-276.77	66.9073856	-91.8881528	299.9781856
1300	500	0	-276.77	79.7205293	-83.865493	304.0294471
1400	500	0	-278.01	81.4704144	-70.7938174	294.3463944
1500	500	0	-278.01	70.9049048	-48.2950004	306.3747477
1600	500	0	-278.01	79.1308749	-44.1134028	315.503367
1700	500	0	-279.18	80.6248885	-34.6098758	324.2448396
1800	500	0	-279.18	71.6661509	-16.2891253	362.8344791
1900	500	0	-279.18	77.2224697	-12.6290317	399.4442287
2000	500	0	-280.28	78.5538775	-3.9494884	427.8661303
2100	500	0	-280.28	73.2356773	9.4366241	439.1629901
2200	500	0	-280.28	82.6627669	3.3097004	443.6997238
2300	500	0	-281.4	83.4948633	-4.7125125	447.215618
2400	500	0	-281.4	67.3066729	-2.5312939	449.5380415
2500	500	0	-281.4	70.1750443	7.4127748	460.2595431
2600	500	0	-282.44	80.4152793	13.9131946	467.7223661
2700	500	0	-282.44	76.1226213	23.4277655	464.7183945
2800	500	0	-283.24	57.5477736	42.4276112	460.7729334
2900	500	0	-283.24	36.3309366	59.6860193	475.0248654
3000	500	0	-283.24	34.0350246	58.2396211	483.9158949
3100	500	0	-283.7	30.3729501	65.5797475	482.4559239
3200	500	0	-283.7	17.5512952	80.1345775	489.3667025
3300	500	0	-283.7	13.3390664	80.77328	491.7750779
3400	500	0	-283.88	8.3181312	79.3641168	487.4357118
3500	500	0	-283.88	-1.0533592	76.154189	486.7895521
3600	500	0	-283.88	-8.2395592	78.7963321	482.8701264
3700	500	0	-283.78	-14.0527448	77.47474	483.9568623
3800	500	0	-283.78	-14.6326743	56.6597033	482.9145147
3900	500	0	-283.78	-26.2888206	56.8966139	476.1658597
4000	500	0	-283.45	0	58.7136255	434.4131939
0	600	0	-274.89	0	-135.7891918	344.094912
100	600	0	-274.72	-12.227157	-137.3283422	356.5438369
200	600	0	-274.72	-6.7631189	-135.6591955	350.1813182
300	600	0	-274.72	-12.0586336	-129.003394	347.1478203
400	600	0	-274.53	-11.1899851	-128.6477457	344.7853741
500	600	0	-274.53	-1.6151067	-133.676482	343.6919943
600	600	0	-274.53	11.3482624	-135.8770155	342.9207223
700	600	0	-274.75	22.5764337	-134.6369907	344.282573
800	600	0	-274.75	33.2016216	-121.388764	346.6561838
900	600	0	-274.75	61.5821537	-121.8719481	344.30571
1000	600	0	-275.62	90.2516055	-123.8116012	340.0359854
1100	600	0	-275.62	106.0035174	-111.6436073	326.6449517
1200	600	0	-276.93	99.3139493	-81.2666336	313.2457361
1300	600	0	-276.93	82.6611824	-53.338303	325.728407
1400	600	0	-276.93	88.3363414	-57.1349519	332.9386514
1500	600	0	-278.16	88.9014903	-42.1022269	334.851916
1600	600	0	-278.16	80.9512969	-23.1560393	360.7743852
1700	600	0	-278.16	90.6837152	-26.6268592	379.6357026
1800	600	0	-279.53	92.0138093	-13.1041267	389.246621
1900	600	0	-279.53	82.7794516	8.3785402	415.937005
2000	600	0	-279.53	89.6825959	11.7326728	436.1881971
2100	600	0	-280.9	89.6322482	19.5075976	438.7428331
2200	600	0	-280.9	79.929813	33.958273	438.9991059
2300	600	0	-280.9	83.52961	34.3797376	440.1319916
2400	600	0	-282.05	80.8140032	40.7950182	442.3540095
2500	600	0	-282.05	71.1243128	62.2322391	446.210801
2600	600	0	-282.05	76.8491778	66.8428108	452.4587787
2700	600	0	-282.98	81.8048912	66.7940414	459.3778761
2800	600	0	-282.98	71.1784036	75.7791841	455.771463
2900	600	0	-283.66	47.5129843	88.9577485	454.3961262
3000	600	0	-283.66	33.7110987	92.7746246	473.0430478
3100	600	0	-283.66	36.7244914	95.0038011	477.6702091
3200	600	0	-284.13	26.4602179	98.1000423	471.4700504
3300	600	0	-284.13	9.8025492	97.408844	474.944178
3400	600	0	-284.13	0.0698222	88.7503222	475.3765811
3500	600	0	-284.09	-4.5530665	76.6520667	476.084864
3600	600	0	-284.09	-8.6251869	70.9666502	469.9181254
3700	600	0	-284.09	-29.8355201	62.8654003	463.651709
3800	600	0	-283.6	-36.794268	55.8010583	459.342215
3900	600	0	-283.6	-21.8795648	31.962955	457.0994792
4000	600	0	-283.6	0	37.9906778	444.5342044
0	700	0	-274.19	0	-125.9438921	354.9114204
100	700	0	-274.19	-8.956944	-117.7599023	359.143787
200	700	0	-274.09	-6.3858526	-119.6618644	360.6626573
300	700	0	-274.09	-5.0312122	-117.2314053	357.2432947
400	700	0	-274.09	-9.5630662	-111.2955562	345.6753405
500	700	0	-273.99	-7.4569382	-117.8913162	342.9475929
600	700	0	-273.99	7.702248	-124.9581325	345.0888247
700	700	0	-273.99	32.5056016	-123.1904296	348.6962469
800	700	0	-274.55	47.212737	-113.0606343	359.1202726
900	700	0	-274.55	57.8525158	-95.417311	365.8760411
1000	700	0	-274.55	88.5995378	-96.7184372	370.6040845
1100	700	0	-275.76	118.2350515	-99.4460488	372.8099196
1200	700	0	-275.76	125.2126898	-90.9795319	364.4880488
1300	700	0	-277.37	103.852211	-73.3365762	358.2867884
1400	700	0	-277.37	92.7064905	-65.654909	383.8844963
1500	700	0	-277.37	104.8838174	-52.5989653	393.0216784
1600	700	0	-278.81	94.6062427	-37.2608965	402.8481794
1700	700	0	-278.81	90.6768011	-32.4216102	437.8877984
1800	700	0	-278.81	106.6715503	-21.3636072	447.3400036
1900	700	0	-280.16	102.0592692	6.5083905	439.2720712
2000	700	0	-280.16	89.6829349	28.8785321	444.0802952
2100	700	0	-280.16	95.4612775	28.4533038	458.2802689
2200	700	0	-281.51	97.5349068	37.284477	466.5158037
2300	700	0	-281.51	90.3316085	61.007884	463.9590866
2400	700	0	-281.51	95.1591744	69.6431639	471.1503247
2500	700	0	-282.84	96.2228368	85.7376019	478.9728576
2600	700	0	-282.84	84.9770816	117.612774	480.7262442
2700	700	0	-282.84	85.0589946	127.6827248	481.7385745
2800	700	0	-283.97	79.7114808	129.7047684	482.2889968
2900	700	0	-283.97	53.326377	140.3777921	483.5920787
3000	700	0	-283.97	40.0810771	150.3719626	494.4906234
3100	700	0	-284.54	35.6983678	147.9694491	502.713407
3200	700	0	-284.54	19.9563381	137.9100493	500.959924
3300	700	0	-284.62	3.9893463	131.8409829	499.2417142
3400	700	0	-284.62	-12.4386461	121.3465247	499.7124702
3500	700	0	-284.62	-18.8370312	95.7075001	503.8869255
3600	700	0	-284.58	-22.0262257	74.7526573	504.2878932
3700	700	0	-284.58	-29.2183367	44.7059313	493.815591
3800	700	0	-284.58	-45.5351196	45.8147981	478.4160184
3900	700	0	-283.95	-44.0992011	44.0123241	471.1429845
4000	700	0	-283.95	0	21.057931	479.4660343
0	800	0	-273.48	0	-109.9064938	304.3179802
100	800	0	-273.48	-5.9451293	-107.8208163	305.6164092
200	800	0	-273.48	-6.2346219	-110.8376162	309.279368
300	800	0	-273.5	-3.6923254	-118.0475826	303.1787305
400	800	0	-273.5	-11.849896	-121.3519179	275.5420543
500	800	0	-273.5	-15.2776829	-133.0039845	272.6272095
600	800	0	-273.31	6.049149	-137.5074707	277.5610902
700	800	0	-273.31	34.4739318	-121.9789194	275.192124
800	800	0	-273.31	60.9747403	-117.2842929	284.2813473
900	800	0	-274.28	77.9243509	-105.2856209	301.0161855
1000	800	0	-274.28	86.2228676	-77.4675474	315.0816206
1100	800	0	-274.28	111.7424227	-74.8592729	327.7944675
1200	800	0	-275.8	125.423422	-78.8656868	350.9517646
1300	800	0	-275.8	107.9858053	-68.8828545	364.1517646
1400	800	0	-275.8	109.0739523	-47.8683357	382.9407684
1500	800	0	-277.51	117.2955029	-39.6127547	401.7486335
1600	800	0	-277.51	101.128652	-29.8248299	417.631942
1700	800	0	-277.51	106.5810046	-11.2859851	439.4188259
1800	800	0	-279.01	130.9438101	1.9920167	448.0139395
1900	800	0	-279.01	133.0215908	26.5429946	436.8100419
2000	800	0	-280.35	111.6275092	60.4258908	426.4241658
2100	800	0	-280.35	98.038193	78.9745494	442.7710215
2200	800	0	-280.35	112.4843931	75.0493165	452.4553447
2300	800	0	-282.22	115.888297	89.4091139	439.4213897
2400	800	0	-282.22	105.5437211	108.2926709	455.4621405
2500	800	0	-282.22	119.0939229	107.2592175	483.3390299
2600	800	0	-284.2	118.7943007	127.7975744	485.6928007
2700	800	0	-284.2	93.8968856	158.5606076	474.700239
2800	800	0	-284.2	83.8734709	164.7547957	477.765479
2900	800	0	-285.35	68.1801784	167.7608874	489.5927742
3000	800	0	-285.35	41.3027557	180.1410262	502.5871357
3100	800	0	-285.35	24.2625782	175.5211918	508.7337829
3200	800	0	-285.52	10.3317518	166.2986102	508.4331905
3300	800	0	-285.52	-6.7609755	157.1815598	500.5919687
3400	800	0	-285.52	-36.0636607	145.0672089	500.5591817
3500	800	0	-284.76	-51.1469339	133.9285183	512.560953
3600	800	0	-284.76	-59.6267556	107.1906176	530.2637337
3700	800	0	-283.99	-58.7733793	80.1376967	546.9178292
3800	800	0	-283.99	-37.4878752	51.6825406	522.389335
3900	800	0	-283.99	-46.6364318	73.8787553	488.138297
4000	800	0	-283.41	0	57.1687603	510.9998811
0	900	0	-273.48	0	-142.1602442	195.545601
100	900	0	-273.48	-9.8880664	-147.6492956	196.3369432
200	900	0	-273.31	-16.6126188	-149.4545463	202.2741045
300	900	0	-273.31	-15.545514	-167.2782511	194.5604918
400	900	0	-273.31	-24.5194682	-185.1668001	181.4113209
500	900	0	-272.87	-23.612491	-191.5957625	183.1492262
600	900	0	-272.87	18.7273132	-198.5159601	184.9329345
700	900	0	-273.62	52.7287794	-188.6569231	168.1485417
800	900	0	-273.62	63.9060354	-172.3971846	173.2369592
900	900	0	-273.62	97.6692613	-176.8795199	207.8127708
1000	900	0	-275.19	119.0258858	-146.0402618	233.0103934
1100	900	0	-275.19	116.836912	-104.2141732	239.6476942
1200	900	0	-275.19	131.1891082	-97.2220003	278.8136976
1300	900	0	-277.09	134.8495622	-88.2368811	309.8804999
1400	900	0	-277.09	121.9765903	-49.2835782	319.2970566
1500	900	0	-277.09	122.9273232	-39.0560474	351.6309519
1600	900	0	-278.66	122.9330123	-29.0180522	388.2589921
1700	900	0	-278.66	122.4936477	5.3194818	405.6937951
1800	900	0	-278.66	144.50053	15.6331711	411.4870659
1900	900	0	-280.78	160.4931433	19.3683069	411.473036
2000	900	0	-280.78	142.1144897	41.6403088	400.0843571
2100	900	0	-282.16	110.0847032	65.8173259	398.9793251
2200	900	0	-282.16	107.9694713	71.2619487	417.0396461
2300	900	0	-282.16	123.5749629	75.9982015	418.0898672
2400	900	0	-283.79	113.009278	90.762785	427.9290571
2500	900	0	-283.79	115.7277403	94.5555211	472.8134495
2600	900	0	-283.79	136.2784717	102.1688628	483.9669524
2700	900	0	-285.44	122.016216	132.7840379	460.1398743
2800	900	0	-285.44	88.9117606	165.9587912	461.9710068
2900	900	0	-285.44	68.7126075	170.9251768	492.7215073
3000	900	0	-286.27	47.8413815	172.0679976	522.7171418
3100	900	0	-286.27	21.8559518	177.4356894	532.3090522
3200	900	0	-286.27	1.6167061	175.5922889	537.3065238
3300	900	0	-286.2	-17.2420551	167.9709265	521.8176603
3400	900	0	-286.2	-35.6916876	150.0865108	518.0240713
3500	900	0	-286.2	-56.7136224	152.0320865	529.1718088
3600	900	0	-285.45	-75.8170472	144.9412191	554.6279049
3700	900	0	-285.45	-84.7264137	130.3408088	558.1311455
3800	900	0	-284.57	-51.7940609	104.5675831	565.2501201
3900	900	0	-284.57	-38.6129814	106.4875469	491.5555761
4000	900	0	-284.57	0	95.7359515	484.0075526
0	1000	0	-272.09	0	-181.7388894	147.234802
100	1000	0	-272.09	-13.2394314	-195.9030471	148.5874172
200	1000	0	-272.09	-25.8635774	-197.5503169	151.1944046
300	1000	0	-271.66	-39.4045792	-206.0999512	132.8845911
400	1000	0	-271.66	-36.1674074	-236.2606752	124.0703513
500	1000	0	-271.66	-28.626843	-240.2738119	126.9386852
600	1000	0	-271.13	8.9879884	-240.4358922	128.3446822
700	1000	0	-271.13	60.5927073	-244.0993924	117.9516608
800	1000	0	-272.19	72.7521434	-234.6614909	116.12319
900	1000	0	-272.19	104.2812737	-230.5924849	169.3257436
1000	1000	0	-272.19	158.8882143	-207.8157704	194.0206937
1100	1000	0	-274.34	160.5606841	-160.5311933	185.7847126
1200	1000	0	-274.34	141.4007141	-123.0467855	232.7843514
1300	1000	0	-274.34	155.9242274	-125.7596881	272.2262256
1400	1000	0	-276.81	158.2547861	-97.8080838	270.4095301
1500	1000	0	-276.81	137.5610289	-67.7119775	311.5278786
1600	1000	0	-276.81	145.5041812	-65.9776257	365.9560524
1700	1000	0	-279.21	151.2322279	-44.5526909	384.110826
1800	1000	0	-279.21	144.9926351	-22.5336366	385.7469959
1900	1000	0	-279.21	159.0287285	-32.2682253	403.677051
2000	1000	0	-281.59	158.0765282	-39.4385481	412.2720761
2100	1000	0	-281.59	127.6598329	-19.0898323	415.7835632
2200	1000	0	-281.59	122.6652687	5.9452394	428.891601
2300	1000	0	-283.34	135.3891333	16.7897016	443.5381008
2400	1000	0	-283.34	124.1010407	35.6749644	458.2584506
2500	1000	0	-283.34	130.5000006	58.6996043	485.9535056
2600	1000	0	-285.25	157.0228176	66.5590419	497.7746279
2700	1000	0	-285.25	157.686814	85.4907609	486.1354909
2800	1000	0	-286.96	122.0146098	124.3248742	478.2720146
2900	1000	0	-286.96	74.2893848	153.6271049	515.7260462
3000	1000	0	-286.96	47.8132682	155.7468712	557.2350464
3100	1000	0	-287.39	27.7868694	169.4284181	570.8120579
3200	1000	0	-287.39	0.8669889	177.7398113	589.7662007
3300	1000	0	-287.39	-32.2667535	176.8743262	586.2600997
3400	1000	0	-286.7	-52.0025008	161.6046569	585.1924911
3500	1000	0	-286.7	-56.2922255	138.6757292	594.5810164
3600	1000	0	-286.7	-81.3180333	126.8133958	581.6690035
3700	1000	0	-285.55	-99.1470153	132.3210991	542.8414288
3800	1000	0	-285.55	-61.3411371	107.4044054	536.1520637
3900	1000	0	-285.55	-55.4680635	74.5143171	505.4007462
4000	1000	0	-284.67	0	76.231248	467.0367453
0	1100	0	-271.3	0	-166.2411735	141.2656061
100	1100	0	-271.02	-25.6994938	-182.3362407	144.5800016
200	1100	0	-271.02	-26.8095229	-193.855094	148.4239337
300	1100	0	-271.02	-54.2558722	-195.8273259	113.6283354
400	1100	0	-270.02	-58.6933289	-200.1936493	91.2566017
500	1100	0	-270.02	-27.787708	-215.7852318	90.767566
600	1100	0	-270.02	14.9017327	-209.3761074	60.6151446
700	1100	0	-270.48	58.5031807	-214.2780561	52.9871922
800	1100	0	-270.48	77.4129428	-206.9206836	58.6947133
900	1100	0	-270.48	124.5149818	-185.7007153	92.0378297
1000	1100	0	-272.56	189.0871775	-179.7694457	132.6163584
1100	1100	0	-272.56	201.6058969	-158.6625759	148.5293508
1200	1100	0	-275.05	165.9606134	-127.2894108	168.5044605
1300	1100	0	-275.05	160.0882638	-118.4968333	222.7760486
1400	1100	0	-275.05	180.024301	-103.702395	244.6328321
1500	1100	0	-277.42	154.7577814	-82.075697	268.8856433
1600	1100	0	-277.42	146.0922988	-77.846138	332.7010192
1700	1100	0	-277.42	165.9376367	-70.9772029	364.4045621
1800	1100	0	-279.47	156.7849956	-48.1678019	368.592446
1900	1100	0	-279.47	143.5882318	-40.9654637	410.0169186
2000	1100	0	-279.47	155.2928827	-62.3064084	453.7875447
2100	1100	0	-281.77	155.4684907	-51.0657879	471.949214
2200	1100	0	-281.77	143.8490052	-10.395182	474.4466612
2300	1100	0	-281.77	153.304688	5.6987513	497.3113166
2400	1100	0	-284.14	154.9191807	18.2864369	529.0485698
2500	1100	0	-284.14	146.6118177	57.2316988	553.1346436
2600	1100	0	-284.14	163.0696282	72.7074645	567.5295517
2700	1100	0	-286.24	179.7820482	77.4414595	587.0009219
2800	1100	0	-286.24	157.0481046	103.2110763	597.0301384
2900	1100	0	-287.69	100.1346045	136.5159359	611.4804433
3000	1100	0	-287.69	63.6426946	155.2888812	660.9357296
3100	1100	0	-287.69	43.8488919	183.2182044	681.4443933
3200	1100	0	-287.82	9.0626142	198.7364146	688.3283495
3300	1100	0	-287.82	-33.3772094	199.168634	681.9220513
3400	1100	0	-287.82	-73.8902845	190.0481184	678.104678
3500	1100	0	-286.91	-91.5048836	156.9135297	688.7300795
3600	1100	0	-286.91	-82.1716774	106.1021579	653.2163011
3700	1100	0	-286.91	-104.135404	127.761836	576.8224887
3800	1100	0	-285.51	-109.600843	101.2127055	546.103694
3900	1100	0	-285.51	-69.7861388	31.3596149	565.7060201
4000	1100	0	-285.51	0	29.5909394	526.1027019
0	1200	0	-270.22	0	-126.1979603	143.3821322
100	1200	0	-270.22	-40.8533519	-142.8472556	148.8575618
200	1200	0	-269.85	-39.3546625	-151.1087963	152.4739726
300	1200	0	-269.85	-45.7431345	-168.4105077	97.6208471
400	1200	0	-269.85	-56.1253133	-145.7678354	34.5676912
500	1200	0	-269.07	-37.8093011	-156.8797806	20.651389
600	1200	0	-269.07	10.4951642	-159.8803775	-53.6013753
700	1200	0	-269.07	63.048131	-170.5870284	-79.8798628
800	1200	0	-270.16	101.3294842	-159.3947547	-71.6807228
900	1200	0	-270.16	131.4325117	-116.7202576	-60.513978
1000	1200	0	-270.16	185.9263537	-119.946885	14.0699021
1100	1200	0	-272.94	213.0407189	-134.2937909	99.6566709
1200	1200	0	-272.94	181.5664566	-112.0868335	150.8344805
1300	1200	0	-272.94	179.5112432	-80.2378284	202.7803768
1400	1200	0	-275.84	194.6759224	-75.3110924	258.8685361
1500	1200	0	-275.84	163.417286	-64.8341324	300.4019119
1600	1200	0	-275.84	156.6026753	-45.7221011	352.7082247
1700	1200	0	-278.08	180.910564	-42.7182654	393.4678358
1800	1200	0	-278.08	175.0043743	-32.5181323	406.2388933
1900	1200	0	-280.01	144.8901219	-17.7074817	427.8823244
2000	1200	0	-280.01	147.976204	-21.1766666	473.300616
2100	1200	0	-280.01	179.5710594	-14.6128201	490.0688932
2200	1200	0	-282.41	179.4298079	21.8489524	475.3019501
2300	1200	0	-282.41	164.0707523	53.1226267	498.7038532
2400	1200	0	-282.41	175.6339882	52.2342159	552.179623
2500	1200	0	-284.96	184.9210282	85.5156252	583.4699169
2600	1200	0	-284.96	177.2325783	135.3801346	593.4972951
2700	1200	0	-284.96	188.1904258	146.8318055	645.7360284
2800	1200	0	-287.76	181.0890863	144.4405758	697.8028926
2900	1200	0	-287.76	126.3671898	170.8652865	716.0660897
3000	1200	0	-287.76	94.5155367	199.3288576	776.6332069
3100	1200	0	-289.45	71.2344028	209.4866147	801.8380288
3200	1200	0	-289.45	16.8174185	215.012109	796.7080843
3300	1200	0	-289.45	-40.9550497	206.2189558	785.1348021
3400	1200	0	-288.67	-94.257605	200.0681108	767.0902528
3500	1200	0	-288.67	-140.2381861	175.2926326	751.1818988
3600	1200	0	-286.62	-110.469727	137.8159533	749.2555274
3700	1200	0	-286.62	-104.0364677	135.3037271	637.6732784
3800	1200	0	-286.62	-157.7433581	109.1745727	596.3434599
3900	1200	0	-284.93	-127.0898296	59.3482647	645.75333
4000	1200	0	-284.93	0	5.012745	615.4237159
0	1300	0	-270.32	0	-116.7670986	110.1471882
100	1300	0	-269.59	-50.6103298	-112.7338762	117.1112913
200	1300	0	-269.59	-52.372775	-111.7346371	97.5900469
300	1300	0	-268.77	-48.9149113	-123.0921161	68.2245209
400	1300	0	-268.77	-47.1626017	-114.4119164	-45.9125775
500	1300	0	-268.77	-41.9002501	-123.6469043	-100.7516746
600	1300	0	-268.69	1.1944848	-132.628913	-159.3825796
700	1300	0	-268.69	58.9888036	-140.3151361	-195.3979529
800	1300	0	-268.69	131.2797136	-138.2909594	-198.4982439
900	1300	0	-270.83	163.9628515	-102.1710671	-206.0561641
1000	1300	0	-270.83	171.5136442	-76.7053238	-107.0007213
1100	1300	0	-270.83	209.4659484	-106.2868383	35.7303415
1200	1300	0	-273.96	220.016576	-84.7613078	127.7813351
1300	1300	0	-273.96	196.8640049	-25.494521	167.5877623
1400	1300	0	-273.96	195.4279969	-19.0898644	247.1640054
1500	1300	0	-276.63	184.3467728	-18.9671002	324.0268184
1600	1300	0	-276.63	168.2081658	15.1986281	374.8404802
1700	1300	0	-276.63	179.1416055	21.2971779	411.2772645
1800	1300	0	-279.06	181.7957794	16.0277866	436.7747886
1900	1300	0	-279.06	154.9296976	30.2973876	455.3956218
2000	1300	0	-279.06	158.3875443	48.228981	485.2252125
2100	1300	0	-281.25	198.4941097	50.2427489	502.6655095
2200	1300	0	-281.25	211.584452	61.4815289	491.1314738
2300	1300	0	-284.09	183.6899515	81.9585894	495.2030203
2400	1300	0	-284.09	187.3121792	88.3661979	552.9663189
2500	1300	0	-284.09	229.7577365	110.5160207	582.2676599
2600	1300	0	-287.31	224.3858085	160.4622071	578.2197049
2700	1300	0	-287.31	188.8424893	197.3089888	649.0005457
2800	1300	0	-287.31	181.0815856	180.2616805	741.1788289
2900	1300	0	-289.81	155.0228864	196.0315413	784.2801195
3000	1300	0	-289.81	102.2640228	230.7666429	885.2693337
3100	1300	0	-289.81	59.5321432	220.8872753	924.4907996
3200	1300	0	-290.39	5.7949553	203.3426047	916.0078288
3300	1300	0	-290.39	-48.3212076	177.7324795	899.3156205
3400	1300	0	-290.39	-104.8166077	165.5552214	872.9634077
3500	1300	0	-288.77	-153.7570411	164.2278499	813.0257089
3600	1300	0	-288.77	-122.1605829	148.9625181	777.0139213
3700	1300	0	-288.77	-132.7767847	105.6229466	704.7973113
3800	1300	0	-286.52	-185.5563054	109.3895996	653.7872643
3900	1300	0	-286.52	-173.9479665	88.3159287	643.1915538
4000	1300	0	-284.89	0	42.7920606	669.8268568
0	1400	0	-269.37	0	-121.2820379	86.2116333
100	1400	0	-269.37	-35.8208903	-100.4238219	86.4694012
200	1400	0	-269.06	-49.7129024	-94.3545811	36.628117
300	1400	0	-269.06	-48.4204138	-95.884629	-7.712865
400	1400	0	-269.06	-56.6801016	-106.645421	-90.8939259
500	1400	0	-267.88	-56.0262976	-101.4667529	-178.3549848
600	1400	0	-267.88	-6.1730676	-107.9696777	-237.9629483
700	1400	0	-267.88	57.3860846	-107.7965712	-260.4916877
800	1400	0	-268.73	139.4735532	-113.5366961	-250.8494695
900	1400	0	-268.73	193.0181473	-103.686767	-252.5516641
1000	1400	0	-271.5	181.8105826	-82.257379	-196.9490359
1100	1400	0	-271.5	204.9847349	-87.8376225	-36.8903733
1200	1400	0	-271.5	262.3587739	-69.7505396	61.9788778
1300	1400	0	-274.91	245.1826866	-16.2066891	84.114294
1400	1400	0	-274.91	201.2033433	18.8591842	178.1889344
1500	1400	0	-274.91	197.7057785	11.5052331	291.3656388
1600	1400	0	-277.84	196.8669534	37.6881443	359.4609021
1700	1400	0	-277.84	181.7397224	65.9492996	396.1645623
1800	1400	0	-277.84	184.0045839	63.5250915	420.5633498
1900	1400	0	-280.63	177.0913164	65.6800488	440.1647411
2000	1400	0	-280.63	167.9215653	89.7223815	460.5380799
2100	1400	0	-280.63	192.8236072	88.0680421	477.8114129
2200	1400	0	-283.33	211.1456484	74.3644837	485.5788887
2300	1400	0	-283.33	190.9554213	81.3490328	495.4601736
2400	1400	0	-283.33	204.1914195	102.0921528	535.2743433
2500	1400	0	-286.32	257.0170374	106.6129894	566.6929065
2600	1400	0	-286.32	264.0255464	120.8913863	571.804091
2700	1400	0	-289.58	207.9898992	147.7807716	616.7949739
2800	1400	0	-289.58	179.8116387	152.8749676	744.4723527
2900	1400	0	-289.58	176.8721522	171.2756896	841.9737426
3000	1400	0	-291.37	119.3712707	202.4159911	945.6316547
3100	1400	0	-291.37	43.8103646	208.5703754	983.9448713
3200	1400	0	-291.37	-26.3373773	190.484152	1000.450246
3300	1400	0	-290.38	-78.7424331	170.3343478	987.5281841
3400	1400	0	-290.38	-107.7622346	136.4055396	960.8243502
3500	1400	0	-290.38	-156.8308893	133.7944271	905.6954595
3600	1400	0	-288.01	-169.0746303	138.8749883	827.3554558
3700	1400	0	-288.01	-143.6093862	64.7890225	765.9728942
3800	1400	0	-288.01	-175.0503761	77.3339644	722.5357914
3900	1400	0	-285.72	-193.6873686	96.6665948	650.3164572
4000	1400	0	-285.72	0	75.0345413	643.9851822
0	1500	0	-268.37	0	-54.9775082	83.1839655
100	1500	0	-268.37	-23.682873	-52.9285397	76.517872
200	1500	0	-268.37	-47.8335821	-48.3889518	44.9928573
300	1500	0	-267.54	-61.2057513	-41.0839588	-37.0816927
400	1500	0	-267.54	-52.7447256	-61.7603706	-110.371
500	1500	0	-267.54	-43.2245068	-41.7678481	-171.1899272
600	1500	0	-267.05	-5.1353335	-32.6743239	-247.2117048
700	1500	0	-267.05	53.4217851	-21.962495	-270.7062457
800	1500	0	-267.05	135.3895178	-27.8617022	-257.2875801
900	1500	0	-269.32	195.2421687	-44.9456714	-233.6230255
1000	1500	0	-269.32	187.3627887	-37.5915257	-183.3986093
1100	1500	0	-269.32	221.9727877	-19.2583809	-71.5604836
1200	1500	0	-273.01	291.6475094	-27.3254308	28.7085099
1300	1500	0	-273.01	285.4737286	-17.4586531	66.9779767
1400	1500	0	-276.42	223.1399191	4.7437805	120.906859
1500	1500	0	-276.42	203.1757328	11.6865219	234.3858629
1600	1500	0	-276.42	222.6522324	31.110767	313.5216591
1700	1500	0	-279.29	204.9785527	48.9370056	359.6754631
1800	1500	0	-279.29	181.5265286	63.6970954	382.6129839
1900	1500	0	-279.29	181.1269875	57.8723324	397.0481469
2000	1500	0	-281.92	180.7755375	62.6290396	417.3310837
2100	1500	0	-281.92	183.1362119	72.6709515	435.3442763
2200	1500	0	-281.92	204.8654428	60.4171729	449.2405991
2300	1500	0	-285.01	211.4176206	59.2647483	472.81202
2400	1500	0	-285.01	212.5761358	91.5664764	506.9221898
2500	1500	0	-285.01	248.55697	90.3828596	543.3959912
2600	1500	0	-288.5	265.5535908	71.627494	580.8585241
2700	1500	0	-288.5	220.8260706	83.7290174	631.8859161
2800	1500	0	-288.5	204.5765035	116.2098516	730.5063047
2900	1500	0	-291.85	204.5639099	121.7797201	834.4827783
3000	1500	0	-291.85	139.5587086	136.4356381	917.160326
3100	1500	0	-292.61	47.6003041	153.8951026	950.4338534
3200	1500	0	-292.61	-32.4410723	148.3973784	1000.679864
3300	1500	0	-292.61	-102.39982	147.6475347	1004.405065
3400	1500	0	-290.67	-141.3565283	138.4843093	966.2338422
3500	1500	0	-290.67	-151.2875924	95.7355022	910.5173007
3600	1500	0	-290.67	-191.1659876	101.7480898	860.476403
3700	1500	0	-287.76	-194.3178085	87.4144894	769.6101863
3800	1500	0	-287.76	-153.6787331	42.5651806	706.3748175
3900	1500	0	-287.76	-176.2473896	61.8052071	671.0792676
4000	1500	0	-285.5	0	87.2699617	605.3578904
0	1600	0	-268.65	0	57.3946759	71.8298232
100	1600	0	-268.32	-29.2323339	52.145411	60.5753424
200	1600	0	-268.32	-37.8683214	43.8792537	56.141456
300	1600	0	-268.32	-61.7918327	54.7719804	-11.3676863
400	1600	0	-267.33	-57.363991	57.0135052	-109.5702081
500	1600	0	-267.33	-26.940251	61.1318307	-139.7802591
600	1600	0	-267.33	13.6322855	73.4099199	-197.2961755
700	1600	0	-267.84	62.1987064	84.2634192	-218.8061427
800	1600	0	-267.84	116.4903768	95.1039386	-201.7718015
900	1600	0	-267.84	183.2883237	67.7114179	-168.286941
1000	1600	0	-270.87	207.497873	53.8178252	-88.7153952
1100	1600	0	-270.87	215.2508299	81.3427293	-0.1546666
1200	1600	0	-270.87	264.1585016	51.5643167	82.1902912
1300	1600	0	-274.68	277.2518978	11.6026295	151.5154985
1400	1600	0	-274.68	230.3485183	8.0144195	201.8833982
1500	1600	0	-274.68	224.0727651	31.0598818	265.889332
1600	1600	0	-277.83	234.1174371	35.3798778	315.7053312
1700	1600	0	-277.83	214.3260509	11.2321904	366.7980003
1800	1600	0	-280.59	192.9399107	16.9503284	390.0278326
1900	1600	0	-280.59	176.0232605	31.6983795	394.0154032
2000	1600	0	-280.59	182.7201844	27.4532515	419.1419397
2100	1600	0	-283.3	190.6117405	27.7212506	441.263692
2200	1600	0	-283.3	197.7394451	38.1866997	449.9520074
2300	1600	0	-283.3	222.1047249	33.1552864	490.4842805
2400	1600	0	-286.73	235.3095309	44.0387085	545.5863549
2500	1600	0	-286.73	237.0780549	63.2679262	594.0695686
2600	1600	0	-286.73	257.3717042	46.1989108	643.2437547
2700	1600	0	-290.48	252.5722568	42.0421654	720.5461182
2800	1600	0	-290.48	217.8623414	86.9438985	801.7118082
2900	1600	0	-290.48	197.0979388	80.1884331	879.8857133
3000	1600	0	-292.97	151.4866532	65.1699477	953.8009498
3100	1600	0	-292.97	55.7721049	80.5706886	991.3845719
3200	1600	0	-292.54	-32.5849452	86.9374213	1033.095704
3300	1600	0	-292.54	-88.6555022	83.4111601	1039.773671
3400	1600	0	-292.54	-159.6742671	113.2035488	972.3532519
3500	1600	0	-289.89	-193.5671088	87.066132	891.4560094
3600	1600	0	-289.89	-177.3956432	34.9441609	889.8225863
3700	1600	0	-289.89	-202.7922953	56.6342902	760.0776709
3800	1600	0	-287.02	-200.6596583	64.6349488	645.9833203
3900	1600	0	-287.02	-148.9825876	2.0649141	680.3347425
4000	1600	0	-287.02	0	42.5962783	584.6615383
0	1700	0	-268.95	0	155.1283475	56.8347123
100	1700	0	-268.95	-37.1982953	152.2438982	53.5206105
200	1700	0	-268.53	-45.2070128	145.5171594	61.9310057
300	1700	0	-268.53	-48.0714997	133.7140061	17.9693011
400	1700	0	-268.53	-46.3848753	157.9463574	-72.260191
500	1700	0	-267.97	-26.8280921	157.6632653	-89.0456264
600	1700	0	-267.97	17.996255	160.4677723	-136.053795
700	1700	0	-267.97	75.1158038	161.4002559	-147.4912339
800	1700	0	-269.45	118.8375165	162.7063921	-121.1833154
900	1700	0	-269.45	153.9560553	164.0069951	-100.7999169
1000	1700	0	-269.45	200.9941001	132.4733084	-8.4812334
1100	1700	0	-272.63	219.7192791	124.088074	97.9603209
1200	1700	0	-272.63	221.9074096	122.9084259	171.7513868
1300	1700	0	-272.63	241.9238314	78.8465414	230.0557652
1400	1700	0	-276.04	242.5971713	51.4458461	288.299558
1500	1700	0	-276.04	230.5411912	64.5085547	320.4865465
1600	1700	0	-278.29	202.824541	41.4900364	336.7869078
1700	1700	0	-278.29	186.5490033	9.7716163	395.3450993
1800	1700	0	-278.29	201.9927177	7.3482362	421.7999255
1900	1700	0	-280.72	191.6299107	30.4362924	412.1269102
2000	1700	0	-280.72	176.7984086	43.6474971	435.876446
2100	1700	0	-280.72	193.8696601	28.7645589	463.0911635
2200	1700	0	-283.65	210.2994786	40.118169	462.7457623
2300	1700	0	-283.65	217.2696294	59.6466634	511.6291868
2400	1700	0	-283.65	242.6887755	50.3040913	595.7858267
2500	1700	0	-287.55	250.7171723	45.7419586	663.0482802
2600	1700	0	-287.55	244.3278301	54.0993889	703.7562442
2700	1700	0	-287.55	261.5710583	32.9493932	801.190816
2800	1700	0	-291.88	242.7227712	25.9117982	907.5510839
2900	1700	0	-291.88	182.7899591	34.1352189	983.2590989
3000	1700	0	-291.88	139.9409641	11.5307596	1032.178833
3100	1700	0	-293.85	69.3677777	-1.4750105	1066.242554
3200	1700	0	-293.85	-29.6006007	8.7031978	1090.935989
3300	1700	0	-292.53	-76.1336925	14.5578346	1096.796682
3400	1700	0	-292.53	-137.7015564	36.0178567	994.5650523
3500	1700	0	-292.53	-229.5469803	42.6981931	910.6916561
3600	1700	0	-289.43	-221.5978294	7.906649	956.3000578
3700	1700	0	-289.43	-164.6270206	-30.6080434	784.5793943
3800	1700	0	-289.43	-208.2481092	45.6685401	631.4316371
3900	1700	0	-286.41	-198.2860601	15.0178906	717.8428677
4000	1700	0	-286.41	0	-24.328325	610.7151325
0	1800	0	-270.76	0	176.9682869	103.0350924
100	1800	0	-270.36	-38.843522	182.9935677	107.3260002
200	1800	0	-270.36	-56.3982136	184.7905627	103.4361194
300	1800	0	-269.44	-49.3626346	181.8938758	99.5736101
400	1800	0	-269.44	-33.4147317	195.9391134	-5.0373598
500	1800	0	-269.44	-24.4188361	195.0208688	-41.2848983
600	1800	0	-269.34	17.3692761	195.9497609	-66.5291859
700	1800	0	-269.34	64.4373261	201.3953987	-74.6251291
800	1800	0	-269.34	119.097116	178.2512055	-54.5254575
900	1800	0	-271.31	153.05524	181.7355295	-54.6086149
1000	1800	0	-271.31	167.578952	177.8776368	37.7825147
1100	1800	0	-271.31	205.6859473	133.0978659	158.2835798
1200	1800	0	-274.5	218.916969	129.4134992	232.705004
1300	1800	0	-274.5	205.789318	130.166737	262.6098292
1400	1800	0	-274.5	216.0105316	96.6885235	319.5170453
1500	1800	0	-277.48	214.1169554	71.5396006	354.9389256
1600	1800	0	-277.48	179.3804988	52.7741564	362.4199811
1700	1800	0	-277.48	180.1842507	47.4542696	412.8634092
1800	1800	0	-280.23	213.6045868	34.9424741	447.8058248
1900	1800	0	-280.23	212.3225214	34.3029688	439.8457481
2000	1800	0	-282.92	181.0484509	38.8335822	439.524036
2100	1800	0	-282.92	187.0824123	28.8377256	477.489102
2200	1800	0	-282.92	228.6215496	31.0208629	483.8769019
2300	1800	0	-286.03	232.2906473	53.5984946	493.7313173
2400	1800	0	-286.03	221.4048261	59.182026	568.8738434
2500	1800	0	-286.03	240.8733525	22.0188636	643.4206719
2600	1800	0	-289.6	244.5791388	19.1642422	673.9978837
2700	1800	0	-289.6	224.3846661	16.6813427	790.0152439
2800	1800	0	-289.6	219.0481672	-34.9232014	940.0313404
2900	1800	0	-292.57	182.7169001	-42.8631087	1040.286231
3000	1800	0	-292.57	115.8764238	-43.342769	1074.383707
3100	1800	0	-292.57	52.9445431	-69.5500353	1113.589244
3200	1800	0	-292.93	-16.5521001	-73.3242149	1132.240975
3300	1800	0	-292.93	-61.3408433	-64.5782418	1132.300581
3400	1800	0	-292.93	-131.5339086	-66.8212494	1036.170081
3500	1800	0	-290.67	-221.6783165	-35.2007231	929.8133377
3600	1800	0	-290.67	-250.7018798	-20.4603448	970.9263923
3700	1800	0	-287.74	-165.0304042	-38.50187	868.2005827
3800	1800	0	-287.74	-155.0337242	2.076305	649.9949705
3900	1800	0	-287.74	-218.9794526	18.6177032	660.5848721
4000	1800	0	-285.66	0	-11.1516681	679.0187429
0	1900	0	-271.09	0	148.791355	175.3582384
100	1900	0	-271.09	-29.3760194	159.4604846	184.6751509
200	1900	0	-270.74	-46.3067047	168.294045	160.1041046
300	1900	0	-270.74	-36.922949	181.0293165	166.2687816
400	1900	0	-270.74	-33.2578823	185.2068067	81.9342898
500	1900	0	-270.05	-26.8174446	193.0557718	24.8680098
600	1900	0	-270.05	24.370785	192.1840526	10.3939225
700	1900	0	-270.93	57.4172483	191.4382297	4.0318524
800	1900	0	-270.93	99.1776473	173.5148486	38.7796008
900	1900	0	-270.93	153.5824866	160.4730595	40.5572183
1000	1900	0	-273.32	152.3564364	151.5446493	72.9833221
1100	1900	0	-273.32	171.2551415	119.4813511	186.6243439
1200	1900	0	-273.32	218.9762807	102.4584586	245.6180248
1300	1900	0	-276.2	209.1988558	112.6289571	245.4814251
1400	1900	0	-276.2	183.9700349	116.1507206	299.3464655
1500	1900	0	-276.2	186.6268241	86.5410654	343.3989132
1600	1900	0	-278.83	178.7392101	66.537742	346.7789778
1700	1900	0	-278.83	168.7173209	75.6869053	390.9771537
1800	1900	0	-278.83	188.8414168	53.3460257	440.6749574
1900	1900	0	-281.4	195.5210188	21.3397647	453.4722469
2000	1900	0	-281.4	171.3331654	9.7117032	449.4013597
2100	1900	0	-281.4	186.0569408	8.1600367	484.2382886
2200	1900	0	-284.2	235.0602476	-9.3002186	500.3341151
2300	1900	0	-284.2	245.4307924	-20.7102955	485.2620103
2400	1900	0	-287.41	211.1091445	-27.7027019	528.6126725
2500	1900	0	-287.41	210.6993885	-55.4706343	630.7892873
2600	1900	0	-287.41	238.9903092	-72.7244952	684.0256074
2700	1900	0	-290.76	207.4836148	-79.5174359	754.2026536
2800	1900	0	-290.76	183.1783197	-105.5474422	905.1329635
2900	1900	0	-290.76	174.3703915	-108.6476199	1001.654225
3000	1900	0	-292.58	113.2540375	-113.9247218	1025.520078
3100	1900	0	-292.58	39.3863318	-123.2889005	1082.065504
3200	1900	0	-292.58	-24.6288072	-128.8173885	1112.658328
3300	1900	0	-291.84	-69.630727	-125.7674268	1113.131624
3400	1900	0	-291.84	-108.3240377	-149.3173163	1030.120788
3500	1900	0	-291.84	-183.1860757	-109.6694484	934.3244533
3600	1900	0	-289.25	-224.8989763	-54.8031432	964.0936673
3700	1900	0	-289.25	-142.0903707	-36.0145815	840.7071378
3800	1900	0	-289.25	-151.128536	-51.986406	652.7348193
3900	1900	0	-286.71	-211.5140332	-0.3736212	586.4385158
4000	1900	0	-286.71	0	1.0563567	653.6122385
0	2000	0	-271.92	0	140.3050897	209.2351408
100	2000	0	-271.92	-19.340832	136.8561512	229.5125372
200	2000	0	-271.92	-34.8293817	146.3667626	201.8190657
300	2000	0	-271.39	-32.4498729	162.896941	207.1585142
400	2000	0	-271.39	-21.3882764	162.5526231	126.1850775
500	2000	0	-271.39	-17.4415902	180.1505147	77.5809394
600	2000	0	-271.14	15.7517341	185.0092088	73.2390798
700	2000	0	-271.14	45.7681222	180.5399996	77.2139374
800	2000	0	-271.14	88.1319458	174.9792649	109.7305814
900	2000	0	-272.64	131.0850406	149.0994459	124.8374911
1000	2000	0	-272.64	126.5872435	127.9581621	130.351941
1100	2000	0	-272.64	156.5997567	116.8660868	208.6870267
1200	2000	0	-275.13	212.064575	85.3197463	268.6713578
1300	2000	0	-275.13	219.4815801	69.8446771	275.1055414
1400	2000	0	-277.59	189.9226399	79.5695723	285.1691118
1500	2000	0	-277.59	164.5039767	85.3078928	325.5812697
1600	2000	0	-277.59	168.5263387	64.017553	344.7519358
1700	2000	0	-280.1	166.9925345	53.565788	357.7409758
1800	2000	0	-280.1	159.2574463	48.1224373	396.6716543
1900	2000	0	-280.1	168.6881989	16.5445145	422.9356493
2000	2000	0	-282.52	167.8687228	-4.4612632	420.1890509
2100	2000	0	-282.52	168.0704905	2.7843855	451.3628511
2200	2000	0	-282.52	199.7512174	-24.5727468	477.9095016
2300	2000	0	-285.25	213.888164	-66.9355808	471.8998797
2400	2000	0	-285.25	186.6444873	-89.1736064	524.317867
2500	2000	0	-285.25	195.8515592	-99.047481	636.31814
2600	2000	0	-288.31	220.5323372	-128.5031847	727.9579263
2700	2000	0	-288.31	191.5617191	-146.7923585	792.4220976
2800	2000	0	-288.31	189.9179831	-143.3636988	877.2181785
2900	2000	0	-291.03	174.3396206	-145.5378154	951.2720757
3000	2000	0	-291.03	101.2351432	-174.9828592	997.7553711
3100	2000	0	-291.71	38.0518763	-182.9180253	1030.174482
3200	2000	0	-291.71	-19.0306263	-180.5905238	1048.223821
3300	2000	0	-291.71	-81.840771	-163.651163	1041.812663
3400	2000	0	-290.11	-115.4359302	-166.4120177	1014.405781
3500	2000	0	-290.11	-127.1641434	-171.6201994	913.601594
3600	2000	0	-290.11	-177.0470128	-107.8991106	866.081271
3700	2000	0	-287.68	-162.213667	-56.4515789	831.9502259
3800	2000	0	-287.68	-119.392764	-112.0436446	673.4217498
3900	2000	0	-287.68	-165.9366899	-45.1044939	573.2844728
4000	2000	0	-285.64	0	-0.1254585	656.4380357
0	2100	0	-272.44	0	150.9286367	219.5435212
100	2100	0	-272.14	-23.3143465	152.9117124	238.1420721
200	2100	0	-272.14	-20.2659149	148.9723918	200.362626
300	2100	0	-272.14	-20.7370885	168.318617	189.9110877
400	2100	0	-271.98	-16.0043087	163.6777338	154.4143453
500	2100	0	-271.98	-4.3608588	168.8658757	111.3493307
600	2100	0	-271.98	24.76027	178.5475763	96.339104
700	2100	0	-272.58	47.3873044	175.2352779	90.2157737
800	2100	0	-272.58	67.7370935	180.037245	115.8779077
900	2100	0	-272.58	106.5613837	152.7884046	136.0891424
1000	2100	0	-274.17	120.1230773	130.9383483	133.6612653
1100	2100	0	-274.17	128.6167258	136.6774838	198.9570024
1200	2100	0	-274.17	171.9548711	95.0646741	273.0876642
1300	2100	0	-276.5	203.4486818	48.0357426	314.4404815
1400	2100	0	-276.5	199.4332506	28.9987132	314.5843677
1500	2100	0	-278.8	171.0748048	32.2592237	312.7422211
1600	2100	0	-278.8	146.9971052	30.4207964	341.4343791
1700	2100	0	-278.8	152.8222052	1.1710051	359.8381592
1800	2100	0	-281.04	151.8201434	-8.1618085	370.6708756
1900	2100	0	-281.04	142.9373183	-16.277708	408.0561354
2000	2100	0	-281.04	157.5730364	-44.484963	428.5183541
2100	2100	0	-283.38	165.9454573	-43.8389165	440.1579632
2200	2100	0	-283.38	165.3402813	-39.5469646	476.6950217
2300	2100	0	-283.38	180.8299328	-69.9177737	498.6302652
2400	2100	0	-285.95	178.9972443	-93.8077343	527.1855118
2500	2100	0	-285.95	171.3698102	-88.6669436	618.0592923
2600	2100	0	-285.95	191.2454317	-124.1141206	726.936776
2700	2100	0	-288.72	192.6231006	-160.0358066	810.2543059
2800	2100	0	-288.72	184.4328629	-164.4659243	846.5884158
2900	2100	0	-290.66	142.7512311	-205.0577328	894.9408089
3000	2100	0	-290.66	75.8738275	-236.3035608	977.8252892
3100	2100	0	-290.66	33.7786672	-233.9334865	1009.345268
3200	2100	0	-290.6	-5.361945	-224.8206806	1006.835849
3300	2100	0	-290.6	-55.4522209	-206.913451	967.1267362
3400	2100	0	-290.6	-116.2930741	-179.2896658	941.7187003
3500	2100	0	-288.84	-124.6731685	-176.5740559	910.6603851
3600	2100	0	-288.84	-109.7303557	-170.7683922	795.4270196
3700	2100	0	-288.84	-146.2349048	-90.3865243	741.2313495
3800	2100	0	-286.88	-139.7814511	-99.8822708	717.1373448
3900	2100	0	-286.88	-99.595847	-116.2166325	589.9421185
4000	2100	0	-286.88	0	-50.3650984	581.7773486
0	2200	0	-273.47	0	150.9247728	254.1401594
100	2200	0	-273.47	-21.2970768	163.830027	260.8606053
200	2200	0	-273.15	-19.422477	166.0846482	252.4457176
300	2200	0	-273.15	-17.7445309	172.8210978	226.2234353
400	2200	0	-273.15	-20.8410178	159.6250573	217.0828907
500	2200	0	-272.96	-2.5717478	160.4030681	203.1898865
600	2200	0	-272.96	22.1211362	170.2718011	183.3211059
700	2200	0	-272.96	47.2577909	161.6945066	177.6580527
800	2200	0	-273.67	65.6850725	161.2746474	183.8859427
900	2200	0	-273.67	81.986144	164.2748211	215.0942543
1000	2200	0	-273.67	110.4763228	139.2619198	225.2290586
1100	2200	0	-275.41	120.7260824	127.004917	244.2112226
1200	2200	0	-275.41	123.4228337	113.7123144	311.4202719
1300	2200	0	-275.41	153.4156192	64.9801189	371.9740377
1400	2200	0	-277.44	174.1461209	14.6993642	391.5035562
1500	2200	0	-277.44	165.9260599	-17.7206912	378.7891584
1600	2200	0	-279.55	137.4381201	-33.7736298	390.6770409
1700	2200	0	-279.55	128.4099295	-54.674292	426.7512524
1800	2200	0	-279.55	141.8087332	-67.0141938	432.0991251
1900	2200	0	-281.44	132.3650443	-73.2958411	453.6249334
2000	2200	0	-281.44	140.3075143	-87.7031381	496.3554397
2100	2200	0	-281.44	173.008489	-88.9950309	506.0869185
2200	2200	0	-283.71	173.6723602	-71.5954947	508.2867525
2300	2200	0	-283.71	159.6273943	-58.7844219	539.7603076
2400	2200	0	-283.71	167.8953175	-81.3490224	566.3568274
2500	2200	0	-286.19	165.5451728	-95.3972232	598.6197179
2600	2200	0	-286.19	149.1634742	-103.3023452	679.4870399
2700	2200	0	-286.19	151.2099154	-143.4038827	747.670322
2800	2200	0	-288.01	144.8960569	-179.5703549	769.3515886
2900	2200	0	-288.01	102.5019841	-215.2206448	836.2665409
3000	2200	0	-288.01	72.3593895	-227.7429709	911.6033252
3100	2200	0	-289.17	49.5347565	-233.8956354	933.5731067
3200	2200	0	-289.17	7.9894092	-228.7702907	925.8064482
3300	2200	0	-289.17	-36.3097562	-220.418668	888.1429756
3400	2200	0	-288.63	-85.0965351	-194.4897383	829.6753529
3500	2200	0	-288.63	-118.6428698	-167.5145931	808.9221619
3600	2200	0	-287.15	-90.8594813	-158.1481494	778.6495197
3700	2200	0	-287.15	-91.3275456	-119.7572508	660.4100974
3800	2200	0	-287.15	-145.2228722	-99.4283619	644.1663644
3900	2200	0	-285.56	-116.4195175	-106.3362866	642.2829508
4000	2200	0	-285.56	0	-122.6232253	566.3421943
0	2300	0	-274.1	0	126.2854569	299.2615981
100	2300	0	-274.1	-8.1544711	132.6586343	299.5267511
200	2300	0	-274.1	-11.2748441	143.061924	297.1400421
300	2300	0	-274.1	-27.1966793	144.1806477	282.1078731
400	2300	0	-273.54	-28.4223384	148.1804579	279.8053408
500	2300	0	-273.54	6.285885	151.1944759	280.0127906
600	2300	0	-273.86	26.0517085	154.6262763	268.0680173
700	2300	0	-273.86	38.3901507	156.3848127	276.4396145
800	2300	0	-273.86	70.317408	141.0057831	285.5146401
900	2300	0	-275.08	84.5486562	139.4031134	284.8416033
1000	2300	0	-275.08	82.8531732	135.0644373	308.0710225
1100	2300	0	-275.08	103.0671203	101.8982455	325.6518102
1200	2300	0	-276.56	109.930073	92.6661681	345.4119815
1300	2300	0	-276.56	104.4357315	86.9543946	397.7045201
1400	2300	0	-276.56	116.7324406	46.7443713	429.6529438
1500	2300	0	-277.85	122.6018108	5.5817028	432.0730226
1600	2300	0	-277.85	110.0435044	-13.4473375	462.1409273
1700	2300	0	-277.85	119.5816412	-20.8028137	493.3458422
1800	2300	0	-279.71	133.1985943	-36.9603228	495.8028612
1900	2300	0	-279.71	122.248374	-44.2179718	527.1139309
2000	2300	0	-279.71	141.8738466	-50.1444659	563.7661913
2100	2300	0	-281.89	182.0531006	-70.0414857	574.4242371
2200	2300	0	-281.89	195.5508902	-80.8409059	556.1403849
2300	2300	0	-284.38	171.0764052	-76.5269238	544.3146519
2400	2300	0	-284.38	142.384443	-81.5881115	577.4848953
2500	2300	0	-284.38	149.4164874	-118.2244421	603.3748065
2600	2300	0	-286.57	143.2387723	-132.5431798	623.8327387
2700	2300	0	-286.57	116.3550909	-137.7225391	677.5681665
2800	2300	0	-286.57	112.6161008	-174.724875	709.5521556
2900	2300	0	-288.1	94.578615	-199.4331658	732.7026724
3000	2300	0	-288.1	57.1988369	-197.8526083	784.6310324
3100	2300	0	-288.1	32.7513475	-217.7600471	809.836851
3200	2300	0	-288.32	8.1150224	-224.7612159	804.2587024
3300	2300	0	-288.32	-21.1716685	-225.7219381	779.603462
3400	2300	0	-288.32	-63.3889991	-206.967681	735.6645405
3500	2300	0	-287.38	-88.3315796	-175.188215	693.5686788
3600	2300	0	-287.38	-61.9730133	-154.5896316	694.3417336
3700	2300	0	-287.38	-87.5151174	-152.3434383	625.0215535
3800	2300	0	-285.99	-126.360487	-116.7969345	576.6688353
3900	2300	0	-285.99	-122.7907104	-101.5482445	587.8684251
4000	2300	0	-284.8	0	-106.9549451	607.9574312
0	2400	0	-274.74	0	87.5529102	291.4180943
100	2400	0	-274.74	-4.5206098	88.6749726	286.7830437
200	2400	0	-274.68	-7.9004636	91.7232472	287.2681036
300	2400	0	-274.68	-12.625997	89.9344792	274.4754359
400	2400	0	-274.68	-13.8271896	111.0065225	272.5100831
500	2400	0	-274.55	3.8740705	117.8746221	282.0643833
600	2400	0	-274.55	27.3114731	113.9647495	279.8972171
700	2400	0	-275.01	33.6372977	110.3217562	283.1412735
800	2400	0	-275.01	48.7033732	98.3792425	321.3375175
900	2400	0	-275.01	76.0447982	83.9702176	328.1818139
1000	2400	0	-276.07	72.971455	74.006792	333.2042715
1100	2400	0	-276.07	78.3278132	55.4052384	377.3757896
1200	2400	0	-276.07	108.4789828	46.5646956	392.1233809
1300	2400	0	-277.55	107.4938225	53.9836913	397.374948
1400	2400	0	-277.55	92.7734291	57.6879953	430.3047827
1500	2400	0	-277.55	105.7343511	34.8529107	448.7508083
1600	2400	0	-279.09	111.0536036	29.6934124	455.1731144
1700	2400	0	-279.09	104.8969443	41.1754448	485.0166057
1800	2400	0	-279.09	118.3935751	16.2355081	512.6425101
1900	2400	0	-280.84	119.1809012	-0.4254962	536.1079282
2000	2400	0	-280.84	114.4840003	-3.0071569	548.3102764
2100	2400	0	-280.84	142.312049	-42.3998855	560.6183387
2200	2400	0	-282.65	167.1869221	-83.1910552	553.8364036
2300	2400	0	-282.65	158.8801887	-114.3292439	530.9166557
2400	2400	0	-284.46	126.1977991	-138.3365187	540.3853108
2500	2400	0	-284.46	114.5901045	-162.0781561	586.152738
2600	2400	0	-284.46	129.6653773	-182.9264416	599.9386319
2700	2400	0	-286.26	109.0282202	-197.0931729	605.0724521
2800	2400	0	-286.26	83.1854302	-217.8725999	645.0168873
2900	2400	0	-286.26	79.3742507	-234.4786798	660.0880895
3000	2400	0	-287.14	54.0325082	-240.5962998	665.6573876
3100	2400	0	-287.14	22.6261489	-248.5363264	686.6464319
3200	2400	0	-287.14	0.0275182	-245.5296173	693.1004794
3300	2400	0	-286.92	-18.5162213	-241.6903209	686.8842975
3400	2400	0	-286.92	-34.562812	-239.1850003	656.4644878
3500	2400	0	-286.92	-66.2648203	-203.5386358	632.9057604
3600	2400	0	-286	-68.0147047	-181.7222885	652.2886366
3700	2400	0	-286	-53.5348486	-205.9605367	599.7997246
3800	2400	0	-286	-94.4276783	-149.4403378	557.0719216
3900	2400	0	-284.87	-106.5775281	-130.6727824	552.9495564
4000	2400	0	-284.87	0	-121.6509949	584.9057604
0	2500	0	-274.98	0	48.0197131	337.240592
100	2500	0	-274.98	-3.9841341	47.849355	322.8095007
200	2500	0	-274.98	-10.0153376	44.3521371	324.1131127
300	2500	0	-274.85	-7.913404	49.5291022	324.8483134
400	2500	0	-274.85	-0.4821955	59.6156573	319.5521077
500	2500	0	-274.85	9.244112	71.4267403	324.1204067
600	2500	0	-274.97	18.4988426	75.059614	326.72942
700	2500	0	-274.97	22.8046437	70.4074657	327.459639
800	2500	0	-274.97	43.9658694	64.9806256	349.4611867
900	2500	0	-275.66	60.1762057	54.7509335	366.9949684
1000	2500	0	-275.66	54.288194	44.8238205	371.0662133
1100	2500	0	-275.66	75.6250239	36.7609827	399.7923419
1200	2500	0	-276.76	108.5085259	23.1419087	423.859242
1300	2500	0	-276.76	115.5590313	18.4726783	420.310894
1400	2500	0	-278.15	97.60166	12.8709275	421.1502292
1500	2500	0	-278.15	94.6072279	5.3161504	455.7856008
1600	2500	0	-278.15	116.3660384	7.8249372	459.3655592
1700	2500	0	-279.83	106.1237369	8.5608839	453.5096529
1800	2500	0	-279.83	91.5976532	-10.5104825	482.7641358
1900	2500	0	-279.83	103.005709	-34.7970298	497.7497104
2000	2500	0	-281.3	99.8994573	-48.6569436	495.3657523
2100	2500	0	-281.3	101.8692023	-67.3128643	522.0076028
2200	2500	0	-281.3	123.6215318	-90.1318353	528.0696064
2300	2500	0	-282.84	115.9309417	-127.3113874	516.1701649
2400	2500	0	-282.84	94.6355308	-164.802026	547.213892
2500	2500	0	-282.84	104.8265645	-168.7700839	588.4426042
2600	2500	0	-284.25	108.2237555	-182.3385782	606.7893457
2700	2500	0	-284.25	81.4089327	-200.1970173	607.9576437
2800	2500	0	-284.25	75.2305939	-210.7698834	629.4694606
2900	2500	0	-285.36	71.8549151	-228.0207217	641.8632079
3000	2500	0	-285.36	43.1411903	-238.0828512	641.5195449
3100	2500	0	-285.36	27.8180299	-235.6044195	652.8319114
3200	2500	0	-285.75	14.9610279	-230.5922765	657.7678648
3300	2500	0	-285.75	-14.8270516	-211.8266412	656.4695033
3400	2500	0	-285.3	-25.237314	-197.8773571	653.9505641
3500	2500	0	-285.3	-30.8688678	-178.0039491	624.3454192
3600	2500	0	-285.3	-64.3949142	-145.9381448	622.0007801
3700	2500	0	-284.41	-55.2331667	-140.2557036	633.4840926
3800	2500	0	-284.41	-51.0727327	-120.2047949	572.9141217
3900	2500	0	-284.41	-95.0013675	-122.7475877	569.9861767
4000	2500	0	-283.52	0	-106.8166231	623.8424638
0	2600	0	-275.16	0	30.1228121	423.8817913
100	2600	0	-275.16	-8.1881858	29.8402263	417.7157427
200	2600	0	-275.02	-6.2207164	33.5859373	421.0390356
300	2600	0	-275.02	2.6375232	55.5865557	418.4438232
400	2600	0	-275.02	8.0704485	57.9056892	417.8883742
500	2600	0	-275.13	19.3180273	64.7080525	423.4418377
600	2600	0	-275.13	26.2921985	88.2721015	418.9574261
700	2600	0	-275.39	23.5583093	93.1997677	414.2695705
800	2600	0	-275.39	33.046841	95.0567807	432.7484589
900	2600	0	-275.39	55.8879931	97.943694	436.2770112
1000	2600	0	-276.1	54.9815041	94.9532552	427.8100814
1100	2600	0	-276.1	56.6459014	94.3387745	454.8327531
1200	2600	0	-276.1	90.1906784	64.0969009	479.0797526
1300	2600	0	-277.52	97.2228412	27.8450264	484.9058825
1400	2600	0	-277.52	79.6169013	-1.5115476	484.9544275
1500	2600	0	-277.52	100.6883608	-15.1299333	496.2951015
1600	2600	0	-279.13	114.2983371	-25.0859281	490.6434661
1700	2600	0	-279.13	86.5615245	-22.2105422	480.0856339
1800	2600	0	-279.13	75.0356614	-21.1949257	497.0756827
1900	2600	0	-279.99	81.0344401	-28.2089559	517.3942866
2000	2600	0	-279.99	81.9681659	-27.340667	521.9020252
2100	2600	0	-279.99	100.8371574	-30.2848959	536.4536372
2200	2600	0	-281.6	107.188399	-50.1893991	546.9890715
2300	2600	0	-281.6	84.209998	-73.2663273	551.8605857
2400	2600	0	-281.6	84.7391027	-92.4575982	568.5261892
2500	2600	0	-282.81	97.0535523	-114.9826154	590.4502149
2600	2600	0	-282.81	98.2384438	-147.1719709	596.51635
2700	2600	0	-283.93	80.5969151	-160.1393998	587.6627487
2800	2600	0	-283.93	55.3617258	-152.2259242	614.3024249
2900	2600	0	-283.93	52.061283	-170.2565421	631.0619458
3000	2600	0	-284.51	46.4488103	-177.0631048	627.8343295
3100	2600	0	-284.51	30.1167235	-154.0729164	644.4771281
3200	2600	0	-284.51	23.8052965	-153.6414514	649.4437355
3300	2600	0	-284.82	14.1986981	-147.3701002	633.9402136
3400	2600	0	-284.82	-0.7401199	-121.1199851	624.7250524
3500	2600	0	-284.82	-14.325608	-111.7400273	603.1283938
3600	2600	0	-284.65	-30.2664592	-97.3635492	571.5828259
3700	2600	0	-284.65	-27.8014987	-82.7131372	576.2039775
3800	2600	0	-284.65	-76.9195624	-79.8122689	553.0440764
3900	2600	0	-283.5	-93.1893562	-56.6359464	559.2714565
4000	2600	0	-283.5	0	-40.0986388	581.7445711
0	2700	0	-275.02	0	119.5781896	492.937571
100	2700	0	-275.02	-0.5210089	117.5413228	481.2373123
200	2700	0	-275.02	15.7309918	123.6737733	478.6598793
300	2700	0	-275.31	16.4063479	122.2450787	462.1484102
400	2700	0	-275.31	8.6393014	108.197047	462.0320725
500	2700	0	-275.31	39.6105243	100.307739	459.0934536
600	2700	0	-275.96	46.9905578	98.2383301	438.3595247
700	2700	0	-275.96	29.5893228	108.4022537	429.6408502
800	2700	0	-275.96	48.7097957	109.0589532	434.8957324
900	2700	0	-276.74	60.0726802	95.4342439	435.1290422
1000	2700	0	-276.74	50.6832745	78.6751162	429.2985121
1100	2700	0	-277.22	44.7686697	78.6710836	435.5073491
1200	2700	0	-277.22	42.0147778	78.9386294	465.8720243
1300	2700	0	-277.22	49.9505827	45.3303747	481.4163716
1400	2700	0	-277.75	54.6267003	29.1221287	486.2833673
1500	2700	0	-277.75	71.0328475	31.1863668	509.0757131
1600	2700	0	-277.75	109.2854295	-0.3942116	504.9194038
1700	2700	0	-279.5	110.0147392	-19.1867327	475.4703537
1800	2700	0	-279.5	85.5992396	-9.077613	483.8678607
1900	2700	0	-279.5	96.8599677	-15.986896	486.7924992
2000	2700	0	-281	97.8235173	-20.0156805	470.1679038
2100	2700	0	-281	79.0204702	-11.6323339	488.2237934
2200	2700	0	-281	80.6401003	-35.7235257	515.8022351
2300	2700	0	-282.04	73.6627426	-51.4959209	535.8603722
2400	2700	0	-282.04	52.9192428	-45.0256549	547.284699
2500	2700	0	-282.04	50.1121918	-63.6740343	570.6972795
2600	2700	0	-282.42	63.0669712	-82.7772106	600.296821
2700	2700	0	-282.42	76.3549795	-82.8186022	599.5767689
2800	2700	0	-283.3	65.1134516	-73.0113469	594.0502854
2900	2700	0	-283.3	47.0177345	-62.606982	609.8403781
3000	2700	0	-283.3	59.3248159	-74.267397	607.5094227
3100	2700	0	-284.23	51.2396834	-83.2802742	588.178031
3200	2700	0	-284.23	21.6638441	-94.6451024	589.4717822
3300	2700	0	-284.23	17.6944147	-107.1933285	584.9887785
3400	2700	0	-284.48	10.392759	-110.9994419	566.2414097
3500	2700	0	-284.48	-7.1124319	-121.3783254	533.0001974
3600	2700	0	-284.48	-35.3680241	-114.5955523	518.5416826
3700	2700	0	-283.97	-37.6818864	-103.2446737	537.0164011
3800	2700	0	-283.97	-24.995542	-116.3037606	499.6774306
3900	2700	0	-283.97	-55.2877374	-55.8796379	493.3017035
4000	2700	0	-283.41	0	-35.9238947	531.6588304
0	2800	0	-276.47	0	117.4284181	405.1206114
100	2800	0	-276.44	-4.0926021	113.7756212	401.605086
200	2800	0	-276.44	-1.5169605	100.6802994	396.1673668
300	2800	0	-276.44	-12.8392031	83.954761	396.1323369
400	2800	0	-276.21	-13.8668913	82.1919247	409.6517614
500	2800	0	-276.21	9.3593104	73.205219	413.879574
600	2800	0	-276.21	34.3867132	43.6126771	408.9641003
700	2800	0	-276.68	34.3789324	33.6049245	393.5398238
800	2800	0	-276.68	20.0788311	31.158671	408.3761145
900	2800	0	-276.68	25.504156	3.580861	415.5361417
1000	2800	0	-276.91	38.2183439	-9.8479586	416.7634977
1100	2800	0	-276.91	56.9094147	-6.680673	431.0148039
1200	2800	0	-277.67	56.8499695	1.6644199	436.3253923
1300	2800	0	-277.67	47.4063405	14.9295149	461.5524603
1400	2800	0	-277.67	65.4728935	8.7444725	464.124509
1500	2800	0	-278.66	71.1720205	7.4959413	453.7581425
1600	2800	0	-278.66	63.9252376	2.8877517	465.6552415
1700	2800	0	-278.66	77.8781232	-35.4470339	462.9037569
1800	2800	0	-279.71	78.235498	-49.8586359	456.0991309
1900	2800	0	-279.71	70.0963726	-44.4063421	473.6609086
2000	2800	0	-279.71	86.322728	-67.61311	475.4783021
2100	2800	0	-280.94	85.1293122	-76.403337	464.2662872
2200	2800	0	-280.94	67.3248119	-65.7896261	482.5874778
2300	2800	0	-280.94	74.9078688	-76.8757731	490.9716103
2400	2800	0	-281.99	72.5609893	-76.7539729	482.3918461
2500	2800	0	-281.99	59.3019965	-55.2422679	502.3832388
2600	2800	0	-281.99	79.0938758	-53.962948	509.6154113
2700	2800	0	-283.12	90.3627788	-61.0633038	489.9527648
2800	2800	0	-283.12	75.5733461	-55.4933282	494.6771488
2900	2800	0	-283.8	50.8052329	-53.9475868	488.8140745
3000	2800	0	-283.8	25.7755181	-57.133024	490.0391516
3100	2800	0	-283.8	9.7390182	-57.7259888	507.5239213
3200	2800	0	-283.71	-0.1077579	-57.0184084	520.9624682
3300	2800	0	-283.71	-2.1556414	-57.73249	523.9803796
3400	2800	0	-283.71	-14.9251168	-66.8803674	524.0123417
3500	2800	0	-283.45	-17.9217183	-69.1079626	523.5990219
3600	2800	0	-283.45	-12.1328075	-69.7996334	493.1599971
3700	2800	0	-283.45	-29.5097071	-44.3666689	488.9105933
3800	2800	0	-283.11	-29.5545266	-39.9771073	500.9819995
3900	2800	0	-283.11	-12.8094903	-58.2873751	472.5888037
4000	2800	0	-283.11	0	-22.7650476	472.7443633
0	2900	0	-276.4	0	51.7033644	416.167343
100	2900	0	-276.4	-17.2691276	-0.1566044	386.6197221
200	2900	0	-276.23	-14.0898685	-0.4473653	398.8304023
300	2900	0	-276.23	-2.0820268	5.7573434	406.0506666
400	2900	0	-276.23	-2.1102405	19.9921277	408.541038
500	2900	0	-276.21	1.0312767	26.4189839	415.3199338
600	2900	0	-276.21	7.3902632	38.5873079	436.4533129
700	2900	0	-276.21	17.1353167	21.4838971	440.0474857
800	2900	0	-276.42	18.6857322	19.8610833	440.7949109
900	2900	0	-276.42	19.0660507	32.4746493	462.642899
1000	2900	0	-276.42	40.4217405	26.3847164	465.0989944
1100	2900	0	-276.96	56.2810481	13.1166112	454.3746689
1200	2900	0	-276.96	63.6249656	-2.9323266	459.2532084
1300	2900	0	-277.72	57.0306353	-13.4538602	443.2763764
1400	2900	0	-277.72	47.1931266	-17.2922262	435.5894835
1500	2900	0	-277.72	65.1761267	-15.0658837	430.4221111
1600	2900	0	-278.61	66.3424544	-8.0607722	409.9924275
1700	2900	0	-278.61	57.2683517	-1.1245898	414.8402939
1800	2900	0	-278.61	76.6399314	-20.2590616	445.5985815
1900	2900	0	-279.71	79.1054936	-20.6996099	464.2842347
2000	2900	0	-279.71	65.8265224	-1.7774992	504.2416432
2100	2900	0	-279.71	80.8439541	-16.1441338	515.0043079
2200	2900	0	-280.84	80.1676642	-16.4751917	507.328429
2300	2900	0	-280.84	62.6983958	6.1231267	530.9123128
2400	2900	0	-280.84	74.5527479	-4.2436461	536.7405496
2500	2900	0	-281.87	72.9032167	-7.8999406	525.6723361
2600	2900	0	-281.87	57.2459352	2.8940219	546.549193
2700	2900	0	-281.87	74.8245993	-24.337972	547.9070591
2800	2900	0	-282.89	72.2291686	-47.7699654	526.2073954
2900	2900	0	-282.89	45.3780387	-52.1127623	538.0355702
3000	2900	0	-282.89	55.5464139	-54.840517	537.4834707
3100	2900	0	-283.66	51.354299	-61.4575044	512.6871661
3200	2900	0	-283.66	21.6573428	-59.0669644	515.7408697
3300	2900	0	-283.75	7.8324557	-57.1977699	515.2310717
3400	2900	0	-283.75	-0.9827136	-52.1153279	510.7956179
3500	2900	0	-283.75	-10.0316978	-38.5843426	497.7549642
3600	2900	0	-283.63	-10.6267304	-36.6424459	493.1356726
3700	2900	0	-283.63	-7.8593603	-46.4270662	464.4066189
3800	2900	0	-283.63	-38.9162482	-26.6905425	462.6360874
3900	2900	0	-283.19	-38.0756777	-21.29587	492.4590017
4000	2900	0	-283.19	0	-51.9191507	466.1313785
0	3000	0	-276.83	0	0	454
100	3000	0	-276.26	-56.2433318	0	508.7432161
200	3000	0	-276.26	4.3969873	0	518.4703974
300	3000	0	-276.34	7.6002898	0	512.9188824
400	3000	0	-276.34	6.7947492	0	511.9468065
500	3000	0	-276.34	27.9544906	0	508.3489657
600	3000	0	-276.69	29.4516264	0	491.8445482
700	3000	0	-276.69	15.6527078	0	504.8315614
800	3000	0	-276.69	31.0695834	0	503.3531156
900	3000	0	-277.1	32.0277891	0	489.6347805
1000	3000	0	-277.1	18.8603057	0	500.5289926
1100	3000	0	-277.1	27.5923717	0	501.7028458
1200	3000	0	-277.47	30.2794981	0	497.3801002
1300	3000	0	-277.47	33.0464409	0	513.1307627
1400	3000	0	-277.47	63.86087	0	508.0142008
1500	3000	0	-278.33	80.4034745	0	483.1758259
1600	3000	0	-278.33	77.8665315	0	476.282021
1700	3000	0	-279.14	65.6798337	0	456.2058637
1800	3000	0	-279.14	58.660478	0	455.1340052
1900	3000	0	-279.14	88.577935	0	462.2891795
2000	3000	0	-280.41	90.8782041	0	433.0826494
2100	3000	0	-280.41	70.4316197	0	425.3547163
2200	3000	0	-280.41	89.5920725	0	438.1966975
2300	3000	0	-281.65	87.1394144	0	429.0490685
2400	3000	0	-281.65	58.537922	0	446.5214552
2500	3000	0	-281.65	66.4396645	0	448.6756282
2600	3000	0	-282.53	62.6558445	0	435.1506092
2700	3000	0	-282.53	39.6987914	0	458.4669182
2800	3000	0	-282.53	47.7985558	0	464.4281677
2900	3000	0	-283.15	43.7346813	0	447.8248804
3000	3000	0	-283.15	16.430776	0	457.3234036
3100	3000	0	-283.15	5.5125707	0	463.7370821
3200	3000	0	-283.19	4.1519766	0	463.3288668
3300	3000	0	-283.19	4.7959951	0	463.418047
3400	3000	0	-283.24	3.6883105	0	460.5211354
3500	3000	0	-283.24	-2.4488364	0	456.5677595
3600	3000	0	-283.24	-19.9755311	0	444.2944679
3700	3000	0	-283.01	-19.5578037	0	454.5738009
3800	3000	0	-283.01	-4.4233304	0	430.7060128
3900	3000	0	-283.01	-38.0380985	0	429.8163523
4000	3000	0	-282.63	0	0	466

