0	0	0	-280.38	0	0	294
100	0	0	-280.37	-0.9075538	0	293.0693176
200	0	0	-280.37	2.381949	0	294.2552361
300	0	0	-280.37	17.799788	0	307.7366761
400	0	0	-280.58	18.246599	0	323.96014
500	0	0	-280.58	2.3467247	0	316.2982462
600	0	0	-280.58	-2.8012529	0	272.3087337
700	0	0	-280.54	-2.4969639	0	257.8490375
800	0	0	-280.54	4.0157753	0	252.6514662
900	0	0	-280.54	15.2790269	0	246.3088397
1000	0	0	-280.75	18.3222774	0	252.3710356
1100	0	0	-280.75	23.8675848	0	251.6789536
1200	0	0	-280.75	55.6026943	0	251.559864
1300	0	0	-281.46	81.7994648	0	279.7525721
1400	0	0	-281.46	101.6919169	0	304.3374728
1500	0	0	-282.68	94.8772627	0	326.1088811
1600	0	0	-282.68	79.5306351	0	328.571833
1700	0	0	-282.68	115.8380738	0	335.3651105
1800	0	0	-284.33	115.3312069	0	386.7704306
1900	0	0	-284.33	74.8926971	0	410.3238493
2000	0	0	-284.33	76.75899	0	412.3313339
2100	0	0	-285.35	71.2774818	0	437.3376232
2200	0	0	-285.35	45.6421295	0	441.5181955
2300	0	0	-285.35	46.5177464	0	424.672526
2400	0	0	-285.96	42.9710309	0	430.5693232
2500	0	0	-285.96	27.342023	0	429.2647397
2600	0	0	-285.96	30.1032612	0	414.8206592
2700	0	0	-286.35	29.7021545	0	419.1998954
2800	0	0	-286.35	27.4574389	0	421.1847594
2900	0	0	-286.35	50.3702735	0	422.0212975
3000	0	0	-287.03	48.8624067	0	448.3002023
3100	0	0	-287.03	20.1399264	0	453.7596021
3200	0	0	-287.03	14.8547931	0	437.41731
3300	0	0	-287.2	8.5657834	0	438.7708774
3400	0	0	-287.2	-15.2071171	0	434.7627861
3500	0	0	-286.97	-18.4677525	0	412.0975917
3600	0	0	-286.97	-11.6871374	0	407.23129
3700	0	0	-286.97	-60.2613545	0	406.0882775
3800	0	0	-286.31	-58.0206745	0	354.46933
3900	0	0	-286.31	-5.482387	0	349.8470231
4000	0	0	-286.31	0	0	365
0	100	0	-280.84	0	25.1784058	357.8850741
100	100	0	-280.84	-34.990637	11.0264711	355.0560786
200	100	0	-280.42	-35.430298	7.8338687	324.3872016
300	100	0	-280.42	-2.1945902	0.4545341	321.4706715
400	100	0	-280.42	2.6021692	-14.2510999	321.3117143
500	100	0	-280.44	3.810126	-14.329248	321.8331547
600	100	0	-280.44	14.0527207	-3.6731773	319.2568484
700	100	0	-280.44	48.7343635	5.0200079	323.0223173
800	100	0	-281.16	53.0770081	17.8989748	355.6828339
900	100	0	-281.16	33.0276844	37.9764783	364.8928677
1000	100	0	-281.16	51.1532262	42.4251002	366.1812853
1100	100	0	-281.9	54.9340678	51.107241	390.3374299
1200	100	0	-281.9	49.2110584	57.6543461	396.7161626
1300	100	0	-281.9	83.297603	37.2138804	398.9880502
1400	100	0	-283.05	102.4619646	22.617062	435.8805191
1500	100	0	-283.05	94.0038689	9.9399324	462.2826249
1600	100	0	-284	73.3017461	9.7793137	474.1424764
1700	100	0	-284	52.2588354	-8.6071576	477.4666824
1800	100	0	-284	59.1007064	-65.5639267	480.178122
1900	100	0	-284.79	56.9149913	-93.2340953	477.8323799
2000	100	0	-284.79	50.2002195	-110.5318042	466.5035537
2100	100	0	-284.79	68.6680673	-138.4624539	460.2060982
2200	100	0	-285.79	67.5364139	-136.2302795	481.6123197
2300	100	0	-285.79	43.5139346	-112.3331753	488.0995688
2400	100	0	-285.79	39.728662	-108.0347045	478.9913127
2500	100	0	-286.26	38.0716158	-85.5707182	484.5243862
2600	100	0	-286.26	29.3823926	-35.5464764	485.3956757
2700	100	0	-286.26	33.5615709	-17.1067774	476.6605452
2800	100	0	-286.68	32.3132627	-0.6028998	483.6119701
2900	100	0	-286.68	19.791734	25.9432406	485.4041518
3000	100	0	-286.68	15.7721338	13.8150362	475.3739551
3100	100	0	-286.82	13.8699374	9.9197677	474.8005746
3200	100	0	-286.82	11.8643776	20.1945711	473.7107873
3300	100	0	-286.92	7.7645982	16.8900097	467.799392
3400	100	0	-286.92	0.6771875	16.4752612	465.1548695
3500	100	0	-286.92	-1.8117991	29.427365	462.1933379
3600	100	0	-286.92	-5.6721954	22.7563562	455.9211476
3700	100	0	-286.92	-6.5877574	-31.0934538	452.20581
3800	100	0	-286.92	18.4743335	10.9689476	453.9978689
3900	100	0	-287.19	22.8284564	18.9377681	475.1509103
4000	100	0	-287.19	0	38.6174424	478.5976101
0	200	0	-280.77	0	-118.7331534	393.9220049
100	200	0	-280.57	-18.252091	-117.7117693	373.4400147
200	200	0	-280.57	-8.189988	-71.7765917	369.9611727
300	200	0	-280.49	-4.2851807	-67.258804	360.698183
400	200	0	-280.49	3.4628169	-59.4208019	365.5830791
500	200	0	-280.49	12.9246474	-58.4496639	368.5346565
600	200	0	-280.68	16.5480029	-55.8910558	375.7023056
700	200	0	-280.68	19.0751882	-56.2888946	375.0559207
800	200	0	-280.68	36.9722458	-85.4212867	371.8377173
900	200	0	-281.16	39.8051523	-83.7363586	386.2965669
1000	200	0	-281.16	31.45304	-63.1179937	386.7446211
1100	200	0	-281.16	39.0968307	-73.9094489	372.2423473
1200	200	0	-281.65	41.7093337	-74.4879125	374.8528556
1300	200	0	-281.65	46.7621807	-74.5250256	371.1044147
1400	200	0	-281.65	74.4179689	-105.7712141	365.2622454
1500	200	0	-282.68	82.0395144	-123.4937967	388.7707304
1600	200	0	-282.68	60.9835451	-126.6533036	399.5690351
1700	200	0	-283.11	40.4948334	-120.8215877	387.0629767
1800	200	0	-283.11	30.7042692	-111.0438528	374.6199096
1900	200	0	-283.11	29.9248196	-89.0047335	361.6922297
2000	200	0	-283.25	31.5306314	-58.3179191	336.5274965
2100	200	0	-283.25	45.5790065	-29.6178805	323.4851755
2200	200	0	-283.25	71.771408	-33.1578114	327.2340908
2300	200	0	-284.33	74.7133214	-26.9839548	335.6106111
2400	200	0	-284.33	69.7334881	-4.667938	338.2512748
2500	200	0	-284.33	99.8302511	5.6521431	349.66183
2600	200	0	-285.95	98.5672019	21.3983233	394.0017609
2700	200	0	-285.95	64.6457311	43.863416	414.6240362
2800	200	0	-285.95	70.5074568	49.7408607	419.3712893
2900	200	0	-286.98	64.7882095	60.9389836	449.1725641
3000	200	0	-286.98	32.8389339	82.5397019	461.5440562
3100	200	0	-286.98	26.5194613	89.9858859	458.0953716
3200	200	0	-287.32	21.8250351	92.6580261	468.2881801
3300	200	0	-287.32	4.8464736	94.3378394	471.9270864
3400	200	0	-287.27	-2.6697618	95.454737	469.0450616
3500	200	0	-287.27	-12.1866575	97.0765013	466.6413434
3600	200	0	-287.27	-72.2079562	98.8680349	458.2572113
3700	200	0	-286.21	-72.0487631	91.6099275	413.9721316
3800	200	0	-286.21	-7.9894527	81.1579265	406.8811415
3900	200	0	-286.21	22.1661078	54.0537705	414.6693321
4000	200	0	-286.47	0	53.5914034	437.3379537
0	300	0	-279.36	0	-109.2347545	306.3025768
100	300	0	-279.36	11.9659248	-91.2734628	265.5478225
200	300	0	-279.59	15.0226673	-85.3696847	281.7382596
300	300	0	-279.59	10.1611996	-83.8211332	288.1373587
400	300	0	-279.76	11.4113094	-83.0641973	333.3848591
500	300	0	-279.76	7.339872	-84.3958331	342.0079299
600	300	0	-279.76	16.2134899	-94.6547454	344.4145405
700	300	0	-280	19.2041327	-96.7246749	345.665104
800	300	0	-280	25.6295441	-101.9838667	341.9941579
900	300	0	-280	55.3309774	-117.4111387	339.1696698
1000	300	0	-280.89	60.9801359	-110.0803393	359.2402293
1100	300	0	-280.89	43.564149	-86.5994825	358.2480152
1200	300	0	-280.89	48.5954817	-80.5441553	338.0749745
1300	300	0	-281.56	52.0143014	-72.6383107	341.2373666
1400	300	0	-281.56	53.4931935	-66.2739491	345.7937641
1500	300	0	-281.56	73.1217794	-82.4134485	354.6365497
1600	300	0	-282.62	75.9739552	-84.3723821	377.1994469
1700	300	0	-282.62	67.8682861	-63.8221059	380.0694297
1800	300	0	-282.62	90.9175605	-37.9619735	371.5678943
1900	300	0	-284.11	109.640925	-12.034185	394.2207269
2000	300	0	-284.11	109.5870726	22.3800154	411.7639496
2100	300	0	-285.51	93.828175	52.4806174	415.3567326
2200	300	0	-285.51	70.1703396	71.7044211	405.2141522
2300	300	0	-285.51	72.003808	65.7328513	389.0985103
2400	300	0	-286.44	72.3647599	73.4511109	397.9933176
2500	300	0	-286.44	64.1378771	88.6579813	406.3095716
2600	300	0	-286.44	67.5936654	65.6394713	406.6097331
2700	300	0	-287.21	61.9041083	62.6637379	422.0667143
2800	300	0	-287.21	49.3888303	79.5923251	434.3293442
2900	300	0	-287.21	52.5905752	65.454183	443.9013588
3000	300	0	-287.86	44.8190361	64.1176577	464.3239844
3100	300	0	-287.86	23.9882616	78.4706215	476.0858082
3200	300	0	-287.86	16.2163311	75.6166575	484.5212697
3300	300	0	-288.02	10.5613092	74.9091197	491.469951
3400	300	0	-288.02	3.4158494	80.2095307	492.0048444
3500	300	0	-288.02	1.6014988	80.0380938	487.6725537
3600	300	0	-288.14	-11.1387692	77.2186597	490.6149449
3700	300	0	-288.14	-24.2978659	133.9765876	493.1736488
3800	300	0	-287.96	-19.0818234	138.287688	483.3858408
3900	300	0	-287.96	-4.7380667	105.3295207	481.1994858
4000	300	0	-287.96	0	68.7762982	504.0126621
0	400	0	-279.79	0	-76.8837498	333.7687289
100	400	0	-279.79	5.6129788	-63.9129545	328.7655668
200	400	0	-279.79	-0.7376584	-80.8034123	352.1490466
300	400	0	-279.77	-1.9796933	-94.4803029	353.554713
400	400	0	-279.77	2.888117	-107.4685835	363.8808695
500	400	0	-279.8	1.3340993	-111.734865	364.7159499
600	400	0	-279.8	4.2191612	-121.2915822	359.15863
700	400	0	-279.8	11.7460669	-130.1665972	342.9123187
800	400	0	-279.95	16.285782	-132.389426	339.50144
900	400	0	-279.95	31.7086797	-140.4073112	326.8906791
1000	400	0	-279.95	62.2646963	-159.5650855	311.4073261
1100	400	0	-280.89	68.6330147	-150.463484	323.900049
1200	400	0	-280.89	55.6705054	-119.8347605	326.1945838
1300	400	0	-280.89	61.0323869	-110.2876573	317.8036569
1400	400	0	-281.72	64.6428312	-97.7603238	325.6601237
1500	400	0	-281.72	63.9410814	-79.9651358	329.6806392
1600	400	0	-281.72	79.5748877	-78.8202257	327.3801294
1700	400	0	-282.79	86.905242	-58.9381242	341.9893546
1800	400	0	-282.79	82.4921901	-18.7325113	351.4259336
1900	400	0	-282.79	90.2668085	-2.9901447	354.4485795
2000	400	0	-283.49	96.0454338	13.8806846	371.2529275
2100	400	0	-283.49	94.9034122	5.6954217	382.8770731
2200	400	0	-284.63	85.023642	9.1217805	383.7832802
2300	400	0	-284.63	76.4600111	26.2404768	373.8217655
2400	400	0	-284.63	92.658618	26.4511535	370.872687
2500	400	0	-286.1	92.0186115	34.2263149	397.7916677
2600	400	0	-286.1	72.5729586	50.6726452	408.2114742
2700	400	0	-286.1	78.5985849	51.5067801	409.5304391
2800	400	0	-287.29	73.2979019	57.9417255	433.5195846
2900	400	0	-287.29	49.3135421	69.9721943	447.9081912
3000	400	0	-287.29	45.8553724	64.8250484	451.1321523
3100	400	0	-287.89	38.0184611	66.6192414	465.9461931
3200	400	0	-287.89	18.2635332	76.6605445	474.3210783
3300	400	0	-287.89	9.4393468	77.2733595	472.943041
3400	400	0	-287.98	2.4592123	77.507311	473.1874153
3500	400	0	-287.98	-15.1775284	77.1901154	470.7133401
3600	400	0	-287.65	-18.2694624	70.2868677	461.9951686
3700	400	0	-287.65	-10.9797349	77.2566356	462.3896155
3800	400	0	-287.65	-36.6365195	80.576377	458.7143251
3900	400	0	-287.13	-47.345282	73.9147822	441.9692378
4000	400	0	-287.13	0	10.5243022	435.30253
0	500	0	-278.73	0	-121.193886	327.988457
100	500	0	-278.93	8.0462623	-120.6970444	341.3397763
200	500	0	-278.93	-15.5446811	-132.9476157	345.1216596
300	500	0	-278.69	-16.5039716	-136.1185215	340.5058959
400	500	0	-278.69	-5.8432528	-148.4225	340.6603501
500	500	0	-278.69	-6.4831267	-153.6524495	339.5526213
600	500	0	-278.54	-2.2182422	-153.2363578	334.4048917
700	500	0	-278.54	8.1062889	-145.9327696	328.6716225
800	500	0	-278.54	15.3888301	-138.6705296	324.4938305
900	500	0	-278.67	28.1553179	-128.9937929	309.6127581
1000	500	0	-278.67	50.9239631	-115.417254	292.3737954
1100	500	0	-278.67	83.294474	-118.6676421	282.1655243
1200	500	0	-280.01	88.7713085	-104.8370005	299.9781856
1300	500	0	-280.01	74.0887382	-75.9407428	304.0294471
1400	500	0	-280.01	83.815715	-63.5152898	294.3463944
1500	500	0	-281.22	92.0618774	-43.1237236	306.3747477
1600	500	0	-281.22	97.0009668	-10.719147	315.503367
1700	500	0	-281.22	127.9560006	3.0364722	324.2448396
1800	500	0	-283.31	146.86554	21.5315621	362.8344791
1900	500	0	-283.31	142.2541209	48.8593938	399.4442287
2000	500	0	-285.04	118.272639	60.9857812	427.8661303
2100	500	0	-285.04	89.0692709	65.3023841	439.1629901
2200	500	0	-285.04	90.7153947	58.5255261	443.6997238
2300	500	0	-286.4	89.333181	61.5977136	447.215618
2400	500	0	-286.4	80.350598	68.9500286	449.5380415
2500	500	0	-286.4	88.3593689	55.8319081	460.2595431
2600	500	0	-287.62	84.8741306	58.1604991	467.7223661
2700	500	0	-287.62	69.1731886	73.2752025	464.7183945
2800	500	0	-287.62	67.8542445	64.6794897	460.7729334
2900	500	0	-288.47	59.4738981	66.1739543	475.0248654
3000	500	0	-288.47	41.4660831	80.1505167	483.9158949
3100	500	0	-288.47	35.8237576	77.3037635	482.4559239
3200	500	0	-288.9	26.8704492	77.2835495	489.3667025
3300	500	0	-288.9	11.4080756	82.774417	491.7750779
3400	500	0	-288.9	3.3326054	81.5532826	487.4357118
3500	500	0	-288.94	-5.6189445	81.5257129	486.7895521
3600	500	0	-288.94	-11.072249	86.7192889	482.8701264
3700	500	0	-288.9	-14.0083566	78.7368335	483.9568623
3800	500	0	-288.9	-22.4236768	57.2875933	482.9145147
3900	500	0	-288.9	-74.7901414	72.0268553	476.1658597
4000	500	0	-287.83	0	67.9452999	434.4131939
0	600	0	-278.32	0	-108.8662284	344.094912
100	600	0	-278.32	-6.1407508	-119.5243315	356.5438369
200	600	0	-278.13	-16.1591355	-120.1181978	350.1813182
300	600	0	-278.13	-17.4545777	-112.2659952	347.1478203
400	600	0	-277.93	-14.6458111	-123.6327552	344.7853741
500	600	0	-277.93	-3.4797585	-130.2815105	343.6919943
600	600	0	-277.93	11.9388411	-125.1930826	342.9207223
700	600	0	-278.19	26.3118951	-114.6123662	344.282573
800	600	0	-278.19	33.2247587	-86.7623219	346.6561838
900	600	0	-278.19	54.9619553	-65.6086652	344.30571
1000	600	0	-279.12	72.5908471	-45.5813121	340.0359854
1100	600	0	-279.12	79.2132682	-20.9992119	326.6449517
1200	600	0	-279.12	98.3974047	-16.7567705	313.2457361
1300	600	0	-280.52	102.3540976	0.9190383	325.728407
1400	600	0	-280.52	97.4598504	32.40315	332.9386514
1500	600	0	-280.52	116.7372241	44.5447038	334.851916
1600	600	0	-282.33	125.7350835	64.1887731	360.7743852
1700	600	0	-282.33	119.1559511	87.0160997	379.6357026
1800	600	0	-282.33	128.3151117	71.4013978	389.246621
1900	600	0	-284	129.7210276	48.2063827	415.937005
2000	600	0	-284	112.488424	27.9468377	436.1881971
2100	600	0	-284.95	92.443157	38.6248764	438.7428331
2200	600	0	-284.95	81.3189715	56.7743528	438.9991059
2300	600	0	-284.95	86.8845137	51.1232062	440.1319916
2400	600	0	-286.1	86.8928126	62.4073015	442.3540095
2500	600	0	-286.1	81.229082	80.9455536	446.210801
2600	600	0	-286.1	90.0162529	79.8466889	452.4587787
2700	600	0	-287.44	85.1175755	83.8142214	459.3778761
2800	600	0	-287.44	66.1966537	97.2952476	455.771463
2900	600	0	-287.44	64.7845691	97.5249618	454.3961262
3000	600	0	-288.34	56.9851816	103.349353	473.0430478
3100	600	0	-288.34	35.1514939	115.2612841	477.6702091
3200	600	0	-288.34	23.7341868	109.6932637	471.4700504
3300	600	0	-288.61	13.7090799	104.8754803	474.944178
3400	600	0	-288.61	1.2105082	101.0270806	475.3765811
3500	600	0	-288.61	-10.0115222	93.7494401	476.084864
3600	600	0	-288.45	-21.0583419	92.384417	469.9181254
3700	600	0	-288.45	-40.4114305	72.7241289	463.651709
3800	600	0	-287.93	-43.3464977	51.302562	459.342215
3900	600	0	-287.93	-36.6875754	26.9400797	457.0994792
4000	600	0	-287.93	0	83.0435183	444.5342044
0	700	0	-277.97	0	-165.7208239	354.9114204
100	700	0	-277.97	-3.2057071	-168.68733	359.143787
200	700	0	-277.97	-8.2863449	-160.5638146	360.6626573
300	700	0	-277.94	-20.018529	-161.2004951	357.2432947
400	700	0	-277.94	-23.8587681	-180.538876	345.6753405
500	700	0	-277.8	-8.0434541	-188.956101	342.9475929
600	700	0	-277.8	13.4509021	-190.3177646	345.0888247
700	700	0	-277.8	46.5370495	-192.2808786	348.6962469
800	700	0	-278.65	64.3925311	-175.4354708	359.1202726
900	700	0	-278.65	69.3363277	-138.7068355	365.8760411
1000	700	0	-278.65	95.5334164	-121.6728019	370.6040845
1100	700	0	-280.08	112.1190157	-98.296533	372.8099196
1200	700	0	-280.08	110.6895586	-53.2735035	364.4880488
1300	700	0	-280.08	123.2486586	-34.9132186	358.2867884
1400	700	0	-281.89	127.4413805	-15.652792	383.8844963
1500	700	0	-281.89	123.8475006	14.2977522	393.0216784
1600	700	0	-281.89	139.4723627	19.5966603	402.8481794
1700	700	0	-284.08	135.1686253	27.3615131	437.8877984
1800	700	0	-284.08	108.0558231	37.4037113	447.3400036
1900	700	0	-284.08	98.7995608	27.3814274	439.2720712
2000	700	0	-284.88	108.6911327	19.1145008	444.0802952
2100	700	0	-284.88	117.896786	32.4814921	458.2802689
2200	700	0	-286.55	103.2137245	50.7407158	466.5158037
2300	700	0	-286.55	94.9661296	60.2972821	463.9590866
2400	700	0	-286.55	110.1729454	82.7512948	471.1503247
2500	700	0	-287.88	105.7987563	122.8658307	478.9728576
2600	700	0	-287.88	87.7427985	150.846796	480.7262442
2700	700	0	-287.88	86.6217473	143.0050876	481.7385745
2800	700	0	-289.04	81.5649849	151.6987844	482.2889968
2900	700	0	-289.04	65.5280035	175.57444	483.5920787
3000	700	0	-289.04	59.2024055	179.9160504	494.4906234
3100	700	0	-289.85	42.1676684	179.0330228	502.713407
3200	700	0	-289.85	16.4846453	174.8731894	500.959924
3300	700	0	-289.85	2.7418925	157.4887736	499.2417142
3400	700	0	-289.85	-7.7934348	146.5291253	499.7124702
3500	700	0	-289.85	-14.2616082	132.183589	503.8869255
3600	700	0	-289.85	-32.0975602	135.0982656	504.2878932
3700	700	0	-289.33	-55.0902116	127.9720516	493.815591
3800	700	0	-289.33	-68.207726	108.8619181	478.4160184
3900	700	0	-288.68	-43.0491851	75.0511419	471.1429845
4000	700	0	-288.68	0	87.5236077	479.4660343
0	800	0	-277	0	-269.2723132	304.3179802
100	800	0	-277.01	-0.9837415	-270.6276601	305.6164092
200	800	0	-277.01	-8.6723006	-269.226169	309.279368
300	800	0	-277.01	-37.4296392	-280.7303855	303.1787305
400	800	0	-276.26	-42.401417	-285.6159375	275.5420543
500	800	0	-276.26	-13.258647	-292.8023512	272.6272095
600	800	0	-276.26	8.6140635	-297.6633609	277.5610902
700	800	0	-276.34	41.1941889	-302.5266246	275.192124
800	800	0	-276.34	86.7988017	-303.1676062	284.2813473
900	800	0	-277.57	108.7246242	-263.3488912	301.0161855
1000	800	0	-277.57	113.0011497	-215.0612385	315.0816206
1100	800	0	-277.57	147.6125666	-208.0214984	327.7944675
1200	800	0	-279.95	161.7807191	-164.540038	350.9517646
1300	800	0	-279.95	139.9748091	-117.289143	364.1517646
1400	800	0	-279.95	146.6708212	-112.4557754	382.9407684
1500	800	0	-282.03	151.9866765	-81.0034813	401.7486335
1600	800	0	-282.03	138.7988443	-44.4140173	417.631942
1700	800	0	-282.03	136.963002	-43.4799884	439.4188259
1800	800	0	-283.84	128.335026	-33.860921	448.0139395
1900	800	0	-283.84	111.4318171	-1.2560406	436.8100419
2000	800	0	-283.84	117.5884888	16.4299527	426.4241658
2100	800	0	-285.56	124.069372	19.6736056	442.7710215
2200	800	0	-285.56	109.1347614	25.5731589	452.4553447
2300	800	0	-285.56	118.8950927	43.5398945	439.4213897
2400	800	0	-287.26	149.4613612	65.0714033	455.4621405
2500	800	0	-287.26	149.3245832	101.0998094	483.3390299
2600	800	0	-288.95	110.1555098	131.0382825	485.6928007
2700	800	0	-288.95	85.9695639	136.9619074	474.700239
2800	800	0	-288.95	98.7660061	144.4368056	477.765479
2900	800	0	-290.22	93.0018351	176.8903161	489.5927742
3000	800	0	-290.22	60.4437644	208.3675447	502.5871357
3100	800	0	-290.22	30.1086329	205.116837	508.7337829
3200	800	0	-290.39	2.1899376	202.64521	508.4331905
3300	800	0	-290.39	-14.6349843	179.7575059	500.5919687
3400	800	0	-290.39	-24.0946763	163.37881	500.5591817
3500	800	0	-289.91	-21.4423818	159.2134015	512.560953
3600	800	0	-289.91	-25.2698794	157.5306293	530.2637337
3700	800	0	-289.91	-66.647778	144.4532512	546.9178292
3800	800	0	-288.94	-96.2674074	138.5166424	522.389335
3900	800	0	-288.94	-58.0258857	94.2913469	488.138297
4000	800	0	-288.94	0	61.7102787	510.9998811
0	900	0	-274.87	0	-299.2434223	195.545601
100	900	0	-274.87	-3.1595628	-304.6782877	196.3369432
200	900	0	-274.85	-18.3890703	-307.5395097	202.2741045
300	900	0	-274.85	-36.4082975	-337.5723906	194.5604918
400	900	0	-274.85	-35.9307338	-336.6385031	181.4113209
500	900	0	-274.5	-20.0908774	-337.2842868	183.1492262
600	900	0	-274.5	3.7266287	-347.7323681	184.9329345
700	900	0	-274.5	41.0328042	-345.8973862	168.1485417
800	900	0	-274.93	103.5702645	-340.5553419	173.2369592
900	900	0	-274.93	157.4426955	-308.5699618	207.8127708
1000	900	0	-277.26	150.8608092	-267.1011887	233.0103934
1100	900	0	-277.26	162.6402162	-246.2239282	239.6476942
1200	900	0	-277.26	201.421914	-215.3894135	278.8136976
1300	900	0	-280.02	175.3329211	-180.1624202	309.8804999
1400	900	0	-280.02	163.7270422	-161.8148166	319.2970566
1500	900	0	-280.02	191.8892587	-129.2768023	351.6309519
1600	900	0	-282.52	176.9958556	-80.6939419	388.2589921
1700	900	0	-282.52	145.7217215	-49.9885181	405.6937951
1800	900	0	-282.52	150.2797708	-46.6337725	411.4870659
1900	900	0	-284.86	149.0904346	-13.764684	411.473036
2000	900	0	-284.86	129.6207788	27.4882191	400.0843571
2100	900	0	-284.86	127.0399921	38.8298677	398.9793251
2200	900	0	-286.51	127.0800134	47.698205	417.0396461
2300	900	0	-286.51	134.464374	80.1149125	418.0898672
2400	900	0	-286.51	167.7328602	93.5590952	427.9290571
2500	900	0	-289.27	171.7656355	97.1699968	472.8134495
2600	900	0	-289.27	123.6048965	114.25069	483.9669524
2700	900	0	-289.27	100.0202703	144.2192899	460.1398743
2800	900	0	-290.3	121.4933936	166.4653268	461.9710068
2900	900	0	-290.3	129.4587426	197.0584489	492.7215073
3000	900	0	-291.83	87.4289264	226.7159084	522.7171418
3100	900	0	-291.83	36.4453338	239.5139645	532.3090522
3200	900	0	-291.83	-8.8746858	256.9252991	537.3065238
3300	900	0	-291.06	-36.5245076	253.6390576	521.8176603
3400	900	0	-291.06	-28.3375392	234.7198202	518.0240713
3500	900	0	-291.06	-20.1097888	234.0521498	529.1718088
3600	900	0	-291.21	-46.8577105	196.3464889	554.6279049
3700	900	0	-291.21	-74.1041985	126.2644084	558.1311455
3800	900	0	-291.21	-118.3696303	118.3303119	565.2501201
3900	900	0	-289.39	-119.8555489	123.7499961	491.5555761
4000	900	0	-289.39	0	51.7728157	484.0075526
0	1000	0	-273.47	0	-236.0188843	147.234802
100	1000	0	-273.47	-9.2798288	-247.6599888	148.5874172
200	1000	0	-273.47	-41.5664035	-251.4004876	151.1944046
300	1000	0	-272.72	-66.5286326	-287.0321075	132.8845911
400	1000	0	-272.72	-42.1133133	-326.4153944	124.0703513
500	1000	0	-272.72	-24.3525121	-332.6554721	126.9386852
600	1000	0	-272.55	0.000964073	-364.7536821	128.3446822
700	1000	0	-272.55	48.3712152	-359.2607419	117.9516608
800	1000	0	-272.55	124.1262261	-349.2037368	116.12319
900	1000	0	-274.76	182.1787774	-346.367426	169.3257436
1000	1000	0	-274.76	175.3471834	-308.2098054	194.0206937
1100	1000	0	-274.76	199.3243418	-251.6495366	185.7847126
1200	1000	0	-278.09	227.842227	-233.3560226	232.7843514
1300	1000	0	-278.09	193.549406	-212.8641395	272.2262256
1400	1000	0	-278.09	197.556439	-172.4723083	270.4095301
1500	1000	0	-281.08	233.1075512	-150.4572861	311.5278786
1600	1000	0	-281.08	218.0871286	-121.5355985	365.9560524
1700	1000	0	-283.29	171.0231714	-85.841924	384.110826
1800	1000	0	-283.29	164.5588601	-65.4282565	385.7469959
1900	1000	0	-283.29	185.5538087	-33.7243427	403.677051
2000	1000	0	-285.35	170.1830405	14.2646395	412.2720761
2100	1000	0	-285.35	144.2793579	53.8800566	415.7835632
2200	1000	0	-285.35	150.4198063	63.3522546	428.891601
2300	1000	0	-287.53	164.755983	96.011151	443.5381008
2400	1000	0	-287.53	166.5164454	136.7944771	458.2584506
2500	1000	0	-287.53	170.0161779	139.0207985	485.9535056
2600	1000	0	-289.7	157.2048029	150.1216412	497.7746279
2700	1000	0	-289.7	138.1842007	212.3518085	486.1354909
2800	1000	0	-289.7	151.6051651	259.3840058	478.2720146
2900	1000	0	-292.04	153.2524166	272.3860408	515.7260462
3000	1000	0	-292.04	102.89928	293.965459	557.2350464
3100	1000	0	-292.04	60.3180237	318.5637591	570.8120579
3200	1000	0	-293.1	16.3150307	328.761637	589.7662007
3300	1000	0	-293.1	-36.8404631	336.9787171	586.2600997
3400	1000	0	-292.4	-43.6815841	321.6852636	585.1924911
3500	1000	0	-292.4	-59.8157131	298.2339999	594.5810164
3600	1000	0	-292.4	-133.0576208	225.401792	581.6690035
3700	1000	0	-290.41	-144.6639551	151.0124423	542.8414288
3800	1000	0	-290.41	-98.7818197	88.2579794	536.1520637
3900	1000	0	-290.41	-124.5833819	148.6647611	505.4007462
4000	1000	0	-288.77	0	118.3263973	467.0367453
0	1100	0	-272.53	0	-170.0938433	141.2656061
100	1100	0	-272.3	-18.5411662	-182.0660962	144.5800016
200	1100	0	-272.3	-57.7611891	-192.575526	148.4239337
300	1100	0	-272.3	-111.4232043	-231.0910698	113.6283354
400	1100	0	-271.07	-81.5540983	-289.6963094	91.2566017
500	1100	0	-271.07	-58.4291652	-322.072528	90.767566
600	1100	0	-271.07	-22.8786411	-391.3221649	60.6151446
700	1100	0	-271.75	56.5827495	-412.1095797	52.9871922
800	1100	0	-271.75	116.4635804	-394.7245964	58.6947133
900	1100	0	-271.75	198.4366269	-415.5404369	92.0378297
1000	1100	0	-274.69	245.5786986	-359.7202373	132.6163584
1100	1100	0	-274.69	237.493999	-244.7906175	148.5293508
1200	1100	0	-274.69	240.2073111	-209.2392817	168.5044605
1300	1100	0	-277.65	236.2166354	-187.9426821	222.7760486
1400	1100	0	-277.65	226.1338957	-115.243389	244.6328321
1500	1100	0	-277.65	242.8259685	-93.2016637	268.8856433
1600	1100	0	-281.01	241.6112176	-91.0939657	332.7010192
1700	1100	0	-281.01	201.8290636	-61.6201931	364.4045621
1800	1100	0	-281.01	202.3973521	-27.6759045	368.592446
1900	1100	0	-284.4	228.7833306	-16.7601902	410.0169186
2000	1100	0	-284.4	217.2251781	-1.2778685	453.7875447
2100	1100	0	-287.24	176.1276072	23.2195421	471.949214
2200	1100	0	-287.24	169.2111078	36.0151671	474.4466612
2300	1100	0	-287.24	207.9065965	60.8645037	497.3113166
2400	1100	0	-290.17	210.7425077	112.2076093	529.0485698
2500	1100	0	-290.17	185.0927997	154.7481102	553.1346436
2600	1100	0	-290.17	196.9359065	168.4301317	567.5295517
2700	1100	0	-292.93	209.2826349	237.0419969	587.0009219
2800	1100	0	-292.93	181.5276259	322.7419542	597.0301384
2900	1100	0	-292.93	164.0401958	336.8559794	611.4804433
3000	1100	0	-294.87	133.6066447	374.6870417	660.9357296
3100	1100	0	-294.87	71.2415118	414.2441752	681.4443933
3200	1100	0	-294.87	9.5402722	405.6782983	688.3283495
3300	1100	0	-294.64	-43.600881	398.0433364	681.9220513
3400	1100	0	-294.64	-67.0822563	371.9458801	678.104678
3500	1100	0	-294.64	-116.3932605	313.5144121	688.7300795
3600	1100	0	-292.67	-194.0792682	273.6886818	653.2163011
3700	1100	0	-292.67	-211.2480111	222.5936855	576.8224887
3800	1100	0	-290.68	-120.7173115	161.4041017	546.103694
3900	1100	0	-290.68	-89.7871309	171.7121987	565.7060201
4000	1100	0	-290.68	0	177.97791	526.1027019
0	1200	0	-272.13	0	-157.3163782	143.3821322
100	1200	0	-272.13	-31.7615115	-170.3159659	148.8575618
200	1200	0	-272.13	-90.5913772	-201.9426832	152.4739726
300	1200	0	-270.43	-163.649416	-213.8143222	97.6208471
400	1200	0	-270.43	-133.0947715	-282.9370146	34.5676912
500	1200	0	-270.43	-125.9783676	-348.3990211	20.651389
600	1200	0	-267.74	-90.0360876	-379.8781017	-53.6013753
700	1200	0	-267.74	44.9687836	-418.9721734	-79.8798628
800	1200	0	-269.57	120.695369	-416.587712	-71.6807228
900	1200	0	-269.57	217.1831365	-414.8142514	-60.513978
1000	1200	0	-269.57	346.0970027	-359.5639647	14.0699021
1100	1200	0	-274.55	349.8052973	-247.0928003	99.6566709
1200	1200	0	-274.55	284.6901625	-152.8099589	150.8344805
1300	1200	0	-274.55	287.5452988	-135.4261146	202.7803768
1400	1200	0	-279.13	292.2974575	-72.7799191	258.8685361
1500	1200	0	-279.13	257.2569745	-9.6929573	300.4019119
1600	1200	0	-279.13	249.6685992	-3.5826401	352.7082247
1700	1200	0	-282.8	234.4412326	4.154437	393.4678358
1800	1200	0	-282.8	209.4188629	35.6642103	406.2388933
1900	1200	0	-282.8	211.9518447	27.6712216	427.8823244
2000	1200	0	-285.26	210.1627728	10.2610012	473.300616
2100	1200	0	-285.26	181.5723935	16.1034754	490.0688932
2200	1200	0	-285.26	188.0647678	38.5337649	475.3019501
2300	1200	0	-287.78	240.9484252	51.0143304	498.7038532
2400	1200	0	-287.78	260.4000519	76.151965	552.179623
2500	1200	0	-291.14	226.2387003	114.6486415	583.4699169
2600	1200	0	-291.14	239.4986897	146.0702879	593.4972951
2700	1200	0	-291.14	292.4960233	208.8314293	645.7360284
2800	1200	0	-295.5	251.4191476	288.5892663	697.8028926
2900	1200	0	-295.5	205.197504	343.6649628	716.0660897
3000	1200	0	-295.5	180.2874758	423.6624618	776.6332069
3100	1200	0	-297.26	91.3092803	452.533021	801.8380288
3200	1200	0	-297.26	0.1141919	442.6915882	796.7080843
3300	1200	0	-297.26	-70.5728812	423.612525	785.1348021
3400	1200	0	-296.02	-128.2105084	394.9268406	767.0902528
3500	1200	0	-296.02	-158.0729115	299.5882621	751.1818988
3600	1200	0	-296.02	-223.9783474	261.6135735	749.2555274
3700	1200	0	-292.67	-256.9485352	263.2785498	637.6732784
3800	1200	0	-292.67	-149.6633065	216.8581429	596.3434599
3900	1200	0	-292.67	-108.0095736	136.8337985	645.75333
4000	1200	0	-291.15	0	148.7368999	615.4237159
0	1300	0	-271.22	0	-173.9375975	110.1471882
100	1300	0	-270.68	-63.1674712	-175.1220368	117.1112913
200	1300	0	-270.68	-101.2595454	-227.5804928	97.5900469
300	1300	0	-270.68	-192.4175357	-228.4258282	68.2245209
400	1300	0	-267.38	-216.1387972	-239.8735334	-45.9125775
500	1300	0	-267.38	-155.3702522	-322.6532782	-100.7516746
600	1300	0	-267.38	-93.4517935	-316.990486	-159.3825796
700	1300	0	-266.29	19.8731392	-320.926961	-195.3979529
800	1300	0	-266.29	120.6215023	-317.4597061	-198.4982439
900	1300	0	-266.29	255.4603742	-294.2087532	-206.0561641
1000	1300	0	-270.83	413.3001498	-287.7242618	-107.0007213
1100	1300	0	-270.83	444.2480047	-242.8338826	35.7303415
1200	1300	0	-276.4	351.8739968	-173.6169105	127.7813351
1300	1300	0	-276.4	316.2466752	-144.1606038	167.5877623
1400	1300	0	-276.4	351.8670529	-99.7694662	247.1640054
1500	1300	0	-280.54	312.0232475	-28.0033732	324.0268184
1600	1300	0	-280.54	255.458612	21.9513056	374.8404802
1700	1300	0	-280.54	241.0759139	23.9939044	411.2772645
1800	1300	0	-284.01	225.9141367	30.3522431	436.7747886
1900	1300	0	-284.01	203.3801215	42.5798043	455.3956218
2000	1300	0	-284.01	205.6574319	35.4664449	485.2252125
2100	1300	0	-287.02	204.4003709	37.9852685	502.6655095
2200	1300	0	-287.02	204.1219628	71.7584675	491.1314738
2300	1300	0	-287.02	245.5247966	78.7149098	495.2030203
2400	1300	0	-290.66	274.3768189	71.4609182	552.9663189
2500	1300	0	-290.66	255.0111225	93.7390103	582.2676599
2600	1300	0	-290.66	291.1186943	138.769003	578.2197049
2700	1300	0	-295.44	351.8016133	168.3679344	649.0005457
2800	1300	0	-295.44	316.3611594	226.9311406	741.1788289
2900	1300	0	-295.44	299.1133913	321.9391942	784.2801195
3000	1300	0	-299.55	242.4747029	399.7650907	885.2693337
3100	1300	0	-299.55	90.2706383	402.9941179	924.4907996
3200	1300	0	-299.35	-19.3802238	407.0847664	916.0078288
3300	1300	0	-299.35	-91.3656286	380.1258615	899.3156205
3400	1300	0	-299.35	-191.1065193	359.2893187	872.9634077
3500	1300	0	-295.71	-249.7065275	318.7414106	813.0257089
3600	1300	0	-295.71	-230.3889805	227.0624465	777.0139213
3700	1300	0	-295.71	-256.0034417	233.9225624	704.7973113
3800	1300	0	-292.38	-247.1620629	235.5819311	653.7872643
3900	1300	0	-292.38	-157.908374	92.8790559	643.1915538
4000	1300	0	-292.38	0	71.3535269	669.8268568
0	1400	0	-270.05	0	-148.2452606	86.2116333
100	1400	0	-270.05	-85.4044067	-141.0172412	86.4694012
200	1400	0	-268.44	-143.8951686	-146.9517706	36.628117
300	1400	0	-268.44	-175.9424566	-201.1908426	-7.712865
400	1400	0	-268.44	-227.3222214	-171.1038435	-90.8939259
500	1400	0	-264.94	-203.0953201	-171.9050055	-178.3549848
600	1400	0	-264.94	-88.3097705	-195.7988029	-237.9629483
700	1400	0	-264.94	44.4995635	-183.104864	-260.4916877
800	1400	0	-266.57	147.4135768	-172.3260323	-250.8494695
900	1400	0	-266.57	246.9185808	-131.2536283	-252.5516641
1000	1400	0	-266.57	397.4718733	-158.655267	-196.9490359
1100	1400	0	-272.78	463.9126486	-195.1284475	-36.8903733
1200	1400	0	-272.78	383.3634412	-168.8233648	61.9788778
1300	1400	0	-272.78	361.3927431	-116.8164747	84.114294
1400	1400	0	-278.46	408.4546881	-107.3979623	178.1889344
1500	1400	0	-278.46	378.9777463	-78.1357224	291.3656388
1600	1400	0	-282.21	301.6658768	-23.6306768	359.4609021
1700	1400	0	-282.21	242.8421701	14.3474982	396.1645623
1800	1400	0	-282.21	228.0047628	9.3632868	420.5633498
1900	1400	0	-285.52	217.0660465	7.3325738	440.1647411
2000	1400	0	-285.52	205.5682371	21.8282527	460.5380799
2100	1400	0	-285.52	217.8644161	20.7468089	477.8114129
2200	1400	0	-288.83	228.7944091	32.4736091	485.5788887
2300	1400	0	-288.83	240.6508759	58.9580325	495.4601736
2400	1400	0	-288.83	275.4241524	56.0480237	535.2743433
2500	1400	0	-292.87	293.5467851	67.7413206	566.6929065
2600	1400	0	-292.87	314.1276139	123.5302055	571.804091
2700	1400	0	-292.87	380.6581609	130.666142	616.7949739
2800	1400	0	-298.9	404.9904074	142.2024435	744.4723527
2900	1400	0	-298.9	378.0314541	221.4783483	841.9737426
3000	1400	0	-302.65	261.3423994	234.3069834	945.6316547
3100	1400	0	-302.65	98.628956	234.5134292	983.9448713
3200	1400	0	-302.65	-22.7540645	275.1561875	1000.450246
3300	1400	0	-301.05	-118.3683289	275.4237923	987.5281841
3400	1400	0	-301.05	-189.5949593	229.675974	960.8243502
3500	1400	0	-301.05	-290.2997837	231.2860189	905.6954595
3600	1400	0	-296.35	-308.7971956	222.3374699	827.3554558
3700	1400	0	-296.35	-248.4290506	129.6018974	765.9728942
3800	1400	0	-296.35	-290.706813	129.9215176	722.5357914
3900	1400	0	-291.97	-272.2379778	124.5543085	650.3164572
4000	1400	0	-291.97	0	10.5655749	643.9851822
0	1500	0	-269.28	0	-69.3593184	83.1839655
100	1500	0	-269.28	-61.8739811	-78.8225985	76.517872
200	1500	0	-269.28	-161.4331468	-28.8756127	44.9928573
300	1500	0	-266.42	-216.5696086	-44.7387801	-37.0816927
400	1500	0	-266.42	-186.8529601	-80.4366528	-110.371
500	1500	0	-266.42	-180.0652116	-3.1931224	-171.1899272
600	1500	0	-263.76	-104.651652	7.9924489	-247.2117048
700	1500	0	-263.76	43.3459098	19.72305	-270.7062457
800	1500	0	-263.76	172.472738	21.2159658	-257.2875801
900	1500	0	-266.79	269.1311395	39.3190517	-233.6230255
1000	1500	0	-266.79	349.4253306	70.642115	-183.3986093
1100	1500	0	-266.79	434.0799069	17.4773259	-71.5604836
1200	1500	0	-273.53	430.1859697	-7.1140173	28.7085099
1300	1500	0	-273.53	377.6720777	49.9425513	66.9779767
1400	1500	0	-273.53	390.5478053	28.4382443	120.906859
1500	1500	0	-278.83	395.790533	-13.7897849	234.3858629
1600	1500	0	-278.83	347.9418325	-12.6448039	313.5216591
1700	1500	0	-282.58	274.0698775	19.5704437	359.6754631
1800	1500	0	-282.58	218.8992123	33.1615782	382.6129839
1900	1500	0	-282.58	215.8450873	11.7229945	397.0481469
2000	1500	0	-285.65	219.0716669	21.2328994	417.3310837
2100	1500	0	-285.65	215.0457274	36.1232306	435.3442763
2200	1500	0	-285.65	242.3331865	24.7902915	449.2405991
2300	1500	0	-289.24	269.0992112	54.2888552	472.81202
2400	1500	0	-289.24	283.160107	101.878488	506.9221898
2500	1500	0	-289.24	322.4933044	117.7595218	543.3959912
2600	1500	0	-294.18	354.0435157	143.0671577	580.8585241
2700	1500	0	-294.18	370.4738512	187.4801617	631.8859161
2800	1500	0	-294.18	407.1733657	173.449307	730.5063047
2900	1500	0	-300.08	391.2179312	159.6916908	834.4827783
3000	1500	0	-300.08	255.5097837	144.6049332	917.160326
3100	1500	0	-300.08	131.1198424	161.3348031	950.4338534
3200	1500	0	-302.33	21.5301393	181.0428361	1000.679864
3300	1500	0	-302.33	-136.8458421	199.8930218	1004.405065
3400	1500	0	-299.74	-235.2442927	150.013211	966.2338422
3500	1500	0	-299.74	-257.0450315	81.4960521	910.5173007
3600	1500	0	-299.74	-332.0731019	164.2152203	860.476403
3700	1500	0	-295.1	-348.419394	81.5192661	769.6101863
3800	1500	0	-295.1	-252.2096518	-33.9872904	706.3748175
3900	1500	0	-295.1	-277.2643167	91.8234924	671.0792676
4000	1500	0	-291.51	0	27.9463178	605.3578904
0	1600	0	-269.65	0	31.0454228	71.8298232
100	1600	0	-269.03	-44.9207011	29.1481495	60.5753424
200	1600	0	-269.03	-109.8113501	60.817402	56.141456
300	1600	0	-269.03	-227.5034967	109.8229741	-11.3676863
400	1600	0	-265.57	-185.7765637	95.1243142	-109.5702081
500	1600	0	-265.57	-114.6662184	143.2761314	-139.7802591
600	1600	0	-265.57	-65.3935981	184.5678298	-197.2961755
700	1600	0	-265.58	57.7230804	207.478431	-218.8061427
800	1600	0	-265.58	167.0095785	231.2082033	-201.7718015
900	1600	0	-265.58	296.34473	200.5345265	-168.286941
1000	1600	0	-270.9	375.6301475	228.7352012	-88.7153952
1100	1600	0	-270.9	386.1565162	250.8635338	-0.1546666
1200	1600	0	-270.9	415.8286667	194.6071936	82.1902912
1300	1600	0	-277.31	396.9450047	174.680418	151.5154985
1400	1600	0	-277.31	344.7223518	175.4071184	201.8833982
1500	1600	0	-277.31	337.8946981	117.1605653	265.889332
1600	1600	0	-281.47	335.0261054	58.6451265	315.7053312
1700	1600	0	-281.47	288.6485522	46.9018266	366.7980003
1800	1600	0	-284.57	220.1573136	56.13727	390.0278326
1900	1600	0	-284.57	205.1373676	46.7771428	394.0154032
2000	1600	0	-284.57	229.9684732	45.9986138	419.1419397
2100	1600	0	-287.95	221.4218082	55.4681379	441.263692
2200	1600	0	-287.95	246.9600336	51.6918628	449.9520074
2300	1600	0	-287.95	317.7390724	71.9724533	490.4842805
2400	1600	0	-292.27	338.8948191	132.9023455	545.5863549
2500	1600	0	-292.27	334.7354547	182.9202152	594.0695686
2600	1600	0	-292.27	383.8482538	169.0966309	643.2437547
2700	1600	0	-298.26	411.0403102	211.3470654	720.5461182
2800	1600	0	-298.26	377.2019365	263.9886777	801.7118082
2900	1600	0	-298.26	349.1870804	228.9647537	879.8857133
3000	1600	0	-303.01	262.9855118	180.1884546	953.8009498
3100	1600	0	-303.01	135.0668588	196.3793887	991.3845719
3200	1600	0	-303.01	15.8041542	177.1935463	1033.095704
3300	1600	0	-302.87	-149.397954	175.8027767	1039.773671
3400	1600	0	-302.87	-307.991929	141.534759	972.3532519
3500	1600	0	-297.94	-276.0977744	87.2404874	891.4560094
3600	1600	0	-297.94	-308.7739816	130.7678156	889.8225863
3700	1600	0	-297.94	-446.6315613	71.6034982	760.0776709
3800	1600	0	-292.78	-280.4025868	-10.3082316	645.9833203
3900	1600	0	-292.78	-210.3043696	48.8285142	680.3347425
4000	1600	0	-292.78	0	47.9535205	584.6615383
0	1700	0	-268.88	0	186.3336167	56.8347123
100	1700	0	-268.88	-32.1020019	198.9945561	53.5206105
200	1700	0	-268.88	-80.7583222	192.8118227	61.9310057
300	1700	0	-267.7	-182.2626964	244.6553025	17.9693011
400	1700	0	-267.7	-153.3998028	262.4792056	-72.260191
500	1700	0	-267.7	-90.621696	256.1586262	-89.0456264
600	1700	0	-266.22	-40.4493525	291.2347619	-136.053795
700	1700	0	-266.22	89.9862834	305.5812696	-147.4912339
800	1700	0	-268.9	165.5288336	309.952736	-121.1833154
900	1700	0	-268.9	266.6581373	277.6853212	-100.7999169
1000	1700	0	-268.9	399.7543378	258.9712182	-8.4812334
1100	1700	0	-274.52	399.9518993	282.5263204	97.9603209
1200	1700	0	-274.52	354.0028539	273.4231386	171.7513868
1300	1700	0	-274.52	358.4720026	189.9408721	230.0557652
1400	1700	0	-279.73	333.0279525	169.0794932	288.299558
1500	1700	0	-279.73	279.028541	153.5581483	320.4865465
1600	1700	0	-279.73	277.6830938	88.2046862	336.7869078
1700	1700	0	-283.21	271.5620211	55.8370252	395.3450993
1800	1700	0	-283.21	218.7745286	65.1262284	421.7999255
1900	1700	0	-283.21	205.7064311	76.2666373	412.1269102
2000	1700	0	-286.25	227.7626619	64.0295935	435.876446
2100	1700	0	-286.25	220.7389764	64.9899688	463.0911635
2200	1700	0	-286.25	258.8375019	74.0430634	462.7457623
2300	1700	0	-290.14	350.3096938	62.8937002	511.6291868
2400	1700	0	-290.14	394.1078689	73.5915798	595.7858267
2500	1700	0	-295.89	358.6875898	95.0930618	663.0482802
2600	1700	0	-295.89	382.4703659	84.8535178	703.7562442
2700	1700	0	-295.89	465.3658981	102.4185189	801.190816
2800	1700	0	-302.08	424.791054	164.2313304	907.5510839
2900	1700	0	-302.08	307.4177081	194.5357365	983.2590989
3000	1700	0	-302.08	222.9244187	132.1135168	1032.178833
3100	1700	0	-304.57	128.124934	120.7296619	1066.242554
3200	1700	0	-304.57	0.9535274	107.8484687	1090.935989
3300	1700	0	-304.57	-172.5046295	107.084744	1096.796682
3400	1700	0	-301.34	-323.806582	99.834686	994.5650523
3500	1700	0	-301.34	-267.8119749	81.0555215	910.6916561
3600	1700	0	-301.34	-347.7100911	89.010455	956.3000578
3700	1700	0	-295.23	-489.4954412	77.5148683	784.5793943
3800	1700	0	-295.23	-274.9846358	49.6801902	631.4316371
3900	1700	0	-295.23	-219.0025647	-4.7319798	717.8428677
4000	1700	0	-291.54	0	70.0288796	610.7151325
0	1800	0	-271.65	0	295.4918129	103.0350924
100	1800	0	-271.35	-38.442495	314.1481081	107.3260002
200	1800	0	-271.35	-64.1506037	282.9636616	103.4361194
300	1800	0	-271.35	-157.8361139	330.1933563	99.5736101
400	1800	0	-268.66	-174.2732401	350.1335943	-5.0373598
500	1800	0	-268.66	-85.9106621	308.934505	-41.2848983
600	1800	0	-268.66	-15.9709547	342.3974784	-66.5291859
700	1800	0	-268.65	76.4410545	352.918485	-74.6251291
800	1800	0	-268.65	139.1136301	338.2141217	-54.5254575
900	1800	0	-268.65	245.3632122	323.0926647	-54.6086149
1000	1800	0	-272.82	380.4711467	259.3421923	37.7825147
1100	1800	0	-272.82	400.6084367	221.7618888	158.2835798
1200	1800	0	-277.85	323.2432184	203.2801372	232.705004
1300	1800	0	-277.85	292.6013593	145.5923969	262.6098292
1400	1800	0	-277.85	308.339628	107.7354311	319.5170453
1500	1800	0	-281.77	257.0198911	94.4519673	354.9389256
1600	1800	0	-281.77	237.3049824	62.7662265	362.4199811
1700	1800	0	-281.77	265.5700944	43.0863241	412.8634092
1800	1800	0	-285.24	240.5869257	53.8175059	447.8058248
1900	1800	0	-285.24	204.0407327	75.6483055	439.8457481
2000	1800	0	-285.24	218.6918047	52.3584959	439.524036
2100	1800	0	-288.45	231.4352782	49.9848507	477.489102
2200	1800	0	-288.45	244.863765	68.6092158	483.8769019
2300	1800	0	-288.45	317.2875888	27.2313181	493.7313173
2400	1800	0	-292.88	371.0941807	-7.9911282	568.8738434
2500	1800	0	-292.88	345.9973928	-10.2401294	643.4206719
2600	1800	0	-292.88	391.1737108	-0.5663946	673.9978837
2700	1800	0	-299.1	490.4181228	-30.3068197	790.0152439
2800	1800	0	-299.1	469.3191541	-37.3413219	940.0313404
2900	1800	0	-304.45	317.0692668	-24.4679821	1040.286231
3000	1800	0	-304.45	189.1794371	-50.0015237	1074.383707
3100	1800	0	-304.45	110.8018107	-53.7270849	1113.589244
3200	1800	0	-304.61	2.1592364	-51.6018763	1132.240975
3300	1800	0	-304.61	-157.4117367	-48.2432999	1132.300581
3400	1800	0	-304.61	-334.0211515	-31.2655139	1036.170081
3500	1800	0	-299.35	-286.9220054	-11.5679258	929.8133377
3600	1800	0	-299.35	-312.3146348	-12.6667353	970.9263923
3700	1800	0	-299.35	-485.961826	17.6258735	868.2005827
3800	1800	0	-294.13	-362.6494349	23.3794873	649.9949705
3900	1800	0	-294.13	-189.9556802	-112.7866487	660.5848721
4000	1800	0	-294.13	0	31.7454379	679.0187429
0	1900	0	-273.2	0	254.9914034	175.3582384
100	1900	0	-273.2	-44.6301532	281.6470215	184.6751509
200	1900	0	-272.22	-64.713074	266.6769913	160.1041046
300	1900	0	-272.22	-115.0927638	288.6142206	166.2687816
400	1900	0	-272.22	-174.6586541	316.429244	81.9342898
500	1900	0	-270.2	-98.3578119	311.9216095	24.8680098
600	1900	0	-270.2	3.5346276	331.9523183	10.3939225
700	1900	0	-270.2	85.8029267	343.2772962	4.0318524
800	1900	0	-271.8	135.7030132	337.7708876	38.7796008
900	1900	0	-271.8	187.7862079	339.9191656	40.5572183
1000	1900	0	-271.8	298.423562	244.1140756	72.9833221
1100	1900	0	-276.07	343.8898443	169.884798	186.6243439
1200	1900	0	-276.07	277.833362	138.4248124	245.6180248
1300	1900	0	-276.07	262.9272965	125.1246693	245.4814251
1400	1900	0	-280.17	281.887523	81.8027871	299.3464655
1500	1900	0	-280.17	234.0593363	57.1834094	343.3989132
1600	1900	0	-280.17	226.3174506	48.8696967	346.7789778
1700	1900	0	-283.58	262.6133005	20.5644719	390.9771537
1800	1900	0	-283.58	251.3365101	2.2118553	440.6749574
1900	1900	0	-286.5	204.2474211	4.4296659	453.4722469
2000	1900	0	-286.5	202.0992071	-9.623282	449.4013597
2100	1900	0	-286.5	236.9896963	-17.9662142	484.2382886
2200	1900	0	-290.07	236.0839692	-15.2676189	500.3341151
2300	1900	0	-290.07	273.7093498	-42.5417332	485.2620103
2400	1900	0	-290.07	356.6364214	-72.2586784	528.6126725
2500	1900	0	-294.91	366.1123235	-62.5731662	630.7892873
2600	1900	0	-294.91	362.4036756	-18.7644526	684.0256074
2700	1900	0	-294.91	428.5909708	-77.1105823	754.2026536
2800	1900	0	-301.08	430.6298916	-168.3606041	905.1329635
2900	1900	0	-301.08	294.7575063	-197.6617751	1001.654225
3000	1900	0	-301.08	193.6653159	-190.5530577	1025.520078
3100	1900	0	-304.1	126.5245814	-206.7036625	1082.065504
3200	1900	0	-304.1	6.4373124	-212.8345419	1112.658328
3300	1900	0	-304.1	-152.1682671	-216.2553442	1113.131624
3400	1900	0	-301.2	-287.1312079	-171.0816167	1030.120788
3500	1900	0	-301.2	-249.2131962	-125.8811922	934.3244533
3600	1900	0	-301.2	-318.5162918	-159.6482644	964.0936673
3700	1900	0	-295.78	-453.4492187	-72.2649383	840.7071378
3800	1900	0	-295.78	-405.397158	-28.5596266	652.7348193
3900	1900	0	-291.95	-210.636614	-87.6740206	586.4385158
4000	1900	0	-291.95	0	-21.5243504	653.6122385
0	2000	0	-274.15	0	184.4903725	209.2351408
100	2000	0	-274.49	-26.7569071	190.3230724	229.5125372
200	2000	0	-274.49	-57.1834047	186.625284	201.8190657
300	2000	0	-274.49	-108.0838611	186.5392471	207.1585142
400	2000	0	-272.42	-150.9658512	235.0326786	126.1850775
500	2000	0	-272.42	-70.3875878	266.6318356	77.5809394
600	2000	0	-272.42	15.384732	270.9543904	73.2390798
700	2000	0	-272.86	82.2596238	266.723921	77.2139374
800	2000	0	-272.86	135.7554995	252.0775718	109.7305814
900	2000	0	-274.93	151.7064002	244.63137	124.8374911
1000	2000	0	-274.93	210.4367791	188.6361053	130.351941
1100	2000	0	-274.93	294.9191735	129.1987453	208.6870267
1200	2000	0	-278.69	278.4830897	112.7893857	268.6713578
1300	2000	0	-278.69	235.979334	138.8037335	275.1055414
1400	2000	0	-278.69	240.3983682	94.8074745	285.1691118
1500	2000	0	-282.06	224.0868007	54.6512007	325.5812697
1600	2000	0	-282.06	200.6860448	58.6729543	344.7519358
1700	2000	0	-282.06	218.9122529	22.4267935	357.7409758
1800	2000	0	-284.85	224.4521197	-21.8816445	396.6716543
1900	2000	0	-284.85	192.2055955	-28.871597	422.9356493
2000	2000	0	-284.85	196.2959246	-25.3442688	420.1890509
2100	2000	0	-287.72	225.7909413	-41.2959399	451.3628511
2200	2000	0	-287.72	220.288246	-48.2118402	477.9095016
2300	2000	0	-287.72	260.2965293	-53.5673259	471.8998797
2400	2000	0	-291.53	351.0627477	-90.6007671	524.317867
2500	2000	0	-291.53	399.4916185	-111.7774759	636.31814
2600	2000	0	-296.49	376.6362948	-85.5920161	727.9579263
2700	2000	0	-296.49	340.8219713	-90.7407062	792.4220976
2800	2000	0	-296.49	348.7679613	-201.9082465	877.2181785
2900	2000	0	-301.25	294.8768132	-252.2512319	951.2720757
3000	2000	0	-301.25	180.1375497	-222.6776483	997.7553711
3100	2000	0	-301.25	88.5203265	-255.6382615	1030.174482
3200	2000	0	-301.77	-7.3924453	-286.4130023	1048.223821
3300	2000	0	-301.77	-115.6588115	-309.6560504	1041.812663
3400	2000	0	-301.77	-243.6469995	-254.8141052	1014.405781
3500	2000	0	-297.97	-275.4886532	-195.2842677	913.601594
3600	2000	0	-297.97	-258.6983809	-276.5657582	866.081271
3700	2000	0	-297.97	-354.8731882	-155.9273671	831.9502259
3800	2000	0	-293.48	-378.0585171	-47.6411192	673.4217498
3900	2000	0	-293.48	-182.920404	-41.6008913	573.2844728
4000	2000	0	-293.48	0	-71.9603484	656.4380357
0	2100	0	-274.44	0	195.8336553	219.5435212
100	2100	0	-274.44	-42.4952416	184.2597805	238.1420721
200	2100	0	-273.43	-68.4968993	199.5990438	200.362626
300	2100	0	-273.43	-66.6853692	187.3835382	189.9110877
400	2100	0	-273.43	-94.5660657	254.575547	154.4143453
500	2100	0	-272.33	-62.4361001	294.4748228	111.3493307
600	2100	0	-272.33	3.626713	288.6296024	96.339104
700	2100	0	-272.33	66.9261081	275.6793931	90.2157737
800	2100	0	-273.35	113.6104623	254.1926062	115.8779077
900	2100	0	-273.35	124.3447414	243.0451677	136.0891424
1000	2100	0	-273.35	182.9909373	225.8154659	133.6612653
1100	2100	0	-276.29	268.0431246	172.2016797	198.9570024
1200	2100	0	-276.29	287.4383501	137.8135881	273.0876642
1300	2100	0	-279.79	244.9453853	144.9042388	314.4404815
1400	2100	0	-279.79	197.7349902	135.3331576	314.5843677
1500	2100	0	-279.79	197.9248162	85.4671124	312.7422211
1600	2100	0	-282.57	194.0930434	76.3459015	341.4343791
1700	2100	0	-282.57	182.0587017	70.1812817	359.8381592
1800	2100	0	-282.57	200.0381196	27.2656624	370.6708756
1900	2100	0	-285.65	200.7847969	14.4115762	408.0561354
2000	2100	0	-285.65	189.6748642	31.6814258	428.5183541
2100	2100	0	-285.65	214.1221249	10.8851509	440.1579632
2200	2100	0	-288.98	223.8125833	-9.1697136	476.6950217
2300	2100	0	-288.98	231.3204229	-2.0573458	498.6302652
2400	2100	0	-288.98	298.4262714	-51.7687738	527.1855118
2500	2100	0	-292.97	371.1210744	-126.3653656	618.0592923
2600	2100	0	-292.97	383.4404453	-172.585007	726.936776
2700	2100	0	-298.13	312.2747404	-204.7875821	810.2543059
2800	2100	0	-298.13	269.1193659	-272.3325142	846.5884158
2900	2100	0	-298.13	273.9881045	-320.0632676	894.9408089
3000	2100	0	-301.39	190.2782863	-322.4556067	977.8252892
3100	2100	0	-301.39	62.7892274	-330.5348621	1009.345268
3200	2100	0	-301.39	-47.5804765	-347.2380537	1006.835849
3300	2100	0	-299.92	-120.56937	-360.5831386	967.1267362
3400	2100	0	-299.92	-172.7594252	-364.0200937	941.7187003
3500	2100	0	-299.92	-270.9648492	-281.253488	910.6603851
3600	2100	0	-295.67	-279.1593913	-258.2001436	795.4270196
3700	2100	0	-295.67	-224.5245796	-261.9266528	741.2313495
3800	2100	0	-295.67	-291.0706822	-129.1376563	717.1373448
3900	2100	0	-292	-234.9558433	-47.2181545	589.9421185
4000	2100	0	-292	0	-140.4609398	581.7773486
0	2200	0	-275.87	0	230.6428497	254.1401594
100	2200	0	-275.87	-22.9915186	225.214706	260.8606053
200	2200	0	-275.87	-54.059647	262.8620643	252.4457176
300	2200	0	-275.22	-53.1073579	265.0178832	226.2234353
400	2200	0	-275.22	-43.8745666	285.0160529	217.0828907
500	2200	0	-275.22	-36.3335325	329.0665279	203.1898865
600	2200	0	-274.79	-3.4106976	342.0007144	183.3211059
700	2200	0	-274.79	47.8226276	347.9183474	177.6580527
800	2200	0	-274.79	103.1212742	330.9113799	183.8859427
900	2200	0	-276.55	123.3292599	313.0272819	215.0942543
1000	2200	0	-276.55	139.5932911	313.671677	225.2290586
1100	2200	0	-276.55	206.9172957	253.6997248	244.2112226
1200	2200	0	-279.36	251.1856488	186.0366317	311.4202719
1300	2200	0	-279.36	233.4989035	148.2441575	371.9740377
1400	2200	0	-281.96	180.9612417	129.7679402	391.5035562
1500	2200	0	-281.96	165.0995447	101.6101104	378.7891584
1600	2200	0	-281.96	185.4002141	86.9329184	390.6770409
1700	2200	0	-284.53	169.8320138	78.833391	426.7512524
1800	2200	0	-284.53	168.6824142	58.1177918	432.0991251
1900	2200	0	-284.53	196.621359	45.7619543	453.6249334
2000	2200	0	-287.12	192.7694993	47.5446991	496.3554397
2100	2200	0	-287.12	184.9398018	45.271243	506.0869185
2200	2200	0	-287.12	207.3457493	7.8498684	508.2867525
2300	2200	0	-290.24	217.6974691	-13.1000353	539.7603076
2400	2200	0	-290.24	226.7547278	-31.0496389	566.3568274
2500	2200	0	-290.24	278.6753853	-110.0817091	598.6197179
2600	2200	0	-293.98	298.2140783	-206.4063825	679.4870399
2700	2200	0	-293.98	241.0744641	-276.0900221	747.670322
2800	2200	0	-293.98	233.4922759	-316.6066151	769.3515886
2900	2200	0	-297.63	244.7537206	-377.4587814	836.2665409
3000	2200	0	-297.63	169.6659552	-420.9372278	911.6033252
3100	2200	0	-298.64	63.7378795	-433.4040522	933.5731067
3200	2200	0	-298.64	-37.4407219	-431.3474376	925.8064482
3300	2200	0	-298.64	-132.4408515	-407.9419422	888.1429756
3400	2200	0	-296.37	-164.3173489	-400.5438981	829.6753529
3500	2200	0	-296.37	-169.668703	-384.6062994	808.9221619
3600	2200	0	-296.37	-239.3715457	-259.2334354	778.6495197
3700	2200	0	-293.13	-225.8107009	-235.9670468	660.4100974
3800	2200	0	-293.13	-163.3500188	-239.8968715	644.1663644
3900	2200	0	-293.13	-194.2436876	-108.40998	642.2829508
4000	2200	0	-290.85	0	-96.4431427	566.3421943
0	2300	0	-277.53	0	163.5633919	299.2615981
100	2300	0	-277.53	-10.276027	158.5810727	299.5267511
200	2300	0	-277.43	-28.6937221	177.88431	297.1400421
300	2300	0	-277.43	-44.5313806	192.4326483	282.1078731
400	2300	0	-276.86	-30.517421	203.6076504	279.8053408
500	2300	0	-276.86	-5.4514386	230.0689727	280.0127906
600	2300	0	-276.86	22.4785324	251.2023875	268.0680173
700	2300	0	-277.39	55.8367736	261.8680336	276.4396145
800	2300	0	-277.39	78.7193968	278.457358	285.5146401
900	2300	0	-277.39	107.1050385	252.4906729	284.8416033
1000	2300	0	-278.84	123.6633802	243.0396502	308.0710225
1100	2300	0	-278.84	140.4080794	235.0628125	325.6518102
1200	2300	0	-278.84	181.9827828	173.3692771	345.4119815
1300	2300	0	-281.3	188.6766937	112.3553049	397.7045201
1400	2300	0	-281.3	151.100943	85.5455978	429.6529438
1500	2300	0	-281.3	155.0897944	75.5433526	432.0730226
1600	2300	0	-283.73	171.3163241	51.0487359	462.1409273
1700	2300	0	-283.73	153.2435751	37.4625396	493.3458422
1800	2300	0	-283.73	166.9666829	43.5830622	495.8028612
1900	2300	0	-285.82	190.2117042	38.265023	527.1139309
2000	2300	0	-285.82	189.1841528	1.8103707	563.7661913
2100	2300	0	-288.32	174.4272942	-15.5100655	574.4242371
2200	2300	0	-288.32	165.4413051	-35.2912549	556.1403849
2300	2300	0	-288.32	192.4209157	-85.3705756	544.3146519
2400	2300	0	-291.24	201.4445976	-107.5596281	577.4848953
2500	2300	0	-291.24	195.7643309	-130.6914221	603.3748065
2600	2300	0	-291.24	217.4321323	-212.0915879	623.8327387
2700	2300	0	-294.29	202.0745078	-280.3204089	677.5681665
2800	2300	0	-294.29	167.7506066	-299.0595763	709.5521556
2900	2300	0	-294.29	169.6574918	-375.6116173	732.7026724
3000	2300	0	-296.4	134.3330155	-443.7985459	784.6310324
3100	2300	0	-296.4	52.3790176	-464.6867219	809.836851
3200	2300	0	-296.4	-22.1183665	-457.4671847	804.2587024
3300	2300	0	-295.98	-89.7658305	-426.9806162	779.603462
3400	2300	0	-295.98	-149.4237824	-380.1785461	735.6645405
3500	2300	0	-293.88	-129.6543865	-351.2046164	693.5686788
3600	2300	0	-293.88	-130.5201387	-280.9505147	694.3417336
3700	2300	0	-293.88	-205.1880157	-212.9538111	625.0215535
3800	2300	0	-291.51	-163.5136154	-203.8913774	576.6688353
3900	2300	0	-291.51	-91.5021144	-190.8816389	587.8684251
4000	2300	0	-291.51	0	-88.391379	607.9574312
0	2400	0	-277.32	0	125.5319041	291.4180943
100	2400	0	-277.32	-8.6706005	111.9577222	286.7830437
200	2400	0	-277.32	-20.2080714	118.6963177	287.2681036
300	2400	0	-277.02	-27.3840175	132.6749194	274.4754359
400	2400	0	-277.02	-6.2382423	150.7532893	272.5100831
500	2400	0	-277.17	11.2612046	161.9822383	282.0643833
600	2400	0	-277.17	28.3883633	172.6261522	279.8972171
700	2400	0	-277.17	75.0775981	161.3417807	283.1412735
800	2400	0	-278.55	93.7439136	162.325789	321.3375175
900	2400	0	-278.55	87.9115522	166.1235828	328.1818139
1000	2400	0	-278.55	122.1654307	137.0019828	333.2042715
1100	2400	0	-280.51	137.2469226	129.54577	377.3757896
1200	2400	0	-280.51	128.4781412	125.0119561	392.1233809
1300	2400	0	-280.51	145.6752242	76.5900652	397.374948
1400	2400	0	-282.5	144.1492894	49.1852808	430.3047827
1500	2400	0	-282.5	130.6026828	58.5654889	448.7508083
1600	2400	0	-282.5	147.3194011	26.9180443	455.1731144
1700	2400	0	-284.48	162.36634	1.3392554	485.0166057
1800	2400	0	-284.48	169.4848977	3.1967827	512.6425101
1900	2400	0	-286.51	154.8486674	-29.7897167	536.1079282
2000	2400	0	-286.51	138.9944108	-71.407596	548.3102764
2100	2400	0	-286.51	147.8381762	-94.8165198	560.6183387
2200	2400	0	-288.4	137.4852391	-111.2618337	553.8364036
2300	2400	0	-288.4	145.4290959	-142.4737309	530.9166557
2400	2400	0	-288.4	181.4338814	-168.6075221	540.3853108
2500	2400	0	-290.83	174.1434256	-177.0103585	586.152738
2600	2400	0	-290.83	148.5850914	-199.9698347	599.9386319
2700	2400	0	-290.83	154.1064756	-266.7036958	605.0724521
2800	2400	0	-292.92	138.2010675	-297.9552948	645.0168873
2900	2400	0	-292.92	100.0147511	-325.3181443	660.0880895
3000	2400	0	-292.92	80.5908506	-383.7077873	665.6573876
3100	2400	0	-293.72	50.0692407	-405.5412659	686.6464319
3200	2400	0	-293.72	0.2653839	-392.0204549	693.1004794
3300	2400	0	-293.72	-55.1522129	-364.8242796	686.8842975
3400	2400	0	-292.89	-88.5413491	-320.8989768	656.4644878
3500	2400	0	-292.89	-70.4406716	-272.7618954	632.9057604
3600	2400	0	-292.89	-101.1207405	-254.063242	652.2886366
3700	2400	0	-291.41	-148.7515636	-197.4979976	599.7997246
3800	2400	0	-291.41	-141.2778465	-153.1950514	557.0719216
3900	2400	0	-290.17	-78.7436892	-148.5550308	552.9495564
4000	2400	0	-290.17	0	-105.7659623	584.9057604
0	2500	0	-278.25	0	180.4834101	337.240592
100	2500	0	-278	-17.1116133	178.782054	322.8095007
200	2500	0	-278	-7.9765248	178.1230691	324.1131127
300	2500	0	-278	-12.474409	193.4974894	324.8483134
400	2500	0	-277.85	-1.2101021	204.9939484	319.5521077
500	2500	0	-277.85	16.4214243	212.8041947	324.1204067
600	2500	0	-278.07	21.8380748	214.119823	326.72942
700	2500	0	-278.07	45.5364104	201.5357626	327.459639
800	2500	0	-278.07	83.5011989	176.391567	349.4611867
900	2500	0	-279.27	81.7812323	162.8461308	366.9949684
1000	2500	0	-279.27	87.0855675	139.4296304	371.0662133
1100	2500	0	-279.27	128.4180526	114.2179461	399.7923419
1200	2500	0	-281.07	129.027078	110.0982804	423.859242
1300	2500	0	-281.07	112.8500185	106.0036128	420.310894
1400	2500	0	-281.07	133.0763667	67.5205723	421.1502292
1500	2500	0	-283.13	132.8225579	52.8604437	455.7856008
1600	2500	0	-283.13	114.0900905	43.2952889	459.3655592
1700	2500	0	-283.13	129.5223134	3.6299121	453.5096529
1800	2500	0	-284.89	135.8377108	-26.07731	482.7641358
1900	2500	0	-284.89	115.6073255	-53.5106715	497.7497104
2000	2500	0	-284.89	124.1573497	-75.0651948	495.3657523
2100	2500	0	-286.77	134.5730564	-91.4775658	522.0076028
2200	2500	0	-286.77	117.7840939	-96.9791674	528.0696064
2300	2500	0	-286.77	135.0752273	-106.3674574	516.1701649
2400	2500	0	-288.72	166.9079701	-136.6611476	547.213892
2500	2500	0	-288.72	164.4020182	-164.4726069	588.4426042
2600	2500	0	-290.56	127.738795	-185.7608602	606.7893457
2700	2500	0	-290.56	104.0890477	-217.6067208	607.9576437
2800	2500	0	-290.56	109.1361581	-241.4843458	629.4694606
2900	2500	0	-291.84	83.9049994	-257.0468653	641.8632079
3000	2500	0	-291.84	54.1098938	-275.9059092	641.5195449
3100	2500	0	-291.84	44.0663499	-277.7737233	652.8319114
3200	2500	0	-292.25	18.5986198	-274.2490204	657.7678648
3300	2500	0	-292.25	-18.6443523	-264.7707251	656.4695033
3400	2500	0	-292.25	-57.3613981	-229.6167926	653.9505641
3500	2500	0	-291.47	-62.8186517	-207.7813157	624.3454192
3600	2500	0	-291.47	-55.2562409	-226.6439554	622.0007801
3700	2500	0	-291.47	-104.3198252	-163.8514508	633.4840926
3800	2500	0	-290.19	-114.5706486	-124.2326401	572.9141217
3900	2500	0	-290.19	-44.0730253	-116.4256876	569.9861767
4000	2500	0	-290.19	0	-109.9778124	623.8424638
0	2600	0	-279.41	0	185.8197911	423.8817913
100	2600	0	-279.41	-11.0309415	188.2680379	417.7157427
200	2600	0	-279.34	-5.4926359	188.1327038	421.0390356
300	2600	0	-279.34	-0.5131382	192.8866524	418.4438232
400	2600	0	-279.34	13.068463	200.385654	417.8883742
500	2600	0	-279.6	20.3870792	199.6810995	423.4418377
600	2600	0	-279.6	17.1199312	199.9022062	418.9574261
700	2600	0	-279.6	37.3493421	195.380979	414.2695705
800	2600	0	-280.14	55.0542817	180.4913264	432.7484589
900	2600	0	-280.14	50.9496157	166.0777678	436.2770112
1000	2600	0	-280.14	73.5372461	153.1855539	427.8100814
1100	2600	0	-281.15	107.9155726	130.0537818	454.8327531
1200	2600	0	-281.15	120.2638078	106.1096832	479.0797526
1300	2600	0	-282.63	103.0975161	88.950504	484.9058825
1400	2600	0	-282.63	91.0061203	63.6215905	484.9544275
1500	2600	0	-282.63	106.3773994	38.160179	496.2951015
1600	2600	0	-284.02	98.0888696	20.4679165	490.6434661
1700	2600	0	-284.02	92.9937411	-0.2498414	480.0856339
1800	2600	0	-284.02	112.344314	-20.0912007	497.0756827
1900	2600	0	-285.58	105.8607826	-39.1661671	517.3942866
2000	2600	0	-285.58	101.0275165	-52.5385155	521.9020252
2100	2600	0	-285.58	125.9242037	-64.0687053	536.4536372
2200	2600	0	-287.29	122.5953476	-62.4567705	546.9890715
2300	2600	0	-287.29	105.7471157	-53.57612	551.8605857
2400	2600	0	-287.29	123.3287319	-92.3867912	568.5261892
2500	2600	0	-288.93	125.043713	-132.7279401	590.4502149
2600	2600	0	-288.93	95.4509776	-153.6644956	596.51635
2700	2600	0	-288.93	98.38299	-168.5202746	587.6627487
2800	2600	0	-290.4	98.760923	-187.6450994	614.3024249
2900	2600	0	-290.4	65.5931876	-202.2793718	631.0619458
3000	2600	0	-290.4	59.8639926	-211.073227	627.8343295
3100	2600	0	-291.31	51.7261295	-218.7267969	644.4771281
3200	2600	0	-291.31	13.268382	-221.937534	649.4437355
3300	2600	0	-291.14	-10.5199851	-218.8508251	633.9402136
3400	2600	0	-291.14	-31.5519397	-208.8291395	624.7250524
3500	2600	0	-291.14	-67.4678345	-203.0852491	603.1283938
3600	2600	0	-290.27	-57.1908755	-200.8226468	571.5828259
3700	2600	0	-290.27	-46.3402482	-179.1808286	576.2039775
3800	2600	0	-290.27	-93.8520833	-153.0489599	553.0440764
3900	2600	0	-289.27	-64.4888615	-133.3204196	559.2714565
4000	2600	0	-289.27	0	-132.2822723	581.7445711
0	2700	0	-280.32	0	100.8170097	492.937571
100	2700	0	-280.15	-14.7987006	101.4306661	481.2373123
200	2700	0	-280.15	-3.3579103	98.8021045	478.6598793
300	2700	0	-280.14	-0.2214589	99.9335925	462.1484102
400	2700	0	-280.14	5.5843449	99.9604341	462.0320725
500	2700	0	-280.14	15.9379765	90.7454752	459.0934536
600	2700	0	-280.35	17.5379543	88.2450043	438.3595247
700	2700	0	-280.35	26.1255306	87.672507	429.6408502
800	2700	0	-280.35	54.1979877	84.6866089	434.8957324
900	2700	0	-281.13	54.4754599	74.6933744	435.1290422
1000	2700	0	-281.13	51.0615814	67.6285324	429.2985121
1100	2700	0	-281.13	81.3421819	54.8531344	435.5073491
1200	2700	0	-282.17	87.9238002	36.1842691	465.8720243
1300	2700	0	-282.17	70.3619257	21.9769524	481.4163716
1400	2700	0	-282.17	82.2860418	8.2922103	486.2833673
1500	2700	0	-283.39	89.668884	-11.3505921	509.0757131
1600	2700	0	-283.39	75.6800701	-25.3824362	504.9194038
1700	2700	0	-283.39	88.9631961	-36.3686097	475.4703537
1800	2700	0	-284.72	96.9213851	-50.0541648	483.8678607
1900	2700	0	-284.72	83.1600108	-59.720274	486.7924992
2000	2700	0	-284.72	99.2548116	-66.4394036	470.1679038
2100	2700	0	-286.09	124.6548014	-83.8196838	488.2237934
2200	2700	0	-286.09	128.2766791	-100.1251194	515.8022351
2300	2700	0	-287.59	105.1452066	-112.3848964	535.8603722
2400	2700	0	-287.59	87.75615	-131.159998	547.284699
2500	2700	0	-287.59	103.1243138	-151.7410104	570.6972795
2600	2700	0	-288.99	91.9464605	-169.6781493	600.296821
2700	2700	0	-288.99	70.1084439	-180.5285862	599.5767689
2800	2700	0	-288.99	75.3770608	-192.636623	594.0502854
2900	2700	0	-289.88	60.4768718	-204.8548533	609.8403781
3000	2700	0	-289.88	37.6624688	-212.0625749	607.5094227
3100	2700	0	-289.88	33.2020429	-220.233481	588.178031
3200	2700	0	-290.18	18.4745916	-223.1263697	589.4717822
3300	2700	0	-290.18	-5.5359578	-217.1531625	584.9887785
3400	2700	0	-290.18	-41.5958221	-211.7121526	566.2414097
3500	2700	0	-289.53	-54.812159	-200.9076973	533.0001974
3600	2700	0	-289.53	-31.3518204	-193.0183811	518.5416826
3700	2700	0	-289.53	-56.5461383	-190.5380579	537.0164011
3800	2700	0	-288.76	-68.7102396	-168.3658375	499.6774306
3900	2700	0	-288.76	-23.3063377	-142.5622907	493.3017035
4000	2700	0	-288.76	0	-144.9241025	531.6588304
0	2800	0	-280.35	0	40.6581901	405.1206114
100	2800	0	-280.35	-13.0458467	19.158031	401.605086
200	2800	0	-280.25	-6.9897095	20.8508225	396.1673668
300	2800	0	-280.25	0.6451914	27.8570174	396.1323369
400	2800	0	-280.25	3.8803458	28.7008902	409.6517614
500	2800	0	-280.29	8.6716494	29.4316992	413.879574
600	2800	0	-280.29	14.046963	41.7064653	408.9641003
700	2800	0	-280.29	33.7909466	44.01156	393.5398238
800	2800	0	-280.78	42.0751491	37.0578495	408.3761145
900	2800	0	-280.78	33.8915392	31.0947179	415.5361417
1000	2800	0	-280.78	53.6970061	25.9525238	416.7634977
1100	2800	0	-281.51	76.4713093	12.1866468	431.0148039
1200	2800	0	-281.51	87.3876259	-4.954396	436.3253923
1300	2800	0	-282.59	75.2054572	-23.2104802	461.5524603
1400	2800	0	-282.59	57.6785757	-41.9494113	464.124509
1500	2800	0	-282.59	72.702753	-71.1576608	453.7581425
1600	2800	0	-283.63	73.0708519	-92.0392247	465.6552415
1700	2800	0	-283.63	68.3220125	-96.0770936	462.9037569
1800	2800	0	-283.63	88.9926498	-88.1279152	456.0991309
1900	2800	0	-284.78	89.4755438	-66.9146065	473.6609086
2000	2800	0	-284.78	76.9281067	-33.5393706	475.4783021
2100	2800	0	-284.78	92.2384878	-49.6228225	464.2662872
2200	2800	0	-286.01	94.030135	-74.2634322	482.5874778
2300	2800	0	-286.01	74.7122371	-81.8238325	490.9716103
2400	2800	0	-286.01	83.9726178	-87.2981224	482.3918461
2500	2800	0	-287.19	86.5255617	-100.2672113	502.3832388
2600	2800	0	-287.19	66.6634018	-107.710576	509.6154113
2700	2800	0	-287.19	75.4245163	-112.7330136	489.9527648
2800	2800	0	-288.26	74.4346559	-123.3362182	494.6771488
2900	2800	0	-288.26	46.1672357	-125.7523946	488.8140745
3000	2800	0	-288.26	44.4853649	-127.1589761	490.0391516
3100	2800	0	-288.86	40.6623348	-133.2168537	507.5239213
3200	2800	0	-288.86	16.3487004	-130.7493209	520.9624682
3300	2800	0	-288.87	0.8942321	-127.4901969	523.9803796
3400	2800	0	-288.87	-15.3064744	-122.3261592	524.0123417
3500	2800	0	-288.87	-48.774063	-104.3531957	523.5990219
3600	2800	0	-288.26	-46.8212362	-95.2056433	493.1599971
3700	2800	0	-288.26	-21.6877046	-116.9764511	488.9105933
3800	2800	0	-288.26	-45.8763161	-77.0184506	500.9819995
3900	2800	0	-287.76	-41.0471266	-59.1300769	472.5888037
4000	2800	0	-287.76	0	-88.2924995	472.7443633
0	2900	0	-280.55	0	100.582753	416.167343
100	2900	0	-280.15	-34.6060683	106.9815258	386.6197221
200	2900	0	-280.15	5.341076	121.8556652	398.8304023
300	2900	0	-280.24	7.6286089	122.5438889	406.0506666
400	2900	0	-280.24	7.1590267	122.2871729	408.541038
500	2900	0	-280.24	28.9435516	120.8883756	415.3199338
600	2900	0	-280.64	32.1178151	121.4677558	436.4533129
700	2900	0	-280.64	21.4769147	132.7756347	440.0474857
800	2900	0	-280.64	41.2811456	114.8380844	440.7949109
900	2900	0	-281.21	43.3701342	106.5732881	462.642899
1000	2900	0	-281.21	32.1535104	110.1502114	465.0989944
1100	2900	0	-281.21	50.4352621	83.8046531	454.3746689
1200	2900	0	-281.9	52.5266732	58.1223814	459.2532084
1300	2900	0	-281.9	33.3669104	38.1244422	443.2763764
1400	2900	0	-281.9	34.3388612	26.5974656	435.5894835
1500	2900	0	-282.33	39.5790707	14.3517997	430.4221111
1600	2900	0	-282.33	50.7606372	2.5660073	409.9924275
1700	2900	0	-282.33	92.8745056	-7.822483	414.8402939
1800	2900	0	-283.64	126.0838722	-21.2241873	445.5985815
1900	2900	0	-283.64	137.7485553	-32.071339	464.2842347
2000	2900	0	-285.3	116.5465956	-44.1731519	504.2416432
2100	2900	0	-285.3	83.9307398	-55.0557048	515.0043079
2200	2900	0	-285.3	96.0756691	-60.865972	507.328429
2300	2900	0	-286.61	92.1105164	-55.7994151	530.9123128
2400	2900	0	-286.61	69.3127712	-40.1140369	536.7405496
2500	2900	0	-286.61	82.7118602	-61.6075512	525.6723361
2600	2900	0	-287.75	79.4806583	-71.5707802	546.549193
2700	2900	0	-287.75	54.4828017	-55.8238186	547.9070591
2800	2900	0	-287.75	62.3576797	-78.0189465	526.2073954
2900	2900	0	-288.57	56.6541139	-93.1019564	538.0355702
3000	2900	0	-288.57	30.1980097	-87.556265	537.4834707
3100	2900	0	-288.57	29.611698	-105.2443436	512.6871661
3200	2900	0	-288.93	24.2012484	-116.7005658	515.7408697
3300	2900	0	-288.93	2.8872039	-117.7601024	515.2310717
3400	2900	0	-288.93	-18.458821	-115.6065342	510.7956179
3500	2900	0	-288.68	-27.6916431	-105.615605	497.7549642
3600	2900	0	-288.68	-43.9750758	-85.5079751	493.1356726
3700	2900	0	-288.21	-38.3589456	-80.7638585	464.4066189
3800	2900	0	-288.21	-10.8638654	-96.9665293	462.6360874
3900	2900	0	-288.21	-34.5803866	-64.0683214	492.4590017
4000	2900	0	-287.85	0	-58.663514	466.1313785
0	3000	0	-281.37	0	0	454
100	3000	0	-281.37	8.2270656	0	508.7432161
200	3000	0	-281.46	8.5726535	0	518.4703974
300	3000	0	-281.46	1.076699	0	512.9188824
400	3000	0	-281.46	2.2248326	0	511.9468065
500	3000	0	-281.48	7.8522323	0	508.3489657
600	3000	0	-281.48	25.9342221	0	491.8445482
700	3000	0	-281.81	27.1612753	0	504.8315614
800	3000	0	-281.81	15.8728025	0	503.3531156
900	3000	0	-281.81	29.2036662	0	489.6347805
1000	3000	0	-282.2	30.928371	0	500.5289926
1100	3000	0	-282.2	24.4434793	0	501.7028458
1200	3000	0	-282.2	41.7074149	0	497.3801002
1300	3000	0	-282.78	43.6805415	0	513.1307627
1400	3000	0	-282.78	33.9059332	0	508.0142008
1500	3000	0	-282.78	48.6712947	0	483.1758259
1600	3000	0	-283.46	50.8965693	0	476.282021
1700	3000	0	-283.46	44.5318179	0	456.2058637
1800	3000	0	-283.46	64.7437938	0	455.1340052
1900	3000	0	-284.38	66.5265791	0	462.2891795
2000	3000	0	-284.38	53.9437408	0	433.0826494
2100	3000	0	-284.38	75.5456678	0	425.3547163
2200	3000	0	-285.36	93.2864247	0	438.1966975
2300	3000	0	-285.36	95.4641722	0	429.0490685
2400	3000	0	-286.38	78.1644817	0	446.5214552
2500	3000	0	-286.38	55.0688184	0	448.6756282
2600	3000	0	-286.38	72.4471345	0	435.1506092
2700	3000	0	-287.36	68.9763499	0	458.4669182
2800	3000	0	-287.36	37.1565181	0	464.4281677
2900	3000	0	-287.36	36.6299172	0	447.8248804
3000	3000	0	-287.81	32.3429777	0	457.3234036
3100	3000	0	-287.81	11.518034	0	463.7370821
3200	3000	0	-287.81	3.8329416	0	463.3288668
3300	3000	0	-287.84	1.9882637	0	463.418047
3400	3000	0	-287.84	-3.161977	0	460.5211354
3500	3000	0	-287.84	-18.6755039	0	456.5677595
3600	3000	0	-287.62	-21.9694897	0	444.2944679
3700	3000	0	-287.62	-33.1462588	0	454.5738009
3800	3000	0	-287.29	-29.180779	0	430.7060128
3900	3000	0	-287.29	-2.7441113	0	429.8163523
4000	3000	0	-287.29	0	0	466

