0	0	0	-240.19	0	0	-2090.4
100	0	0	-240.19	167.54229107	0	-2085.35660515
200	0	0	-240.19	1344.3831534	0	-1892.05121747
300	0	0	-242.59	1128.61783946	0	-490.24977829
400	0	0	-242.59	-1080.29272333	0	-491.43488233
500	0	0	-240.08	-1352.90749238	0	-1401.33824808
600	0	0	-240.08	-534.42322669	0	-1357.79322618
700	0	0	-240.08	-639.99134052	0	-1424.65350505
800	0	0	-238.84	-645.98795308	0	-1717.61224455
900	0	0	-238.84	-452.08309027	0	-1655.28838426
1000	0	0	-238.84	-663.04299604	0	-1750.96783141
1100	0	0	-237.46	-661.58257828	0	-2060.85469778
1200	0	0	-237.46	-406.46588165	0	-2103.62458194
1300	0	0	-237.46	-415.32330711	0	-2142.77908915
1400	0	0	-236.63	-369.31004139	0	-2291.18136091
1500	0	0	-236.63	-146.57306322	0	-2374.1162168
1600	0	0	-236.63	-7.70608741	0	-2384.88622895
1700	0	0	-236.68	44.38696534	0	-2369.64914456
1800	0	0	-236.68	142.04375401	0	-2360.15909237
1900	0	0	-236.68	360.76308455	0	-2353.56014177
2000	0	0	-237.39	522.07947499	0	-2318.66165345
2100	0	0	-237.39	670.77761406	0	-2162.6765247
2200	0	0	-238.54	587.98418043	0	-1855.50010179
2300	0	0	-238.54	383.61262452	0	-1839.36507402
2400	0	0	-238.54	694.58543426	0	-1726.71434262
2500	0	0	-239.83	666.48863787	0	-1331.82019847
2600	0	0	-239.83	296.25412311	0	-1500.31942575
2700	0	0	-239.83	767.05819392	0	-1459.32109864
2800	0	0	-241.1	723.08084447	0	-881.31563088
2900	0	0	-241.1	88.91362099	0	-1219.05750873
3000	0	0	-241.1	0	0	-1246.2
0	100	0	-240.62	0	69.10809403	-1537.47266507
100	100	0	-240.62	-122.93111157	55.39285367	-1545.37832002
200	100	0	-240.37	-40.40781524	-245.18351649	-1637.47893403
300	100	0	-240.37	-89.02142533	-1471.23030442	-1404.19518235
400	100	0	-240.37	-848.15381472	-1697.91274576	-1518.77085122
500	100	0	-238.83	-916.26227545	-1354.8070335	-2058.07344805
600	100	0	-238.83	-487.57642201	-1290.03142613	-1918.28224007
700	100	0	-238.83	-833.34119677	-1415.37143091	-1940.04418177
800	100	0	-237.12	-878.70355548	-1555.11947615	-2196.5436311
900	100	0	-237.12	-605.62391296	-1855.46814279	-2334.36444747
1000	100	0	-237.12	-747.97370957	-2355.0526398	-2509.27008812
1100	100	0	-235.67	-690.74078666	-2346.20865521	-2745.81436063
1200	100	0	-235.67	-436.41239729	-2373.65292386	-2869.79701107
1300	100	0	-235.67	-429.71421567	-2543.60934419	-2982.19728106
1400	100	0	-234.83	-350.56900038	-2480.04208718	-3126.08762475
1500	100	0	-234.83	-114.57944432	-2329.57505766	-3190.78997499
1600	100	0	-234.84	36.68669956	-2157.63875785	-3197.19349731
1700	100	0	-234.84	187.18469715	-2052.61451987	-3183.09534257
1800	100	0	-234.84	438.60367718	-1904.39902267	-3067.19241107
1900	100	0	-235.86	495.6531829	-1695.43502144	-2855.99254547
2000	100	0	-235.86	464.83868159	-1720.93759726	-2810.81867987
2100	100	0	-235.86	767.4142346	-1737.74260426	-2646.4012889
2200	100	0	-237.47	782.9313207	-1750.17999516	-2267.94707813
2300	100	0	-237.47	599.19115519	-1474.14759564	-2275.55166992
2400	100	0	-237.47	963.38785775	-739.33673957	-2167.20474114
2500	100	0	-239.22	859.42775196	-809.6438455	-1867.75151007
2600	100	0	-239.22	434.66726035	-755.87849821	-1784.03922705
2700	100	0	-239.22	1004.48324508	-233.48002751	-1654.84703114
2800	100	0	-240.95	899.73142508	-614.79290316	-1254.6955732
2900	100	0	-240.95	196.00336512	-622.85071444	-1232.19214652
3000	100	0	-240.95	0	250.18692373	-1151.48569991
0	200	0	-240.4	0	-705.26074995	-1506.80178094
100	200	0	-240.4	-146.74932012	-700.34131984	-1514.48858977
200	200	0	-240.12	-182.24000536	-650.27053278	-1616.2602089
300	200	0	-240.12	-324.11138914	-860.90282463	-1535.36362165
400	200	0	-240.12	-963.86945241	-1373.98462038	-1694.86051788
500	200	0	-238.25	-945.02617208	-1019.57584799	-1984.41760239
600	200	0	-238.25	-594.9876241	-1105.87558525	-2060.69225695
700	200	0	-238.25	-905.07939121	-1604.40385808	-2221.80362337
800	200	0	-236.68	-1086.08466429	-1457.84014806	-2434.05080416
900	200	0	-236.68	-1252.01625392	-1579.88728977	-2779.86477166
1000	200	0	-234.14	-1153.78350846	-2017.69412255	-3372.54247093
1100	200	0	-234.14	-680.18286234	-1971.59407642	-3546.69547981
1200	200	0	-234.14	-603.86657063	-2019.05863182	-3677.82296938
1300	200	0	-232.93	-521.71247043	-2246.50309565	-3935.25566774
1400	200	0	-232.93	-155.27575486	-2233.09656985	-4003.9339561
1500	200	0	-232.93	175.83026544	-2199.66646894	-3923.71321594
1600	200	0	-233.74	269.25444971	-2212.88022234	-3773.64959342
1700	200	0	-233.74	297.62670052	-2203.97449323	-3683.41999126
1800	200	0	-233.74	499.22325311	-2167.37242003	-3546.86588962
1900	200	0	-234.8	544.22450996	-2135.49268974	-3327.74991707
2000	200	0	-234.8	479.7718915	-1947.6855713	-3267.41388916
2100	200	0	-234.8	641.53521616	-1603.91695367	-3124.25714522
2200	200	0	-235.69	851.57918972	-1736.55344203	-2906.73514756
2300	200	0	-235.69	1394.45588078	-1594.75849319	-2740.3548663
2400	200	0	-238.6	1359.0891844	-986.13826586	-2046.91381281
2500	200	0	-238.6	649.94687923	-1261.84420252	-2014.37814448
2600	200	0	-238.6	872.4179411	-1204.70753516	-1923.99511902
2700	200	0	-240.09	908.14378897	-443.56004774	-1365.25783688
2800	200	0	-240.09	333.71015754	-1018.88611649	-1563.17942741
2900	200	0	-240.09	953.89344788	-1019.24410419	-1548.61235307
3000	200	0	-241.68	0	18.99686778	-675.54887166
0	300	0	-239.51	0	-1073.21000593	-1834.2486083
100	300	0	-239.51	-67.9408944	-1059.49941068	-1830.01321871
200	300	0	-239.43	-200.96932003	-942.48404267	-1778.91520306
300	300	0	-239.43	-812.73551293	-1053.22215455	-1867.13801921
400	300	0	-237.69	-1006.82683875	-1550.97707251	-2417.25955896
500	300	0	-237.69	-648.15324032	-1109.70258505	-2278.96828199
600	300	0	-237.69	-1072.4044321	-1222.42631161	-2434.28129689
700	300	0	-235.4	-1185.30575958	-1860.6760347	-3012.10169457
800	300	0	-235.4	-854.1869865	-1745.84558426	-3043.83043634
900	300	0	-235.4	-1165.47788745	-1702.57237533	-3277.6714096
1000	300	0	-233.25	-1139.68049622	-1804.2929552	-3853.19384798
1100	300	0	-233.25	-692.10529593	-1873.85211333	-3968.03112907
1200	300	0	-233.25	-711.32141652	-2006.694756	-4109.64264129
1300	300	0	-231.82	-643.75215303	-2104.2046532	-4430.14699364
1400	300	0	-231.82	-303.73237367	-2179.81786366	-4527.10925696
1500	300	0	-231.82	-94.36309681	-2359.11732143	-4540.2982284
1600	300	0	-231.54	32.37867527	-2553.56764062	-4556.0543303
1700	300	0	-231.54	232.69249946	-2559.63760143	-4545.33863371
1800	300	0	-231.54	507.08548067	-2461.89262602	-4457.11750127
1900	300	0	-232.51	715.34003163	-2518.42293534	-4311.07177026
2000	300	0	-232.51	996.41441766	-2324.77335727	-4055.52423348
2100	300	0	-234.57	978.54636454	-1809.34107422	-3606.21408226
2200	300	0	-234.57	792.08978118	-1774.19635286	-3530.47135544
2300	300	0	-234.57	1349.60633136	-1793.00574593	-3309.23557257
2400	300	0	-236.99	1296.30214842	-1709.14106873	-2564.81567097
2500	300	0	-236.99	640.85848333	-1736.84462336	-2632.69254754
2600	300	0	-236.99	1252.95141513	-1596.75397228	-2499.01772065
2700	300	0	-239.2	1190.30466308	-1087.38023056	-1628.12956107
2800	300	0	-239.2	324.04736863	-1073.25151042	-1924.82053155
2900	300	0	-239.2	1233.88634939	-781.90741732	-1884.1113416
3000	300	0	-241.02	0	-594.71332878	-776.87023873
0	400	0	-238.62	0	-996.08861609	-2176.95494495
100	400	0	-238.62	-16.02335619	-970.12012227	-2163.83333598
200	400	0	-238.62	-175.96274923	-914.62371742	-2055.28330943
300	400	0	-238.62	-932.60441898	-941.18359143	-2182.0634102
400	400	0	-236.91	-1020.34988224	-1073.35278427	-2825.82546851
500	400	0	-236.91	-616.47541185	-996.80244615	-2562.97899997
600	400	0	-236.91	-1345.96107375	-1126.82259523	-2764.7824901
700	400	0	-234.14	-1428.49866386	-1442.40700023	-3542.55158676
800	400	0	-234.14	-927.98100492	-1579.10391572	-3556.13532756
900	400	0	-234.14	-1310.46362486	-1814.61887326	-3813.18205366
1000	400	0	-231.44	-1325.06324646	-1929.35966229	-4457.32463244
1100	400	0	-231.44	-882.58466314	-2134.19533122	-4628.4849416
1200	400	0	-231.44	-834.2191105	-2458.94269977	-4852.5111465
1300	400	0	-229.87	-694.83557742	-2429.68095897	-5175.83422235
1400	400	0	-229.87	-410.18842309	-2401.79742693	-5281.17552041
1500	400	0	-229.42	-197.91951152	-2497.47008899	-5363.24248175
1600	400	0	-229.42	68.73417038	-2531.948023	-5409.93169573
1700	400	0	-229.42	389.30171445	-2447.02732262	-5346.09954149
1800	400	0	-230.48	540.4379192	-2323.14518022	-5186.28198527
1900	400	0	-230.48	681.34377871	-2385.61272	-5131.20474247
2000	400	0	-230.48	1188.85375329	-2309.27314981	-4850.35801641
2100	400	0	-232.95	1192.11222057	-2055.01102076	-4260.08804455
2200	400	0	-232.95	867.91451734	-1947.55726429	-4199.78916546
2300	400	0	-232.95	1459.51116491	-1815.50755724	-3941.76867945
2400	400	0	-235.64	1415.25030764	-1583.00137942	-3125.28983364
2500	400	0	-235.64	762.33397635	-1420.01747355	-3184.43404277
2600	400	0	-235.64	1521.88233323	-1078.83938546	-2980.20331751
2700	400	0	-238.34	1431.64625083	-986.42587743	-1949.69926568
2800	400	0	-238.34	639.18297078	-871.5644482	-2230.37665259
2900	400	0	-238.34	1432.43162952	80.12128134	-1943.13866253
3000	400	0	-240.58	0	-629.61851375	-1016.05852889
0	500	0	-238.03	0	-858.54556564	-2435.02561664
100	500	0	-238.06	13.52400427	-822.39611362	-2405.77211349
200	500	0	-238.06	-172.03278919	-812.51919539	-2308.65492272
300	500	0	-238.06	-971.46457978	-847.08202242	-2444.62259815
400	500	0	-236.26	-1062.44569347	-869.50791402	-3100.93581403
500	500	0	-236.26	-701.62305061	-965.12967216	-2844.74402535
600	500	0	-236.26	-1518.00898618	-1298.20061017	-3112.44441408
700	500	0	-233.36	-1637.58708007	-1379.35032543	-3959.33350933
800	500	0	-233.36	-1226.39885953	-1670.2905298	-4053.29053187
900	500	0	-233.36	-1515.73363469	-2249.73952529	-4453.98804986
1000	500	0	-230.44	-1459.25695418	-2122.31366043	-5051.59458068
1100	500	0	-230.44	-1221.68833341	-2188.42810736	-5339.60839925
1200	500	0	-228.4	-1006.80704427	-2544.76924216	-5780.92733585
1300	500	0	-228.4	-586.60688019	-2516.00654818	-6024.65029991
1400	500	0	-228.4	-371.52150302	-2459.11556647	-6070.09475707
1500	500	0	-227.83	-224.51369355	-2496.824747	-6177.38501545
1600	500	0	-227.83	82.82144164	-2510.60355361	-6231.77579032
1700	500	0	-227.83	441.49534224	-2484.98432208	-6137.77841636
1800	500	0	-228.87	568.50008329	-2443.63254451	-5949.63224844
1900	500	0	-228.87	729.21206204	-2360.73407096	-5903.74232034
2000	500	0	-228.87	1327.0161169	-2148.02984096	-5580.21181718
2100	500	0	-231.61	1340.26225006	-2058.61437858	-4922.72817897
2200	500	0	-231.61	1031.5932447	-1913.39416395	-4829.82042936
2300	500	0	-231.61	1714.16221623	-1548.08045213	-4507.46758051
2400	500	0	-234.85	1691.79223144	-1385.6747241	-3620.15888539
2500	500	0	-234.85	1145.02047662	-1097.19091795	-3514.70085055
2600	500	0	-234.85	1686.54301192	-276.2358142	-3061.48177327
2700	500	0	-237.75	1397.57960034	-808.28923749	-2233.91579694
2800	500	0	-237.75	1390.5945274	-815.99633459	-2396.41825555
2900	500	0	-240.18	1475.83228384	173.02050386	-1426.95595134
3000	500	0	-240.18	0	-739.4070353	-1488.58358917
0	600	0	-237.33	0	-729.43378715	-2666.88790972
100	600	0	-237.42	30.00301406	-718.92722838	-2623.98064474
200	600	0	-237.42	-200.64865803	-743.51099032	-2563.42434294
300	600	0	-237.42	-989.59313828	-897.89654499	-2709.77698688
400	600	0	-235.63	-1138.39753198	-765.48380648	-3268.23516645
500	600	0	-235.63	-1045.168108	-1009.76233387	-3173.99812813
600	600	0	-235.63	-1760.18172702	-1763.0520231	-3688.33835004
700	600	0	-232.23	-1800.58858282	-1469.05250091	-4427.90398439
800	600	0	-232.23	-1798.37020478	-1629.0026374	-4720.68800665
900	600	0	-228.78	-1762.48675616	-2266.44964689	-5457.08941123
1000	600	0	-228.78	-1263.7518292	-2120.78774615	-5781.0931307
1100	600	0	-228.78	-1305.04024487	-2119.93077461	-6073.92625525
1200	600	0	-226.33	-1161.79755065	-2367.62872271	-6659.98797721
1300	600	0	-226.33	-609.18190173	-2465.86340246	-6871.3120789
1400	600	0	-226.33	-391.00662191	-2534.46684445	-6939.246079
1500	600	0	-225.72	-249.40749866	-2568.80948737	-7085.054025
1600	600	0	-225.72	80.5745953	-2552.65300888	-7138.8991512
1700	600	0	-225.72	456.27272422	-2523.06904498	-7045.7706721
1800	600	0	-226.74	664.68817032	-2506.55419153	-6867.8250974
1900	600	0	-226.74	976.94648226	-2248.50254449	-6728.1509076
2000	600	0	-226.74	1490.97344567	-1795.56540455	-6261.16839485
2100	600	0	-229.85	1426.74789758	-1928.96010243	-5654.22782201
2200	600	0	-229.85	1378.44844379	-1727.32779395	-5464.55018953
2300	600	0	-229.85	1987.23060476	-993.56513747	-4946.75072747
2400	600	0	-233.73	1866.13984182	-1257.09210826	-4230.45874912
2500	600	0	-233.73	1871.77288625	-1099.9857727	-3824.13186768
2600	600	0	-237.06	1810.78401436	-278.05114771	-2814.38891222
2700	600	0	-237.06	891.88573044	-900.58964751	-2683.14467917
2800	600	0	-237.06	1620.49271213	-933.35816563	-2679.53951637
2900	600	0	-239.55	1509.02092881	-574.48913356	-1389.61406414
3000	600	0	-239.55	0	-884.84825948	-1876.11437905
0	700	0	-236.9	0	-539.28232933	-2853.62487468
100	700	0	-236.97	-0.55319957	-570.50871046	-2822.84178364
200	700	0	-236.97	-351.0021058	-656.55316164	-2828.16146773
300	700	0	-236.97	-993.43739594	-1006.61223775	-3060.80700086
400	700	0	-235.13	-1174.31148235	-595.60188881	-3301.7059444
500	700	0	-235.13	-1699.1912679	-835.3528242	-3541.69559476
600	700	0	-231.43	-1977.29915322	-1550.01508919	-4529.69355349
700	700	0	-231.43	-1503.53769437	-1152.34714437	-4816.95234906
800	700	0	-231.43	-2023.79600484	-1188.98652384	-5206.60930086
900	700	0	-227.51	-2007.51874344	-1583.69596909	-6212.12752777
1000	700	0	-227.51	-1312.7380819	-1735.81383104	-6459.82591941
1100	700	0	-227.51	-1468.52930997	-2021.35181402	-6804.5422306
1200	700	0	-224.72	-1352.73967212	-2193.18781215	-7485.2136556
1300	700	0	-224.72	-753.4450026	-2320.52494288	-7724.9998819
1400	700	0	-224.72	-474.46758793	-2487.66047963	-7858.6469594
1500	700	0	-223.85	-242.69985731	-2478.76825102	-8023.9384853
1600	700	0	-223.85	128.56188336	-2378.50349606	-8061.1863045
1700	700	0	-223.85	487.59416026	-2287.78929094	-7978.0747944
1800	700	0	-224.75	843.06658445	-2303.78032901	-7840.8923212
1900	700	0	-224.75	1440.20084835	-2057.78482344	-7492.4665195
2000	700	0	-228.17	1646.55855896	-1651.04714959	-6766.7457484
2100	700	0	-228.17	1408.49986066	-1837.86773859	-6391.94203933
2200	700	0	-228.17	1966.98820899	-1589.41501338	-5992.30287746
2300	700	0	-232.41	2184.39790192	-839.79267568	-4984.46108519
2400	700	0	-232.41	1585.37159688	-1147.45445396	-4637.25152578
2500	700	0	-232.41	2124.06143717	-907.91759228	-4185.12840904
2600	700	0	-236	1885.93913711	-749.06067268	-2931.64742122
2700	700	0	-236	742.27258175	-964.68616298	-3129.24623054
2800	700	0	-236	1716.69504135	-611.48671848	-2996.91772912
2900	700	0	-238.66	1524.34218999	-774.43225345	-1663.27377926
3000	700	0	-238.66	0	-843.8396338	-2234.5446442
0	800	0	-236.45	0	-278.91785368	-2952.10987246
100	800	0	-236.45	-87.26781758	-320.51860258	-2940.25542511
200	800	0	-236.45	-636.75218532	-490.3925707	-3026.67540191
300	800	0	-234.96	-928.64186545	-687.49163573	-3461.45185618
400	800	0	-234.96	-967.13811843	-300.13826252	-3318.71563975
500	800	0	-234.96	-1999.58130838	-631.42997064	-3719.79496997
600	800	0	-231.01	-2077.17604786	-710.08035475	-4909.20287758
700	800	0	-231.01	-1439.56001747	-611.37633196	-4978.11374974
800	800	0	-231.01	-2229.7190295	-945.3114621	-5467.31315898
900	800	0	-226.54	-2309.31406336	-1070.24518357	-6616.83933535
1000	800	0	-226.54	-1701.40767413	-1394.63680758	-6978.1306345
1100	800	0	-226.54	-1762.41422598	-2001.29652848	-7523.7839208
1200	800	0	-222.9	-1460.97067951	-1952.59080076	-8209.7942274
1300	800	0	-222.9	-903.65456921	-1917.20843911	-8498.1429046
1400	800	0	-221.79	-549.24993005	-2066.93197298	-8740.2006118
1500	800	0	-221.79	-140.25051509	-2036.16655118	-8878.2184946
1600	800	0	-221.79	271.55355538	-1913.48107769	-8842.3210336
1700	800	0	-222.72	530.9958906	-1806.20027569	-8715.5143747
1800	800	0	-222.72	894.69263849	-1773.75822847	-8625.2490133
1900	800	0	-222.72	1629.67966168	-1601.04528208	-8189.3115569
2000	800	0	-226.31	1710.89052985	-1563.63566726	-7374.6804592
2100	800	0	-226.31	1488.38003379	-1584.49952354	-7123.8444053
2200	800	0	-226.31	2376.5235067	-1212.80873296	-6557.02578684
2300	800	0	-231.12	2429.19116418	-998.97964063	-5259.92972326
2400	800	0	-231.12	1798.01492455	-935.47491137	-4986.86513363
2500	800	0	-231.12	2270.16666686	-163.96290317	-4296.70822584
2600	800	0	-235.27	1754.01544366	-712.97824143	-3176.68333202
2700	800	0	-235.27	1029.45968464	-780.43946742	-3430.15241758
2800	800	0	-235.27	1810.74662166	167.37200856	-2975.01106675
2900	800	0	-238.2	1276.66801349	-635.96782637	-2014.61922187
3000	800	0	-238.2	0	-694.6438529	-2489.05742293
0	900	0	-236.43	0	17.29374587	-2911.9764048
100	900	0	-236.43	-212.02791592	-13.77935869	-2916.56718048
200	900	0	-236.43	-717.97513895	-254.38599463	-3113.44025049
300	900	0	-235.01	-803.18308776	23.0194178	-3520.81364915
400	900	0	-235.01	-1118.24981726	53.62480206	-3282.71791258
500	900	0	-235.01	-2109.13335946	-677.72325616	-3945.49568778
600	900	0	-230.91	-1957.24551454	-116.80416592	-4946.2659952
700	900	0	-230.91	-1738.76880172	-206.15105581	-4981.89185696
800	900	0	-230.91	-2482.66485712	-961.32241659	-5706.57472369
900	900	0	-225.93	-2456.84408825	-671.62313865	-6753.6236108
1000	900	0	-225.93	-2243.78942681	-830.10235781	-7317.1842216
1100	900	0	-221.82	-2026.48330315	-1397.8974738	-8210.0493232
1200	900	0	-221.82	-1268.65158275	-1245.96884665	-8715.4326414
1300	900	0	-221.82	-867.78617482	-1142.76863811	-8960.6440654
1400	900	0	-220.55	-593.4257	-1239.55497484	-9294.0441925
1500	900	0	-220.55	-89.24896202	-1225.35557506	-9431.8945686
1600	900	0	-220.55	358.52815818	-1132.30361532	-9353.3999548
1700	900	0	-221.36	627.31700881	-1059.46311879	-9192.2473673
1800	900	0	-221.36	1048.22157806	-866.85820807	-9059.1101866
1900	900	0	-221.36	1650.32340956	-576.83875388	-8524.9825418
2000	900	0	-224.84	1663.10431683	-848.48279008	-7802.9707232
2100	900	0	-224.84	1759.32679496	-743.47813821	-7552.2129655
2200	900	0	-224.84	2552.5080919	-141.01701251	-6746.9244684
2300	900	0	-230.05	2461.73172351	-608.20727082	-5520.01202841
2400	900	0	-230.05	2420.38833501	-635.70352745	-5177.18581469
2500	900	0	-234.55	2346.55810778	127.54258288	-4007.73584497
2600	900	0	-234.55	1269.46257219	-577.63249551	-3458.30784969
2700	900	0	-234.55	1622.62283174	-622.68442044	-3645.10648614
2800	900	0	-237.76	1861.1666824	354.17048957	-2570.73158672
2900	900	0	-237.76	662.3263292	-529.00838987	-2478.22689973
3000	900	0	-237.76	0	-513.75057166	-2687.66986051
0	1000	0	-236.55	0	268.84137528	-2772.88723957
100	1000	0	-236.55	-358.94755808	255.72638792	-2798.53707134
200	1000	0	-235.58	-599.95340816	139.88086604	-3127.06136657
300	1000	0	-235.58	-620.63106943	544.92672691	-3266.08070373
400	1000	0	-235.58	-1667.88079239	430.3554653	-3132.14300569
500	1000	0	-231.62	-2170.01027636	-261.11492925	-4239.01341766
600	1000	0	-231.62	-1605.60384751	398.20151205	-4690.56565621
700	1000	0	-231.62	-2284.07826814	287.41920697	-4842.11979088
800	1000	0	-226.35	-2695.19111234	-463.87419783	-5993.88668845
900	1000	0	-226.35	-2178.09400458	-164.01687904	-6636.95087543
1000	1000	0	-226.35	-2427.68200928	-300.2168696	-7290.6688108
1100	1000	0	-221.6	-2178.28071549	-446.8677292	-8428.3055551
1200	1000	0	-221.6	-1205.84184449	-359.68550814	-8854.7919647
1300	1000	0	-221.6	-897.2406974	-418.05186603	-9104.4840606
1400	1000	0	-219.95	-631.83686633	-459.98395807	-9503.7943925
1500	1000	0	-219.95	-32.99915557	-378.44216417	-9633.2192573
1600	1000	0	-219.95	437.44601165	-245.07278425	-9504.5903324
1700	1000	0	-220.84	796.44129852	-228.34851292	-9314.2154135
1800	1000	0	-220.84	1377.31700273	-48.38600171	-9044.4604356
1900	1000	0	-224.16	1648.05507967	226.86353564	-8321.8331349
2000	1000	0	-224.16	1544.25114552	-74.64441257	-7799.8615078
2100	1000	0	-224.16	2195.84581136	24.01660694	-7488.7262579
2200	1000	0	-229.24	2511.79437409	533.32939072	-6335.55968477
2300	1000	0	-229.24	1934.50464857	-102.06153416	-5535.99403823
2400	1000	0	-229.24	2533.76477825	-295.67955456	-5321.99341585
2500	1000	0	-233.74	2328.23769947	-85.36220961	-3986.51201042
2600	1000	0	-233.74	1003.78844101	-412.49345826	-3910.87618076
2700	1000	0	-233.74	1961.26266972	-370.75520325	-3878.42420012
2800	1000	0	-237.14	1904.42265223	-1.81636665	-2420.52158863
2900	1000	0	-237.14	408.74695226	-367.62437499	-2791.84248561
3000	1000	0	-237.14	0	10.51360382	-2787.38729381
0	1100	0	-236.82	0	455.44237848	-2537.23319338
100	1100	0	-236.82	-340.98842449	458.57167512	-2572.09154535
200	1100	0	-236.34	-428.77479996	531.36482275	-2869.64279985
300	1100	0	-236.34	-512.7084885	716.48972617	-2769.53939094
400	1100	0	-236.34	-1924.29147275	633.88225841	-2770.8735606
500	1100	0	-232.46	-2141.28731338	490.18431795	-4027.30657512
600	1100	0	-232.46	-1408.71137899	798.28359417	-4022.4694391
700	1100	0	-232.46	-2600.8445116	702.52607393	-4392.2014284
800	1100	0	-227.11	-2934.10094246	374.09355463	-5860.63633269
900	1100	0	-227.11	-2293.18676002	212.75682902	-6399.36978596
1000	1100	0	-227.11	-2526.64027764	-303.11716828	-7257.16597
1100	1100	0	-221.84	-2085.95194169	39.81011695	-8372.5631631
1200	1100	0	-221.84	-1239.83571958	207.40766426	-8745.507253
1300	1100	0	-221.84	-968.08462408	13.94768681	-9069.952006
1400	1100	0	-219.87	-553.81599814	99.08787919	-9464.8174842
1500	1100	0	-219.87	125.66221113	286.19989608	-9515.1955681
1600	1100	0	-220.93	508.6218101	436.11983107	-9302.3584838
1700	1100	0	-220.93	824.00379202	410.23517904	-9131.7883495
1800	1100	0	-220.93	1503.43362729	444.45320464	-8820.2883717
1900	1100	0	-224.21	1624.0649987	534.91686125	-8018.9643316
2000	1100	0	-224.21	1460.25738813	409.35076162	-7619.3942474
2100	1100	0	-224.21	2367.30059825	438.65470706	-7286.5148309
2200	1100	0	-229.16	2426.4299508	529.38259626	-6026.55968065
2300	1100	0	-229.16	1632.7227789	287.26906064	-5537.85034559
2400	1100	0	-229.16	2437.08765956	370.07607718	-5314.4951477
2500	1100	0	-233.67	2229.74420408	61.75959433	-4002.81349768
2600	1100	0	-233.67	984.06957922	-58.32030276	-4101.89162904
2700	1100	0	-233.67	2033.29992268	234.87966086	-3891.78817355
2800	1100	0	-237.09	1864.29751066	-58.50224327	-2389.47239436
2900	1100	0	-237.09	674.65630034	-136.7996084	-2863.83941663
3000	1100	0	-237.09	0	822.48835788	-2496.29003809
0	1200	0	-237.39	0	486.20474575	-2230.14961103
100	1200	0	-237.39	-283.02511381	488.28373096	-2269.06688799
200	1200	0	-236.89	-342.03535711	603.71514259	-2487.43859707
300	1200	0	-236.89	-518.11363377	596.8637648	-2200.87155975
400	1200	0	-236.89	-1894.18620061	367.60003992	-2419.19405666
500	1200	0	-233.32	-2005.60893993	721.35367559	-3617.07922503
600	1200	0	-233.32	-1393.26209153	786.00937909	-3455.55465152
700	1200	0	-233.32	-2708.26830768	537.5666342	-3984.32664529
800	1200	0	-227.94	-3184.96035725	724.82091487	-5546.041982
900	1200	0	-227.94	-2855.30472682	549.01699651	-6265.22295948
1000	1200	0	-222.67	-2600.62872135	36.56156031	-7491.6403358
1100	1200	0	-222.67	-1667.75588295	501.24819478	-8306.4602328
1200	1200	0	-222.67	-1231.70427463	684.62894549	-8546.9277352
1300	1200	0	-220.39	-1005.5604818	481.50245795	-8987.0124581
1400	1200	0	-220.39	-359.58465706	597.30123862	-9295.1242258
1500	1200	0	-220.39	304.03279631	761.06845355	-9228.4005673
1600	1200	0	-221.46	561.48129461	840.47769373	-8966.320493
1700	1200	0	-221.46	804.77467209	833.53067612	-8831.2482384
1800	1200	0	-221.46	1501.99868494	838.18469645	-8513.4280769
1900	1200	0	-224.62	1612.95263598	840.06337846	-7724.0210722
2000	1200	0	-224.62	1447.98899133	898.38868478	-7384.6795526
2100	1200	0	-224.62	2315.877646	1008.88831083	-7006.7166937
2200	1200	0	-229.27	2360.40872767	733.59516184	-5849.59182422
2300	1200	0	-229.27	1775.19812949	773.92780777	-5508.33602149
2400	1200	0	-229.27	2308.25531194	1279.15385553	-4955.46414447
2500	1200	0	-233.6	1899.84131886	474.00597133	-3846.66863088
2600	1200	0	-233.6	1176.90850754	355.55765288	-4000.39074954
2700	1200	0	-233.6	1961.08072921	1072.03994339	-3518.25030084
2800	1200	0	-236.95	1532.7433823	125.36315395	-2326.31367923
2900	1200	0	-236.95	1289.73755341	33.43523244	-2823.74514665
3000	1200	0	-239.28	0	984.39870265	-1819.38925986
0	1300	0	-237.69	0	408.79830173	-2019.74735765
100	1300	0	-237.69	-223.47802765	387.96667915	-2058.53492462
200	1300	0	-237.33	-320.19476612	518.5878725	-2209.13023703
300	1300	0	-237.33	-748.82359117	389.2217801	-1922.76597253
400	1300	0	-237.33	-1799.80156196	-195.38655575	-2434.97345446
500	1300	0	-233.9	-1722.87797421	613.37815059	-3370.31217761
600	1300	0	-233.9	-1592.49842038	567.81522671	-3223.44238814
700	1300	0	-233.9	-2662.03297582	-23.08533374	-3981.28533573
800	1300	0	-228.62	-2922.65058015	766.64778609	-5312.75045028
900	1300	0	-228.62	-2981.44611391	1049.81229742	-6008.19203198
1000	1300	0	-223.48	-2574.4090787	979.27200804	-7348.6007025
1100	1300	0	-223.48	-1437.88455651	1207.29692637	-7937.7712392
1200	1300	0	-223.48	-1259.58145641	1236.20041683	-8145.9287085
1300	1300	0	-221.13	-1055.41233095	1090.82108055	-8690.4375142
1400	1300	0	-221.13	-274.25000321	1123.23064215	-8960.2279619
1500	1300	0	-221.13	368.83866624	1175.78951709	-8850.8661332
1600	1300	0	-222.26	581.08403267	1153.63978006	-8611.8982181
1700	1300	0	-222.26	821.71079407	1197.33772678	-8513.7985802
1800	1300	0	-222.26	1509.96632963	1288.28578602	-8148.8113768
1900	1300	0	-225.49	1684.26898703	1216.37129381	-7391.8037698
2000	1300	0	-225.49	1629.08231983	1412.4490698	-7053.2433362
2100	1300	0	-225.49	2202.50707531	1764.63857573	-6455.70167143
2200	1300	0	-229.77	2191.46944774	1137.63678584	-5478.45842205
2300	1300	0	-229.77	2178.28147259	1023.06544517	-5134.97050695
2400	1300	0	-233.8	2137.16582312	1480.23747421	-4131.17129837
2500	1300	0	-233.8	1306.14800143	692.7088862	-3499.57198054
2600	1300	0	-233.8	1582.10355061	608.51074933	-3705.69476101
2700	1300	0	-236.97	1803.10542375	1254.64305525	-2746.72328866
2800	1300	0	-236.97	825.69280038	299.72329065	-2212.64582954
2900	1300	0	-236.97	1533.69184904	219.48203442	-2745.66980612
3000	1300	0	-239.23	0	560.79881519	-1420.32851971
0	1400	0	-237.84	0	424.93862987	-1918.24344372
100	1400	0	-237.84	-173.23554304	366.21770932	-1964.29636875
200	1400	0	-237.59	-340.78025616	518.19265759	-2050.24734287
300	1400	0	-237.59	-1232.08806202	417.86911817	-1905.75092187
400	1400	0	-234.65	-1670.02983012	-21.02527804	-2836.97660748
500	1400	0	-234.65	-1242.40715814	764.06421651	-3239.55421716
600	1400	0	-234.65	-2029.72557586	709.44925763	-3159.31356058
700	1400	0	-229.96	-2509.43574897	221.9899543	-4318.11582263
800	1400	0	-229.96	-2112.06272676	977.31475915	-5088.87595013
900	1400	0	-229.96	-2642.68050487	1256.32907742	-5513.49031742
1000	1400	0	-224.83	-2443.1440924	1569.28169227	-6708.5342791
1100	1400	0	-224.83	-1410.82747416	1693.87168833	-7140.8696614
1200	1400	0	-224.83	-1348.18012045	1576.91036855	-7458.1602482
1300	1400	0	-222.11	-1118.53025715	1552.19017116	-8126.7695158
1400	1400	0	-222.11	-274.61622052	1611.10393178	-8414.74574
1500	1400	0	-222.11	334.44193422	1621.10421041	-8327.6269331
1600	1400	0	-223.06	583.0295043	1521.55861536	-8147.8392336
1700	1400	0	-223.06	939.42067805	1662.89700945	-8017.2156115
1800	1400	0	-223.06	1521.03225197	1922.74962319	-7544.7717177
1900	1400	0	-226.13	1737.11591976	1631.09383537	-6860.3534584
2000	1400	0	-226.13	1996.25627392	1635.58386248	-6423.05251984
2100	1400	0	-230.21	2041.06536271	1904.69434058	-5516.43753084
2200	1400	0	-230.21	1618.83559711	1286.01995456	-4913.65420951
2300	1400	0	-230.21	2117.79881786	1012.99410031	-4708.00850522
2400	1400	0	-234.06	1977.8987523	1047.50320071	-3569.12220623
2500	1400	0	-234.06	1028.11459398	753.37668873	-3199.42829571
2600	1400	0	-234.06	1738.84267659	873.4598715	-3392.45129916
2700	1400	0	-237.2	1652.29327053	815.81797858	-2280.34809741
2800	1400	0	-237.2	497.58236147	398.70825449	-2201.27116383
2900	1400	0	-237.2	1550.81307862	588.91258737	-2597.53373675
3000	1400	0	-239.59	0	304.25257574	-1238.04259054
0	1500	0	-238.3	0	484.93511384	-1799.98834322
100	1500	0	-238.09	-130.22399993	478.86936532	-1878.2659601
200	1500	0	-238.09	-268.54335727	594.09720549	-1884.92324023
300	1500	0	-238.09	-1288.04152747	610.02626722	-1808.53280297
400	1500	0	-235.62	-1453.60646362	743.85590029	-2765.80571276
500	1500	0	-235.62	-992.40343854	1037.60445924	-2807.37100593
600	1500	0	-235.62	-2134.57268192	908.56598947	-2848.15407745
700	1500	0	-231.32	-2394.16747497	1026.68974183	-4106.51250246
800	1500	0	-231.32	-1888.31145703	1155.87139462	-4606.32188497
900	1500	0	-231.32	-2389.47918079	866.52084431	-5070.84750169
1000	1500	0	-226.45	-2136.86646846	1574.92659034	-6031.73309034
1100	1500	0	-226.45	-1430.25587956	1781.73523574	-6348.59329326
1200	1500	0	-226.45	-1401.26297291	1516.60172287	-6793.0064185
1300	1500	0	-223.51	-1021.21876772	1753.3267922	-7464.3448909
1400	1500	0	-223.51	-205.33596396	1965.23110719	-7714.775635
1500	1500	0	-224.16	279.29334982	1954.68817546	-7636.4278919
1600	1500	0	-224.16	622.87683171	1832.32773237	-7511.5187735
1700	1500	0	-224.16	1222.9018019	1943.15368058	-7245.3643957
1800	1500	0	-227.27	1478.16315555	2144.56906249	-6569.50803759
1900	1500	0	-227.27	1397.10322632	1797.11863875	-6101.71594106
2000	1500	0	-227.27	1902.68282571	1592.35148134	-5769.21631875
2100	1500	0	-230.94	1852.94316739	1552.82709929	-4845.40791973
2200	1500	0	-230.94	1299.76920747	1330.18870894	-4479.83665991
2300	1500	0	-230.94	1939.76471874	1273.22241856	-4288.83521664
2400	1500	0	-234.6	1877.54841087	987.92304938	-3201.00719359
2500	1500	0	-234.6	1132.10467222	997.52291658	-2924.49361615
2600	1500	0	-234.6	1644.54484046	1514.54901238	-2885.58168177
2700	1500	0	-237.47	1328.35380674	715.53090927	-2027.38373826
2800	1500	0	-237.47	598.78740917	550.22161363	-2328.92171185
2900	1500	0	-237.47	1439.23617029	1265.47456335	-2219.23166824
3000	1500	0	-239.68	0	231.28502041	-1144.3496619
0	1600	0	-238.62	0	532.88756793	-1719.43378427
100	1600	0	-238.56	-64.07345072	604.2372622	-1761.7153396
200	1600	0	-238.56	-209.62335359	631.96323838	-1713.85043173
300	1600	0	-238.56	-1082.32936789	600.64470746	-1699.09681934
400	1600	0	-236.64	-1242.4516381	1009.28812395	-2409.89302353
500	1600	0	-236.64	-1077.69706896	914.44314103	-2165.42698324
600	1600	0	-236.64	-2040.64029394	380.78379608	-2563.86781728
700	1600	0	-232.69	-2262.13034382	1207.94629305	-3621.85830689
800	1600	0	-232.69	-2272.23162361	1390.93784076	-4055.20708161
900	1600	0	-228.26	-2223.62530915	1140.19258325	-5025.72591418
1000	1600	0	-228.26	-1527.92970097	1837.11258494	-5640.36908172
1100	1600	0	-228.26	-1469.15234163	2038.81048977	-5858.00262634
1200	1600	0	-225.23	-1376.58856399	1823.79484888	-6491.21384424
1300	1600	0	-225.23	-669.90087216	2107.5756711	-6937.2754884
1400	1600	0	-225.23	-73.25483726	2290.76433683	-6978.6295366
1500	1600	0	-225.48	201.5385594	2222.12248307	-6888.7088567
1600	1600	0	-225.48	571.49500942	2116.99208024	-6814.9780769
1700	1600	0	-225.48	1251.66200817	2079.40060196	-6537.30568957
1800	1600	0	-228.31	1374.99721014	2027.68702448	-5855.51469859
1900	1600	0	-228.31	1184.89833861	1884.76901226	-5526.38041928
2000	1600	0	-228.31	1751.96473446	1805.14614727	-5241.11844481
2100	1600	0	-231.84	1778.90259098	1608.95669635	-4425.14171643
2200	1600	0	-231.84	1339.23091638	1688.50434982	-4185.3970308
2300	1600	0	-231.84	1775.5331583	2014.77726683	-3783.79397632
2400	1600	0	-235.19	1702.19925099	1291.66726731	-2898.64625364
2500	1600	0	-235.19	1554.74055631	1134.43549301	-2747.09000713
2600	1600	0	-237.81	1456.85066928	1571.65967168	-2073.37439952
2700	1600	0	-237.81	687.96587178	782.90007257	-1716.73483533
2800	1600	0	-237.81	1047.52601555	678.32117086	-2126.40241248
2900	1600	0	-239.81	1231.87648607	1295.91362815	-1358.49760656
3000	1600	0	-239.81	0	305.73812922	-1000.19051421
0	1700	0	-239.04	0	639.83469787	-1524.00664394
100	1700	0	-239.04	-31.14832948	691.92842799	-1521.03523481
200	1700	0	-239.04	-272.13591134	635.66193117	-1395.35730146
300	1700	0	-239.04	-910.71664123	261.40238136	-1571.36309082
400	1700	0	-237.48	-1139.80803005	918.24200887	-2065.94912653
500	1700	0	-237.48	-1620.90776641	895.34932626	-1921.62242055
600	1700	0	-234.1	-1841.0695299	513.14219625	-2843.12151181
700	1700	0	-234.1	-1384.01343029	1364.54102733	-3301.8452039
800	1700	0	-234.1	-1956.0651675	1781.52398273	-3453.02199323
900	1700	0	-230.24	-1943.30443661	2015.16168067	-4456.86947263
1000	1700	0	-230.24	-1238.24856194	2316.56567838	-4905.18180759
1100	1700	0	-230.24	-1443.57361562	2402.97363337	-5093.76736352
1200	1700	0	-227.19	-1332.49779158	2497.50981865	-5776.11326659
1300	1700	0	-227.19	-554.24927977	2658.83516364	-6126.58296761
1400	1700	0	-227.19	-90.78915199	2673.39113876	-6108.72965047
1500	1700	0	-227.24	105.5210939	2568.32053477	-6059.77705187
1600	1700	0	-227.24	480.1549506	2500.34066848	-6030.54977118
1700	1700	0	-227.24	1133.59674614	2416.14143281	-5792.8904237
1800	1700	0	-229.75	1283.53156518	2243.75046698	-5234.21901127
1900	1700	0	-229.75	1174.56234844	2330.106905	-4989.10119029
2000	1700	0	-229.75	1626.8705098	2519.76549407	-4572.87453491
2100	1700	0	-233	1736.30136994	1949.43507798	-3824.25330116
2200	1700	0	-233	1705.58977795	1789.77268304	-3495.92298835
2300	1700	0	-235.93	1542.92763623	2018.310881	-2751.3888752
2400	1700	0	-235.93	997.20663772	1329.82414452	-2357.64936885
2500	1700	0	-235.93	1412.09707659	1043.51167504	-2429.25953768
2600	1700	0	-238.36	1293.00942069	1008.31981784	-1598.96548215
2700	1700	0	-238.36	435.01530592	741.09928043	-1426.23361094
2800	1700	0	-238.36	1111.80096408	685.6799162	-1837.48367717
2900	1700	0	-240.18	1066.65312865	640.44500087	-946.18816849
3000	1700	0	-240.18	0	336.23668734	-857.32393856
0	1800	0	-239.61	0	684.86002983	-1325.42083618
100	1800	0	-239.63	-68.24621742	691.16929052	-1307.90708174
200	1800	0	-239.63	-640.14940022	647.41324877	-1222.17494838
300	1800	0	-238.31	-799.74928952	396.3893329	-1753.88439099
400	1800	0	-238.31	-608.5046932	936.78518749	-1839.12196988
500	1800	0	-238.31	-1482.79688158	1121.09646167	-1641.63980354
600	1800	0	-235.42	-1571.44859287	1345.36881586	-2557.02580341
700	1800	0	-235.42	-993.74855667	1651.67715327	-2800.08484638
800	1800	0	-235.42	-1621.61097027	1862.29495235	-2830.6963866
900	1800	0	-232.14	-1688.5836135	2217.27541899	-3683.25368855
1000	1800	0	-232.14	-1140.11774827	2203.84896337	-4077.34768252
1100	1800	0	-232.14	-1288.20820069	2026.61308282	-4274.61386431
1200	1800	0	-229.51	-1120.72703372	2507.29397873	-4832.29117697
1300	1800	0	-229.51	-494.01955272	2793.73538569	-5098.97654116
1400	1800	0	-229.51	-163.7694668	2757.80405686	-5111.80102456
1500	1800	0	-229.3	28.48808912	2721.92659804	-5146.30968812
1600	1800	0	-229.3	419.31590746	2812.15880315	-5157.4421763
1700	1800	0	-229.3	995.07180667	2831.59613094	-4903.68344304
1800	1800	0	-231.41	1288.96268233	2403.0495906	-4411.59080898
1900	1800	0	-231.41	1460.9133657	2278.16847619	-4047.42185514
2000	1800	0	-234.1	1371.29290744	2345.1610278	-3398.92048617
2100	1800	0	-234.1	1048.90977995	1757.65315841	-3043.42678479
2200	1800	0	-234.1	1408.1067194	1394.85160288	-2920.49243109
2300	1800	0	-236.74	1315.58461978	1219.91707317	-2194.37993779
2400	1800	0	-236.74	727.40004503	989.28115077	-1963.21548053
2500	1800	0	-236.74	1233.2362303	895.96082655	-2086.58216513
2600	1800	0	-238.93	1154.43827467	660.49573644	-1322.11385621
2700	1800	0	-238.93	365.32597014	580.25574115	-1188.78071525
2800	1800	0	-238.93	946.87173599	605.40764634	-1583.32583496
2900	1800	0	-240.34	882.43325654	412.34229487	-834.22299114
3000	1800	0	-240.34	0	367.34898824	-857.05040302
0	1900	0	-240.1	0	623.42556908	-1160.10338128
100	1900	0	-240.1	-68.59511054	615.90918145	-1153.97833709
200	1900	0	-240.1	-566.91586896	648.96002886	-1121.27329209
300	1900	0	-239.09	-621.34470318	908.14149288	-1598.35799449
400	1900	0	-239.09	-415.10090195	1061.85804049	-1591.75301188
500	1900	0	-239.09	-1212.32413804	1176.02321309	-1387.606716
600	1900	0	-236.76	-1310.4888383	1427.75065174	-2138.19004274
700	1900	0	-236.76	-867.0872938	1303.61451569	-2329.16626721
800	1900	0	-236.76	-1390.46690111	1001.08079279	-2345.86195969
900	1900	0	-234.06	-1601.75042626	1706.30618483	-3032.46299122
1000	1900	0	-234.06	-1428.91089811	1952.41364874	-3513.08003278
1100	1900	0	-231.76	-1140.12860026	1886.95197946	-3927.67263253
1200	1900	0	-231.76	-565.37548871	2317.38732149	-4115.71226308
1300	1900	0	-231.76	-303.73920164	2540.05206361	-4131.36385771
1400	1900	0	-231.3	-162.59793964	2489.08917624	-4205.45111302
1500	1900	0	-231.3	159.87584019	2481.69456513	-4256.76947827
1600	1900	0	-231.3	589.8244835	2548.84949727	-4155.22050818
1700	1900	0	-232.74	724.48753292	2509.82807484	-3823.55235922
1800	1900	0	-232.74	730.1039111	2080.5572109	-3637.92299203
1900	1900	0	-232.74	1116.67378631	1752.22848063	-3475.75573308
2000	1900	0	-235.02	1106.35519202	1500.40777731	-2920.8705342
2100	1900	0	-235.02	785.99194502	1273.81214519	-2693.51473683
2200	1900	0	-235.02	1167.85369271	1109.94238609	-2640.73466072
2300	1900	0	-237.26	1137.35718412	913.42331259	-2022.41943825
2400	1900	0	-237.26	673.2503911	1004.08124642	-1821.7384085
2500	1900	0	-237.26	1083.31166293	1397.94986378	-1900.87843196
2600	1900	0	-239.19	977.30433462	710.28836362	-1272.6685778
2700	1900	0	-239.19	379.92721515	614.59194269	-1188.99997945
2800	1900	0	-239.19	943.88751847	1188.73192183	-1483.37566577
2900	1900	0	-240.7	828.59447055	459.26309301	-800.14469873
3000	1900	0	-240.7	0	403.61476432	-1231.99113446
0	2000	0	-240.53	0	0	-1072
100	2000	0	-240.53	-42.71175764	0	-1067.28056221
200	2000	0	-240.53	-347.91708879	0	-1024.97002134
300	2000	0	-239.92	-386.85127856	0	-1312.08272073
400	2000	0	-239.92	-340.62297299	0	-1274.6441733
500	2000	0	-239.92	-1116.90427033	0	-1079.03726326
600	2000	0	-237.82	-1443.85729027	0	-1780.55852278
700	2000	0	-237.82	-1420.41841629	0	-2178.99135903
800	2000	0	-235.52	-1218.91930046	0	-2561.83334687
900	2000	0	-235.52	-737.25075688	0	-2633.12064002
1000	2000	0	-235.52	-959.47195364	0	-2652.72854244
1100	2000	0	-233.55	-923.23452861	0	-3103.4657347
1200	2000	0	-233.55	-467.6269489	0	-3327.63997945
1300	2000	0	-233.55	-322.3176973	0	-3358.00949758
1400	2000	0	-232.97	-222.12696528	0	-3474.80929979
1500	2000	0	-232.97	88.24841015	0	-3552.3516111
1600	2000	0	-232.97	447.44941717	0	-3487.55838876
1700	2000	0	-234.02	526.77951963	0	-3241.22786309
1800	2000	0	-234.02	531.36308812	0	-3126.19312697
1900	2000	0	-234.02	880.76393211	0	-3005.07105024
2000	2000	0	-235.86	892.876572	0	-2555.85696429
2100	2000	0	-235.86	658.44438873	0	-2379.38719055
2200	2000	0	-235.86	1047.7178868	0	-2335.70619014
2300	2000	0	-237.83	1209.72348011	0	-1766.26189461
2400	2000	0	-237.83	1211.92659622	0	-1416.3355053
2500	2000	0	-239.58	939.44334683	0	-1087.23966791
2600	2000	0	-239.58	371.08035358	0	-1070.31409039
2700	2000	0	-239.58	843.76952902	0	-1316.51965771
2800	2000	0	-240.97	791.54288698	0	-697.62307289
2900	2000	0	-240.97	97.31609903	0	-633.78319556
3000	2000	0	-240.97	0	0	-1072

