0 0 -276.40
100 0 -276.14
200 0 -276.14
300 0 -276.14
400 0 -274.55
500 0 -274.55
600 0 -274.55
700 0 -271.80
800 0 -271.80
900 0 -269.91
1000 0 -269.91
1100 0 -269.91
1200 0 -270.55
1300 0 -270.55
1400 0 -270.55
1500 0 -273.53
1600 0 -273.53
1700 0 -273.53
1800 0 -277.15
1900 0 -277.15
2000 0 -277.15
2100 0 -280.58
2200 0 -280.58
2300 0 -280.58
2400 0 -283.63
2500 0 -283.63
2600 0 -286.29
2700 0 -286.29
2800 0 -286.29
2900 0 -289.54
3000 0 -289.54
3100 0 -289.54
3200 0 -292.31
3300 0 -292.31
3400 0 -292.31
3500 0 -294.18
3600 0 -294.18
3700 0 -294.18
3800 0 -294.28
3900 0 -294.28
4000 0 -294.28
4100 0 -292.98
4200 0 -292.98
4300 0 -291.52
4400 0 -291.52
4500 0 -291.52
4600 0 -290.18
4700 0 -290.18
4800 0 -290.18
4900 0 -288.78
5000 0 -288.78
0 100 -276.33
100 100 -276.05
200 100 -276.05
300 100 -275.46
400 100 -275.46
500 100 -275.46
600 100 -274.26
700 100 -274.26
800 100 -274.26
900 100 -273.34
1000 100 -273.34
1100 100 -273.34
1200 100 -273.77
1300 100 -273.77
1400 100 -273.77
1500 100 -275.61
1600 100 -275.61
1700 100 -275.61
1800 100 -277.89
1900 100 -277.89
2000 100 -281.02
2100 100 -281.02
2200 100 -281.02
2300 100 -284.74
2400 100 -284.74
2500 100 -284.74
2600 100 -288.19
2700 100 -288.19
2800 100 -288.19
2900 100 -291.05
3000 100 -291.05
3100 100 -291.05
3200 100 -293.63
3300 100 -293.63
3400 100 -295.28
3500 100 -295.28
3600 100 -295.28
3700 100 -295.38
3800 100 -295.38
3900 100 -295.38
4000 100 -294.19
4100 100 -294.19
4200 100 -294.19
4300 100 -292.60
4400 100 -292.60
4500 100 -292.60
4600 100 -291.10
4700 100 -291.10
4800 100 -291.10
4900 100 -289.95
5000 100 -289.95
0 200 -278.51
100 200 -278.51
200 200 -278.51
300 200 -277.83
400 200 -277.83
500 200 -277.83
600 200 -276.01
700 200 -276.01
800 200 -276.01
900 200 -274.37
1000 200 -274.37
1100 200 -274.23
1200 200 -274.23
1300 200 -274.23
1400 200 -276.08
1500 200 -276.08
1600 200 -276.08
1700 200 -278.77
1800 200 -278.77
1900 200 -278.77
2000 200 -281.25
2100 200 -281.25
2200 200 -281.25
2300 200 -283.37
2400 200 -283.37
2500 200 -285.92
2600 200 -285.92
2700 200 -285.92
2800 200 -288.62
2900 200 -288.62
3000 200 -288.62
3100 200 -291.21
3200 200 -291.21
3300 200 -291.21
3400 200 -292.61
3500 200 -292.61
3600 200 -292.61
3700 200 -293.06
3800 200 -293.06
3900 200 -293.06
4000 200 -292.45
4100 200 -292.45
4200 200 -292.45
4300 200 -291.08
4400 200 -291.08
4500 200 -289.77
4600 200 -289.77
4700 200 -289.77
4800 200 -288.58
4900 200 -288.58
5000 200 -288.58
0 300 -279.17
100 300 -279.17
200 300 -278.91
300 300 -278.91
400 300 -278.91
500 300 -276.43
600 300 -276.43
700 300 -276.43
800 300 -274.66
900 300 -274.66
1000 300 -274.66
1100 300 -274.59
1200 300 -274.59
1300 300 -274.59
1400 300 -275.84
1500 300 -275.84
1600 300 -275.84
1700 300 -278.04
1800 300 -278.04
1900 300 -278.04
2000 300 -280.41
2100 300 -280.41
2200 300 -282.67
2300 300 -282.67
2400 300 -282.67
2500 300 -284.89
2600 300 -284.89
2700 300 -284.89
2800 300 -287.06
2900 300 -287.06
3000 300 -287.06
3100 300 -289.08
3200 300 -289.08
3300 300 -289.08
3400 300 -290.80
3500 300 -290.80
3600 300 -290.80
3700 300 -291.25
3800 300 -291.25
3900 300 -290.67
4000 300 -290.67
4100 300 -290.67
4200 300 -289.80
4300 300 -289.80
4400 300 -289.80
4500 300 -289.13
4600 300 -289.13
4700 300 -289.13
4800 300 -289.02
4900 300 -289.02
5000 300 -289.02
0 400 -278.32
100 400 -278.32
200 400 -277.73
300 400 -277.73
400 400 -277.73
500 400 -276.84
600 400 -276.84
700 400 -276.84
800 400 -276.69
900 400 -276.69
1000 400 -276.69
1100 400 -276.89
1200 400 -276.89
1300 400 -276.89
1400 400 -277.64
1500 400 -277.64
1600 400 -279.53
1700 400 -279.53
1800 400 -279.53
1900 400 -281.97
2000 400 -281.97
2100 400 -281.97
2200 400 -284.45
2300 400 -284.45
2400 400 -284.45
2500 400 -286.81
2600 400 -286.81
2700 400 -286.81
2800 400 -289.13
2900 400 -289.13
3000 400 -289.13
3100 400 -290.75
3200 400 -290.75
3300 400 -291.31
3400 400 -291.31
3500 400 -291.31
3600 400 -292.24
3700 400 -292.24
3800 400 -292.24
3900 400 -292.59
4000 400 -292.59
4100 400 -292.59
4200 400 -292.12
4300 400 -292.12
4400 400 -292.12
4500 400 -291.39
4600 400 -291.39
4700 400 -291.39
4800 400 -290.66
4900 400 -290.66
5000 400 -290.66
0 500 -279.86
100 500 -279.86
200 500 -279.68
300 500 -279.68
400 500 -279.68
500 500 -279.33
600 500 -279.33
700 500 -279.33
800 500 -278.73
900 500 -278.73
1000 500 -278.44
1100 500 -278.44
1200 500 -278.44
1300 500 -278.87
1400 500 -278.87
1500 500 -278.87
1600 500 -279.97
1700 500 -279.97
1800 500 -279.97
1900 500 -281.58
2000 500 -281.58
2100 500 -281.58
2200 500 -283.43
2300 500 -283.43
2400 500 -283.43
2500 500 -285.07
2600 500 -285.07
2700 500 -285.07
2800 500 -286.79
2900 500 -286.79
3000 500 -288.34
3100 500 -288.34
3200 500 -288.34
3300 500 -289.71
3400 500 -289.71
3500 500 -289.71
3600 500 -290.86
3700 500 -290.86
3800 500 -290.86
3900 500 -291.64
4000 500 -291.64
4100 500 -291.64
4200 500 -291.59
4300 500 -291.59
4400 500 -291.59
4500 500 -291.13
4600 500 -291.13
4700 500 -290.65
4800 500 -290.65
4900 500 -290.65
5000 500 -290.07
0 600 -281.44
100 600 -281.44
200 600 -281.06
300 600 -281.06
400 600 -281.06
500 600 -279.74
600 600 -279.74
700 600 -279.74
800 600 -279.22
900 600 -279.22
1000 600 -279.59
1100 600 -279.59
1200 600 -279.59
1300 600 -280.40
1400 600 -280.40
1500 600 -280.40
1600 600 -280.89
1700 600 -280.89
1800 600 -280.89
1900 600 -282.05
2000 600 -282.05
2100 600 -282.05
2200 600 -283.81
2300 600 -283.81
2400 600 -283.81
2500 600 -285.41
2600 600 -285.41
2700 600 -285.41
2800 600 -286.79
2900 600 -286.79
3000 600 -288.18
3100 600 -288.18
3200 600 -288.18
3300 600 -289.43
3400 600 -289.43
3500 600 -289.43
3600 600 -289.95
3700 600 -289.95
3800 600 -289.95
3900 600 -289.99
4000 600 -289.99
4100 600 -289.99
4200 600 -289.48
4300 600 -289.48
4400 600 -289.48
4500 600 -288.62
4600 600 -288.62
4700 600 -287.82
4800 600 -287.82
4900 600 -287.82
5000 600 -287.32
0 700 -280.14
100 700 -280.14
200 700 -280.00
300 700 -280.00
400 700 -279.55
500 700 -279.55
600 700 -279.55
700 700 -279.28
800 700 -279.28
900 700 -279.28
1000 700 -279.32
1100 700 -279.32
1200 700 -279.32
1300 700 -279.73
1400 700 -279.73
1500 700 -279.73
1600 700 -280.61
1700 700 -280.61
1800 700 -280.61
1900 700 -281.79
2000 700 -281.79
2100 700 -281.79
2200 700 -283.17
2300 700 -283.17
2400 700 -284.61
2500 700 -284.61
2600 700 -284.61
2700 700 -286.41
2800 700 -286.41
2900 700 -286.41
3000 700 -288.11
3100 700 -288.11
3200 700 -288.11
3300 700 -289.58
3400 700 -289.58
3500 700 -289.58
3600 700 -290.16
3700 700 -290.16
3800 700 -290.16
3900 700 -290.60
4000 700 -290.60
4100 700 -290.27
4200 700 -290.27
4300 700 -290.27
4400 700 -289.41
4500 700 -289.41
4600 700 -289.41
4700 700 -288.73
4800 700 -288.73
4900 700 -288.73
5000 700 -288.61
0 800 -280.37
100 800 -280.12
200 800 -280.12
300 800 -280.12
400 800 -280.52
500 800 -280.52
600 800 -280.52
700 800 -280.53
800 800 -280.53
900 800 -280.53
1000 800 -280.68
1100 800 -280.68
1200 800 -280.68
1300 800 -281.15
1400 800 -281.15
1500 800 -281.15
1600 800 -282.22
1700 800 -282.22
1800 800 -283.32
1900 800 -283.32
2000 800 -283.32
2100 800 -284.60
2200 800 -284.60
2300 800 -284.60
2400 800 -285.74
2500 800 -285.74
2600 800 -285.74
2700 800 -286.22
2800 800 -286.22
2900 800 -286.22
3000 800 -286.89
3100 800 -286.89
3200 800 -286.89
3300 800 -288.08
3400 800 -288.08
3500 800 -289.20
3600 800 -289.20
3700 800 -289.20
3800 800 -289.77
3900 800 -289.77
4000 800 -289.77
4100 800 -289.42
4200 800 -289.42
4300 800 -289.42
4400 800 -289.24
4500 800 -289.24
4600 800 -289.24
4700 800 -289.04
4800 800 -289.04
4900 800 -289.04
5000 800 -287.93
0 900 -281.04
100 900 -281.87
200 900 -281.87
300 900 -281.87
400 900 -281.49
500 900 -281.49
600 900 -281.49
700 900 -281.32
800 900 -281.32
900 900 -281.32
1000 900 -281.41
1100 900 -281.41
1200 900 -281.86
1300 900 -281.86
1400 900 -281.86
1500 900 -282.15
1600 900 -282.15
1700 900 -282.15
1800 900 -284.07
1900 900 -284.07
2000 900 -284.07
2100 900 -284.50
2200 900 -284.50
2300 900 -284.50
2400 900 -286.41
2500 900 -286.41
2600 900 -286.41
2700 900 -287.41
2800 900 -287.41
2900 900 -287.41
3000 900 -288.57
3100 900 -288.57
3200 900 -289.43
3300 900 -289.43
3400 900 -289.43
3500 900 -289.90
3600 900 -289.90
3700 900 -289.90
3800 900 -290.02
3900 900 -290.02
4000 900 -290.02
4100 900 -289.84
4200 900 -289.84
4300 900 -289.84
4400 900 -289.35
4500 900 -289.35
4600 900 -289.35
4700 900 -288.89
4800 900 -288.89
4900 900 -288.64
5000 900 -288.64
0 1000 -282.37
100 1000 -282.45
200 1000 -282.45
300 1000 -282.45
400 1000 -282.16
500 1000 -282.16
600 1000 -282.16
700 1000 -281.83
800 1000 -281.83
900 1000 -281.60
1000 1000 -281.60
1100 1000 -281.60
1200 1000 -281.67
1300 1000 -281.67
1400 1000 -281.67
1500 1000 -282.20
1600 1000 -282.20
1700 1000 -282.20
1800 1000 -282.93
1900 1000 -282.93
2000 1000 -282.93
2100 1000 -283.79
2200 1000 -283.79
2300 1000 -283.79
2400 1000 -284.70
2500 1000 -284.70
2600 1000 -285.71
2700 1000 -285.71
2800 1000 -285.71
2900 1000 -286.66
3000 1000 -286.66
3100 1000 -286.66
3200 1000 -287.20
3300 1000 -287.20
3400 1000 -287.20
3500 1000 -288.06
3600 1000 -288.06
3700 1000 -288.06
3800 1000 -288.49
3900 1000 -288.49
4000 1000 -288.44
4100 1000 -288.44
4200 1000 -288.44
4300 1000 -287.89
4400 1000 -287.89
4500 1000 -287.89
4600 1000 -287.94
4700 1000 -287.94
4800 1000 -287.94
4900 1000 -288.06
5000 1000 -288.06
