0	0	0	-240.19	0	0	-20.904
100	0	0	-240.19	1.6754229107	0	-20.8535660515
200	0	0	-240.19	13.443831534	0	-18.9205121747
300	0	0	-242.59	11.2861783946	0	-4.9024977829
400	0	0	-242.59	-10.8029272333	0	-4.9143488233
500	0	0	-240.08	-13.5290749238	0	-14.0133824808
600	0	0	-240.08	-5.3442322669	0	-13.5779322618
700	0	0	-240.08	-6.3999134052	0	-14.2465350505
800	0	0	-238.84	-6.4598795308	0	-17.1761224455
900	0	0	-238.84	-4.5208309027	0	-16.5528838426
1000	0	0	-238.84	-6.6304299604	0	-17.5096783141
1100	0	0	-237.46	-6.6158257828	0	-20.6085469778
1200	0	0	-237.46	-4.0646588165	0	-21.0362458194
1300	0	0	-237.46	-4.1532330711	0	-21.4277908915
1400	0	0	-236.63	-3.6931004139	0	-22.9118136091
1500	0	0	-236.63	-1.4657306322	0	-23.741162168
1600	0	0	-236.63	-0.0770608741	0	-23.8488622895
1700	0	0	-236.68	0.4438696534	0	-23.6964914456
1800	0	0	-236.68	1.4204375401	0	-23.6015909237
1900	0	0	-236.68	3.6076308455	0	-23.5356014177
2000	0	0	-237.39	5.2207947499	0	-23.1866165345
2100	0	0	-237.39	6.7077761406	0	-21.626765247
2200	0	0	-238.54	5.8798418043	0	-18.5550010179
2300	0	0	-238.54	3.8361262452	0	-18.3936507402
2400	0	0	-238.54	6.9458543426	0	-17.2671434262
2500	0	0	-239.83	6.6648863787	0	-13.3182019847
2600	0	0	-239.83	2.9625412311	0	-15.0031942575
2700	0	0	-239.83	7.6705819392	0	-14.5932109864
2800	0	0	-241.1	7.2308084447	0	-8.8131563088
2900	0	0	-241.1	0.8891362099	0	-12.1905750873
3000	0	0	-241.1	0	0	-12.462
0	100	0	-240.62	0	0.6910809403	-15.3747266507
100	100	0	-240.62	-1.2293111157	0.5539285367	-15.4537832002
200	100	0	-240.37	-0.4040781524	-2.4518351649	-16.3747893403
300	100	0	-240.37	-0.8902142533	-14.7123030442	-14.0419518235
400	100	0	-240.37	-8.4815381472	-16.9791274576	-15.1877085122
500	100	0	-238.83	-9.1626227545	-13.548070335	-20.5807344805
600	100	0	-238.83	-4.8757642201	-12.9003142613	-19.1828224007
700	100	0	-238.83	-8.3334119677	-14.1537143091	-19.4004418177
800	100	0	-237.12	-8.7870355548	-15.5511947615	-21.965436311
900	100	0	-237.12	-6.0562391296	-18.5546814279	-23.3436444747
1000	100	0	-237.12	-7.4797370957	-23.550526398	-25.0927008812
1100	100	0	-235.67	-6.9074078666	-23.4620865521	-27.4581436063
1200	100	0	-235.67	-4.3641239729	-23.7365292386	-28.6979701107
1300	100	0	-235.67	-4.2971421567	-25.4360934419	-29.8219728106
1400	100	0	-234.83	-3.5056900038	-24.8004208718	-31.2608762475
1500	100	0	-234.83	-1.1457944432	-23.2957505766	-31.9078997499
1600	100	0	-234.84	0.3668669956	-21.5763875785	-31.9719349731
1700	100	0	-234.84	1.8718469715	-20.5261451987	-31.8309534257
1800	100	0	-234.84	4.3860367718	-19.0439902267	-30.6719241107
1900	100	0	-235.86	4.956531829	-16.9543502144	-28.5599254547
2000	100	0	-235.86	4.6483868159	-17.2093759726	-28.1081867987
2100	100	0	-235.86	7.674142346	-17.3774260426	-26.464012889
2200	100	0	-237.47	7.829313207	-17.5017999516	-22.6794707813
2300	100	0	-237.47	5.9919115519	-14.7414759564	-22.7555166992
2400	100	0	-237.47	9.6338785775	-7.3933673957	-21.6720474114
2500	100	0	-239.22	8.5942775196	-8.096438455	-18.6775151007
2600	100	0	-239.22	4.3466726035	-7.5587849821	-17.8403922705
2700	100	0	-239.22	10.0448324508	-2.3348002751	-16.5484703114
2800	100	0	-240.95	8.9973142508	-6.1479290316	-12.546955732
2900	100	0	-240.95	1.9600336512	-6.2285071444	-12.3219214652
3000	100	0	-240.95	0	2.5018692373	-11.5148569991
0	200	0	-240.4	0	-7.0526074995	-15.0680178094
100	200	0	-240.4	-1.4674932012	-7.0034131984	-15.1448858977
200	200	0	-240.12	-1.8224000536	-6.5027053278	-16.162602089
300	200	0	-240.12	-3.2411138914	-8.6090282463	-15.3536362165
400	200	0	-240.12	-9.6386945241	-13.7398462038	-16.9486051788
500	200	0	-238.25	-9.4502617208	-10.1957584799	-19.8441760239
600	200	0	-238.25	-5.949876241	-11.0587558525	-20.6069225695
700	200	0	-238.25	-9.0507939121	-16.0440385808	-22.2180362337
800	200	0	-236.68	-10.8608466429	-14.5784014806	-24.3405080416
900	200	0	-236.68	-12.5201625392	-15.7988728977	-27.7986477166
1000	200	0	-234.14	-11.5378350846	-20.1769412255	-33.7254247093
1100	200	0	-234.14	-6.8018286234	-19.7159407642	-35.4669547981
1200	200	0	-234.14	-6.0386657063	-20.1905863182	-36.7782296938
1300	200	0	-232.93	-5.2171247043	-22.4650309565	-39.3525566774
1400	200	0	-232.93	-1.5527575486	-22.3309656985	-40.039339561
1500	200	0	-232.93	1.7583026544	-21.9966646894	-39.2371321594
1600	200	0	-233.74	2.6925444971	-22.1288022234	-37.7364959342
1700	200	0	-233.74	2.9762670052	-22.0397449323	-36.8341999126
1800	200	0	-233.74	4.9922325311	-21.6737242003	-35.4686588962
1900	200	0	-234.8	5.4422450996	-21.3549268974	-33.2774991707
2000	200	0	-234.8	4.797718915	-19.476855713	-32.6741388916
2100	200	0	-234.8	6.4153521616	-16.0391695367	-31.2425714522
2200	200	0	-235.69	8.5157918972	-17.3655344203	-29.0673514756
2300	200	0	-235.69	13.9445588078	-15.9475849319	-27.403548663
2400	200	0	-238.6	13.590891844	-9.8613826586	-20.4691381281
2500	200	0	-238.6	6.4994687923	-12.6184420252	-20.1437814448
2600	200	0	-238.6	8.724179411	-12.0470753516	-19.2399511902
2700	200	0	-240.09	9.0814378897	-4.4356004774	-13.6525783688
2800	200	0	-240.09	3.3371015754	-10.1888611649	-15.6317942741
2900	200	0	-240.09	9.5389344788	-10.1924410419	-15.4861235307
3000	200	0	-241.68	0	0.1899686778	-6.7554887166
0	300	0	-239.51	0	-10.7321000593	-18.342486083
100	300	0	-239.51	-0.679408944	-10.5949941068	-18.3001321871
200	300	0	-239.43	-2.0096932003	-9.4248404267	-17.7891520306
300	300	0	-239.43	-8.1273551293	-10.5322215455	-18.6713801921
400	300	0	-237.69	-10.0682683875	-15.5097707251	-24.1725955896
500	300	0	-237.69	-6.4815324032	-11.0970258505	-22.7896828199
600	300	0	-237.69	-10.724044321	-12.2242631161	-24.3428129689
700	300	0	-235.4	-11.8530575958	-18.606760347	-30.1210169457
800	300	0	-235.4	-8.541869865	-17.4584558426	-30.4383043634
900	300	0	-235.4	-11.6547788745	-17.0257237533	-32.776714096
1000	300	0	-233.25	-11.3968049622	-18.042929552	-38.5319384798
1100	300	0	-233.25	-6.9210529593	-18.7385211333	-39.6803112907
1200	300	0	-233.25	-7.1132141652	-20.06694756	-41.0964264129
1300	300	0	-231.82	-6.4375215303	-21.042046532	-44.3014699364
1400	300	0	-231.82	-3.0373237367	-21.7981786366	-45.2710925696
1500	300	0	-231.82	-0.9436309681	-23.5911732143	-45.402982284
1600	300	0	-231.54	0.3237867527	-25.5356764062	-45.560543303
1700	300	0	-231.54	2.3269249946	-25.5963760143	-45.4533863371
1800	300	0	-231.54	5.0708548067	-24.6189262602	-44.5711750127
1900	300	0	-232.51	7.1534003163	-25.1842293534	-43.1107177026
2000	300	0	-232.51	9.9641441766	-23.2477335727	-40.5552423348
2100	300	0	-234.57	9.7854636454	-18.0934107422	-36.0621408226
2200	300	0	-234.57	7.9208978118	-17.7419635286	-35.3047135544
2300	300	0	-234.57	13.4960633136	-17.9300574593	-33.0923557257
2400	300	0	-236.99	12.9630214842	-17.0914106873	-25.6481567097
2500	300	0	-236.99	6.4085848333	-17.3684462336	-26.3269254754
2600	300	0	-236.99	12.5295141513	-15.9675397228	-24.9901772065
2700	300	0	-239.2	11.9030466308	-10.8738023056	-16.2812956107
2800	300	0	-239.2	3.2404736863	-10.7325151042	-19.2482053155
2900	300	0	-239.2	12.3388634939	-7.8190741732	-18.841113416
3000	300	0	-241.02	0	-5.9471332878	-7.7687023873
0	400	0	-238.62	0	-9.9608861609	-21.7695494495
100	400	0	-238.62	-0.1602335619	-9.7012012227	-21.6383333598
200	400	0	-238.62	-1.7596274923	-9.1462371742	-20.5528330943
300	400	0	-238.62	-9.3260441898	-9.4118359143	-21.820634102
400	400	0	-236.91	-10.2034988224	-10.7335278427	-28.2582546851
500	400	0	-236.91	-6.1647541185	-9.9680244615	-25.6297899997
600	400	0	-236.91	-13.4596107375	-11.2682259523	-27.647824901
700	400	0	-234.14	-14.2849866386	-14.4240700023	-35.4255158676
800	400	0	-234.14	-9.2798100492	-15.7910391572	-35.5613532756
900	400	0	-234.14	-13.1046362486	-18.1461887326	-38.1318205366
1000	400	0	-231.44	-13.2506324646	-19.2935966229	-44.5732463244
1100	400	0	-231.44	-8.8258466314	-21.3419533122	-46.284849416
1200	400	0	-231.44	-8.342191105	-24.5894269977	-48.525111465
1300	400	0	-229.87	-6.9483557742	-24.2968095897	-51.7583422235
1400	400	0	-229.87	-4.1018842309	-24.0179742693	-52.8117552041
1500	400	0	-229.42	-1.9791951152	-24.9747008899	-53.6324248175
1600	400	0	-229.42	0.6873417038	-25.31948023	-54.0993169573
1700	400	0	-229.42	3.8930171445	-24.4702732262	-53.4609954149
1800	400	0	-230.48	5.404379192	-23.2314518022	-51.8628198527
1900	400	0	-230.48	6.8134377871	-23.8561272	-51.3120474247
2000	400	0	-230.48	11.8885375329	-23.0927314981	-48.5035801641
2100	400	0	-232.95	11.9211222057	-20.5501102076	-42.6008804455
2200	400	0	-232.95	8.6791451734	-19.4755726429	-41.9978916546
2300	400	0	-232.95	14.5951116491	-18.1550755724	-39.4176867945
2400	400	0	-235.64	14.1525030764	-15.8300137942	-31.2528983364
2500	400	0	-235.64	7.6233397635	-14.2001747355	-31.8443404277
2600	400	0	-235.64	15.2188233323	-10.7883938546	-29.8020331751
2700	400	0	-238.34	14.3164625083	-9.8642587743	-19.4969926568
2800	400	0	-238.34	6.3918297078	-8.715644482	-22.3037665259
2900	400	0	-238.34	14.3243162952	0.8012128134	-19.4313866253
3000	400	0	-240.58	0	-6.2961851375	-10.1605852889
0	500	0	-238.03	0	-8.5854556564	-24.3502561664
100	500	0	-238.06	0.1352400427	-8.2239611362	-24.0577211349
200	500	0	-238.06	-1.7203278919	-8.1251919539	-23.0865492272
300	500	0	-238.06	-9.7146457978	-8.4708202242	-24.4462259815
400	500	0	-236.26	-10.6244569347	-8.6950791402	-31.0093581403
500	500	0	-236.26	-7.0162305061	-9.6512967216	-28.4474402535
600	500	0	-236.26	-15.1800898618	-12.9820061017	-31.1244441408
700	500	0	-233.36	-16.3758708007	-13.7935032543	-39.5933350933
800	500	0	-233.36	-12.2639885953	-16.702905298	-40.5329053187
900	500	0	-233.36	-15.1573363469	-22.4973952529	-44.5398804986
1000	500	0	-230.44	-14.5925695418	-21.2231366043	-50.5159458068
1100	500	0	-230.44	-12.2168833341	-21.8842810736	-53.3960839925
1200	500	0	-228.4	-10.0680704427	-25.4476924216	-57.8092733585
1300	500	0	-228.4	-5.8660688019	-25.1600654818	-60.2465029991
1400	500	0	-228.4	-3.7152150302	-24.5911556647	-60.7009475707
1500	500	0	-227.83	-2.2451369355	-24.96824747	-61.7738501545
1600	500	0	-227.83	0.8282144164	-25.1060355361	-62.3177579032
1700	500	0	-227.83	4.4149534224	-24.8498432208	-61.3777841636
1800	500	0	-228.87	5.6850008329	-24.4363254451	-59.4963224844
1900	500	0	-228.87	7.2921206204	-23.6073407096	-59.0374232034
2000	500	0	-228.87	13.270161169	-21.4802984096	-55.8021181718
2100	500	0	-231.61	13.4026225006	-20.5861437858	-49.2272817897
2200	500	0	-231.61	10.315932447	-19.1339416395	-48.2982042936
2300	500	0	-231.61	17.1416221623	-15.4808045213	-45.0746758051
2400	500	0	-234.85	16.9179223144	-13.856747241	-36.2015888539
2500	500	0	-234.85	11.4502047662	-10.9719091795	-35.1470085055
2600	500	0	-234.85	16.8654301192	-2.762358142	-30.6148177327
2700	500	0	-237.75	13.9757960034	-8.0828923749	-22.3391579694
2800	500	0	-237.75	13.905945274	-8.1599633459	-23.9641825555
2900	500	0	-240.18	14.7583228384	1.7302050386	-14.2695595134
3000	500	0	-240.18	0	-7.394070353	-14.8858358917
0	600	0	-237.33	0	-7.2943378715	-26.6688790972
100	600	0	-237.42	0.3000301406	-7.1892722838	-26.2398064474
200	600	0	-237.42	-2.0064865803	-7.4351099032	-25.6342434294
300	600	0	-237.42	-9.8959313828	-8.9789654499	-27.0977698688
400	600	0	-235.63	-11.3839753198	-7.6548380648	-32.6823516645
500	600	0	-235.63	-10.45168108	-10.0976233387	-31.7399812813
600	600	0	-235.63	-17.6018172702	-17.630520231	-36.8833835004
700	600	0	-232.23	-18.0058858282	-14.6905250091	-44.2790398439
800	600	0	-232.23	-17.9837020478	-16.290026374	-47.2068800665
900	600	0	-228.78	-17.6248675616	-22.6644964689	-54.5708941123
1000	600	0	-228.78	-12.637518292	-21.2078774615	-57.810931307
1100	600	0	-228.78	-13.0504024487	-21.1993077461	-60.7392625525
1200	600	0	-226.33	-11.6179755065	-23.6762872271	-66.5998797721
1300	600	0	-226.33	-6.0918190173	-24.6586340246	-68.713120789
1400	600	0	-226.33	-3.9100662191	-25.3446684445	-69.39246079
1500	600	0	-225.72	-2.4940749866	-25.6880948737	-70.85054025
1600	600	0	-225.72	0.805745953	-25.5265300888	-71.388991512
1700	600	0	-225.72	4.5627272422	-25.2306904498	-70.457706721
1800	600	0	-226.74	6.6468817032	-25.0655419153	-68.678250974
1900	600	0	-226.74	9.7694648226	-22.4850254449	-67.281509076
2000	600	0	-226.74	14.9097344567	-17.9556540455	-62.6116839485
2100	600	0	-229.85	14.2674789758	-19.2896010243	-56.5422782201
2200	600	0	-229.85	13.7844844379	-17.2732779395	-54.6455018953
2300	600	0	-229.85	19.8723060476	-9.9356513747	-49.4675072747
2400	600	0	-233.73	18.6613984182	-12.5709210826	-42.3045874912
2500	600	0	-233.73	18.7177288625	-10.999857727	-38.2413186768
2600	600	0	-237.06	18.1078401436	-2.7805114771	-28.1438891222
2700	600	0	-237.06	8.9188573044	-9.0058964751	-26.8314467917
2800	600	0	-237.06	16.2049271213	-9.3335816563	-26.7953951637
2900	600	0	-239.55	15.0902092881	-5.7448913356	-13.8961406414
3000	600	0	-239.55	0	-8.8484825948	-18.7611437905
0	700	0	-236.9	0	-5.3928232933	-28.5362487468
100	700	0	-236.97	-0.0055319957	-5.7050871046	-28.2284178364
200	700	0	-236.97	-3.510021058	-6.5655316164	-28.2816146773
300	700	0	-236.97	-9.9343739594	-10.0661223775	-30.6080700086
400	700	0	-235.13	-11.7431148235	-5.9560188881	-33.017059444
500	700	0	-235.13	-16.991912679	-8.353528242	-35.4169559476
600	700	0	-231.43	-19.7729915322	-15.5001508919	-45.2969355349
700	700	0	-231.43	-15.0353769437	-11.5234714437	-48.1695234906
800	700	0	-231.43	-20.2379600484	-11.8898652384	-52.0660930086
900	700	0	-227.51	-20.0751874344	-15.8369596909	-62.1212752777
1000	700	0	-227.51	-13.127380819	-17.3581383104	-64.5982591941
1100	700	0	-227.51	-14.6852930997	-20.2135181402	-68.045422306
1200	700	0	-224.72	-13.5273967212	-21.9318781215	-74.852136556
1300	700	0	-224.72	-7.534450026	-23.2052494288	-77.249998819
1400	700	0	-224.72	-4.7446758793	-24.8766047963	-78.586469594
1500	700	0	-223.85	-2.4269985731	-24.7876825102	-80.239384853
1600	700	0	-223.85	1.2856188336	-23.7850349606	-80.611863045
1700	700	0	-223.85	4.8759416026	-22.8778929094	-79.780747944
1800	700	0	-224.75	8.4306658445	-23.0378032901	-78.408923212
1900	700	0	-224.75	14.4020084835	-20.5778482344	-74.924665195
2000	700	0	-228.17	16.4655855896	-16.5104714959	-67.667457484
2100	700	0	-228.17	14.0849986066	-18.3786773859	-63.9194203933
2200	700	0	-228.17	19.6698820899	-15.8941501338	-59.9230287746
2300	700	0	-232.41	21.8439790192	-8.3979267568	-49.8446108519
2400	700	0	-232.41	15.8537159688	-11.4745445396	-46.3725152578
2500	700	0	-232.41	21.2406143717	-9.0791759228	-41.8512840904
2600	700	0	-236	18.8593913711	-7.4906067268	-29.3164742122
2700	700	0	-236	7.4227258175	-9.6468616298	-31.2924623054
2800	700	0	-236	17.1669504135	-6.1148671848	-29.9691772912
2900	700	0	-238.66	15.2434218999	-7.7443225345	-16.6327377926
3000	700	0	-238.66	0	-8.438396338	-22.345446442
0	800	0	-236.45	0	-2.7891785368	-29.5210987246
100	800	0	-236.45	-0.8726781758	-3.2051860258	-29.4025542511
200	800	0	-236.45	-6.3675218532	-4.903925707	-30.2667540191
300	800	0	-234.96	-9.2864186545	-6.8749163573	-34.6145185618
400	800	0	-234.96	-9.6713811843	-3.0013826252	-33.1871563975
500	800	0	-234.96	-19.9958130838	-6.3142997064	-37.1979496997
600	800	0	-231.01	-20.7717604786	-7.1008035475	-49.0920287758
700	800	0	-231.01	-14.3956001747	-6.1137633196	-49.7811374974
800	800	0	-231.01	-22.297190295	-9.453114621	-54.6731315898
900	800	0	-226.54	-23.0931406336	-10.7024518357	-66.1683933535
1000	800	0	-226.54	-17.0140767413	-13.9463680758	-69.781306345
1100	800	0	-226.54	-17.6241422598	-20.0129652848	-75.237839208
1200	800	0	-222.9	-14.6097067951	-19.5259080076	-82.097942274
1300	800	0	-222.9	-9.0365456921	-19.1720843911	-84.981429046
1400	800	0	-221.79	-5.4924993005	-20.6693197298	-87.402006118
1500	800	0	-221.79	-1.4025051509	-20.3616655118	-88.782184946
1600	800	0	-221.79	2.7155355538	-19.1348107769	-88.423210336
1700	800	0	-222.72	5.309958906	-18.0620027569	-87.155143747
1800	800	0	-222.72	8.9469263849	-17.7375822847	-86.252490133
1900	800	0	-222.72	16.2967966168	-16.0104528208	-81.893115569
2000	800	0	-226.31	17.1089052985	-15.6363566726	-73.746804592
2100	800	0	-226.31	14.8838003379	-15.8449952354	-71.238444053
2200	800	0	-226.31	23.765235067	-12.1280873296	-65.5702578684
2300	800	0	-231.12	24.2919116418	-9.9897964063	-52.5992972326
2400	800	0	-231.12	17.9801492455	-9.3547491137	-49.8686513363
2500	800	0	-231.12	22.7016666686	-1.6396290317	-42.9670822584
2600	800	0	-235.27	17.5401544366	-7.1297824143	-31.7668333202
2700	800	0	-235.27	10.2945968464	-7.8043946742	-34.3015241758
2800	800	0	-235.27	18.1074662166	1.6737200856	-29.7501106675
2900	800	0	-238.2	12.7666801349	-6.3596782637	-20.1461922187
3000	800	0	-238.2	0	-6.946438529	-24.8905742293
0	900	0	-236.43	0	0.1729374587	-29.119764048
100	900	0	-236.43	-2.1202791592	-0.1377935869	-29.1656718048
200	900	0	-236.43	-7.1797513895	-2.5438599463	-31.1344025049
300	900	0	-235.01	-8.0318308776	0.230194178	-35.2081364915
400	900	0	-235.01	-11.1824981726	0.5362480206	-32.8271791258
500	900	0	-235.01	-21.0913335946	-6.7772325616	-39.4549568778
600	900	0	-230.91	-19.5724551454	-1.1680416592	-49.462659952
700	900	0	-230.91	-17.3876880172	-2.0615105581	-49.8189185696
800	900	0	-230.91	-24.8266485712	-9.6132241659	-57.0657472369
900	900	0	-225.93	-24.5684408825	-6.7162313865	-67.536236108
1000	900	0	-225.93	-22.4378942681	-8.3010235781	-73.171842216
1100	900	0	-221.82	-20.2648330315	-13.978974738	-82.100493232
1200	900	0	-221.82	-12.6865158275	-12.4596884665	-87.154326414
1300	900	0	-221.82	-8.6778617482	-11.4276863811	-89.606440654
1400	900	0	-220.55	-5.934257	-12.3955497484	-92.940441925
1500	900	0	-220.55	-0.8924896202	-12.2535557506	-94.318945686
1600	900	0	-220.55	3.5852815818	-11.3230361532	-93.533999548
1700	900	0	-221.36	6.2731700881	-10.5946311879	-91.922473673
1800	900	0	-221.36	10.4822157806	-8.6685820807	-90.591101866
1900	900	0	-221.36	16.5032340956	-5.7683875388	-85.249825418
2000	900	0	-224.84	16.6310431683	-8.4848279008	-78.029707232
2100	900	0	-224.84	17.5932679496	-7.4347813821	-75.522129655
2200	900	0	-224.84	25.525080919	-1.4101701251	-67.469244684
2300	900	0	-230.05	24.6173172351	-6.0820727082	-55.2001202841
2400	900	0	-230.05	24.2038833501	-6.3570352745	-51.7718581469
2500	900	0	-234.55	23.4655810778	1.2754258288	-40.0773584497
2600	900	0	-234.55	12.6946257219	-5.7763249551	-34.5830784969
2700	900	0	-234.55	16.2262283174	-6.2268442044	-36.4510648614
2800	900	0	-237.76	18.611666824	3.5417048957	-25.7073158672
2900	900	0	-237.76	6.623263292	-5.2900838987	-24.7822689973
3000	900	0	-237.76	0	-5.1375057166	-26.8766986051
0	1000	0	-236.55	0	2.6884137528	-27.7288723957
100	1000	0	-236.55	-3.5894755808	2.5572638792	-27.9853707134
200	1000	0	-235.58	-5.9995340816	1.3988086604	-31.2706136657
300	1000	0	-235.58	-6.2063106943	5.4492672691	-32.6608070373
400	1000	0	-235.58	-16.6788079239	4.303554653	-31.3214300569
500	1000	0	-231.62	-21.7001027636	-2.6111492925	-42.3901341766
600	1000	0	-231.62	-16.0560384751	3.9820151205	-46.9056565621
700	1000	0	-231.62	-22.8407826814	2.8741920697	-48.4211979088
800	1000	0	-226.35	-26.9519111234	-4.6387419783	-59.9388668845
900	1000	0	-226.35	-21.7809400458	-1.6401687904	-66.3695087543
1000	1000	0	-226.35	-24.2768200928	-3.002168696	-72.906688108
1100	1000	0	-221.6	-21.7828071549	-4.468677292	-84.283055551
1200	1000	0	-221.6	-12.0584184449	-3.5968550814	-88.547919647
1300	1000	0	-221.6	-8.972406974	-4.1805186603	-91.044840606
1400	1000	0	-219.95	-6.3183686633	-4.5998395807	-95.037943925
1500	1000	0	-219.95	-0.3299915557	-3.7844216417	-96.332192573
1600	1000	0	-219.95	4.3744601165	-2.4507278425	-95.045903324
1700	1000	0	-220.84	7.9644129852	-2.2834851292	-93.142154135
1800	1000	0	-220.84	13.7731700273	-0.4838600171	-90.444604356
1900	1000	0	-224.16	16.4805507967	2.2686353564	-83.218331349
2000	1000	0	-224.16	15.4425114552	-0.7464441257	-77.998615078
2100	1000	0	-224.16	21.9584581136	0.2401660694	-74.887262579
2200	1000	0	-229.24	25.1179437409	5.3332939072	-63.3555968477
2300	1000	0	-229.24	19.3450464857	-1.0206153416	-55.3599403823
2400	1000	0	-229.24	25.3376477825	-2.9567955456	-53.2199341585
2500	1000	0	-233.74	23.2823769947	-0.8536220961	-39.8651201042
2600	1000	0	-233.74	10.0378844101	-4.1249345826	-39.1087618076
2700	1000	0	-233.74	19.6126266972	-3.7075520325	-38.7842420012
2800	1000	0	-237.14	19.0442265223	-0.0181636665	-24.2052158863
2900	1000	0	-237.14	4.0874695226	-3.6762437499	-27.9184248561
3000	1000	0	-237.14	0	0.1051360382	-27.8738729381
0	1100	0	-236.82	0	4.5544237848	-25.3723319338
100	1100	0	-236.82	-3.4098842449	4.5857167512	-25.7209154535
200	1100	0	-236.34	-4.2877479996	5.3136482275	-28.6964279985
300	1100	0	-236.34	-5.127084885	7.1648972617	-27.6953939094
400	1100	0	-236.34	-19.2429147275	6.3388225841	-27.708735606
500	1100	0	-232.46	-21.4128731338	4.9018431795	-40.2730657512
600	1100	0	-232.46	-14.0871137899	7.9828359417	-40.224694391
700	1100	0	-232.46	-26.008445116	7.0252607393	-43.922014284
800	1100	0	-227.11	-29.3410094246	3.7409355463	-58.6063633269
900	1100	0	-227.11	-22.9318676002	2.1275682902	-63.9936978596
1000	1100	0	-227.11	-25.2664027764	-3.0311716828	-72.5716597
1100	1100	0	-221.84	-20.8595194169	0.3981011695	-83.725631631
1200	1100	0	-221.84	-12.3983571958	2.0740766426	-87.45507253
1300	1100	0	-221.84	-9.6808462408	0.1394768681	-90.69952006
1400	1100	0	-219.87	-5.5381599814	0.9908787919	-94.648174842
1500	1100	0	-219.87	1.2566221113	2.8619989608	-95.151955681
1600	1100	0	-220.93	5.086218101	4.3611983107	-93.023584838
1700	1100	0	-220.93	8.2400379202	4.1023517904	-91.317883495
1800	1100	0	-220.93	15.0343362729	4.4445320464	-88.202883717
1900	1100	0	-224.21	16.240649987	5.3491686125	-80.189643316
2000	1100	0	-224.21	14.6025738813	4.0935076162	-76.193942474
2100	1100	0	-224.21	23.6730059825	4.3865470706	-72.865148309
2200	1100	0	-229.16	24.264299508	5.2938259626	-60.2655968065
2300	1100	0	-229.16	16.327227789	2.8726906064	-55.3785034559
2400	1100	0	-229.16	24.3708765956	3.7007607718	-53.144951477
2500	1100	0	-233.67	22.2974420408	0.6175959433	-40.0281349768
2600	1100	0	-233.67	9.8406957922	-0.5832030276	-41.0189162904
2700	1100	0	-233.67	20.3329992268	2.3487966086	-38.9178817355
2800	1100	0	-237.09	18.6429751066	-0.5850224327	-23.8947239436
2900	1100	0	-237.09	6.7465630034	-1.367996084	-28.6383941663
3000	1100	0	-237.09	0	8.2248835788	-24.9629003809
0	1200	0	-237.39	0	4.8620474575	-22.3014961103
100	1200	0	-237.39	-2.8302511381	4.8828373096	-22.6906688799
200	1200	0	-236.89	-3.4203535711	6.0371514259	-24.8743859707
300	1200	0	-236.89	-5.1811363377	5.968637648	-22.0087155975
400	1200	0	-236.89	-18.9418620061	3.6760003992	-24.1919405666
500	1200	0	-233.32	-20.0560893993	7.2135367559	-36.1707922503
600	1200	0	-233.32	-13.9326209153	7.8600937909	-34.5555465152
700	1200	0	-233.32	-27.0826830768	5.375666342	-39.8432664529
800	1200	0	-227.94	-31.8496035725	7.2482091487	-55.46041982
900	1200	0	-227.94	-28.5530472682	5.4901699651	-62.6522295948
1000	1200	0	-222.67	-26.0062872135	0.3656156031	-74.916403358
1100	1200	0	-222.67	-16.6775588295	5.0124819478	-83.064602328
1200	1200	0	-222.67	-12.3170427463	6.8462894549	-85.469277352
1300	1200	0	-220.39	-10.055604818	4.8150245795	-89.870124581
1400	1200	0	-220.39	-3.5958465706	5.9730123862	-92.951242258
1500	1200	0	-220.39	3.0403279631	7.6106845355	-92.284005673
1600	1200	0	-221.46	5.6148129461	8.4047769373	-89.66320493
1700	1200	0	-221.46	8.0477467209	8.3353067612	-88.312482384
1800	1200	0	-221.46	15.0199868494	8.3818469645	-85.134280769
1900	1200	0	-224.62	16.1295263598	8.4006337846	-77.240210722
2000	1200	0	-224.62	14.4798899133	8.9838868478	-73.846795526
2100	1200	0	-224.62	23.15877646	10.0888831083	-70.067166937
2200	1200	0	-229.27	23.6040872767	7.3359516184	-58.4959182422
2300	1200	0	-229.27	17.7519812949	7.7392780777	-55.0833602149
2400	1200	0	-229.27	23.0825531194	12.7915385553	-49.5546414447
2500	1200	0	-233.6	18.9984131886	4.7400597133	-38.4666863088
2600	1200	0	-233.6	11.7690850754	3.5555765288	-40.0039074954
2700	1200	0	-233.6	19.6108072921	10.7203994339	-35.1825030084
2800	1200	0	-236.95	15.327433823	1.2536315395	-23.2631367923
2900	1200	0	-236.95	12.8973755341	0.3343523244	-28.2374514665
3000	1200	0	-239.28	0	9.8439870265	-18.1938925986
0	1300	0	-237.69	0	4.0879830173	-20.1974735765
100	1300	0	-237.69	-2.2347802765	3.8796667915	-20.5853492462
200	1300	0	-237.33	-3.2019476612	5.185878725	-22.0913023703
300	1300	0	-237.33	-7.4882359117	3.892217801	-19.2276597253
400	1300	0	-237.33	-17.9980156196	-1.9538655575	-24.3497345446
500	1300	0	-233.9	-17.2287797421	6.1337815059	-33.7031217761
600	1300	0	-233.9	-15.9249842038	5.6781522671	-32.2344238814
700	1300	0	-233.9	-26.6203297582	-0.2308533374	-39.8128533573
800	1300	0	-228.62	-29.2265058015	7.6664778609	-53.1275045028
900	1300	0	-228.62	-29.8144611391	10.4981229742	-60.0819203198
1000	1300	0	-223.48	-25.744090787	9.7927200804	-73.486007025
1100	1300	0	-223.48	-14.3788455651	12.0729692637	-79.377712392
1200	1300	0	-223.48	-12.5958145641	12.3620041683	-81.459287085
1300	1300	0	-221.13	-10.5541233095	10.9082108055	-86.904375142
1400	1300	0	-221.13	-2.7425000321	11.2323064215	-89.602279619
1500	1300	0	-221.13	3.6883866624	11.7578951709	-88.508661332
1600	1300	0	-222.26	5.8108403267	11.5363978006	-86.118982181
1700	1300	0	-222.26	8.2171079407	11.9733772678	-85.137985802
1800	1300	0	-222.26	15.0996632963	12.8828578602	-81.488113768
1900	1300	0	-225.49	16.8426898703	12.1637129381	-73.918037698
2000	1300	0	-225.49	16.2908231983	14.124490698	-70.532433362
2100	1300	0	-225.49	22.0250707531	17.6463857573	-64.5570167143
2200	1300	0	-229.77	21.9146944774	11.3763678584	-54.7845842205
2300	1300	0	-229.77	21.7828147259	10.2306544517	-51.3497050695
2400	1300	0	-233.8	21.3716582312	14.8023747421	-41.3117129837
2500	1300	0	-233.8	13.0614800143	6.927088862	-34.9957198054
2600	1300	0	-233.8	15.8210355061	6.0851074933	-37.0569476101
2700	1300	0	-236.97	18.0310542375	12.5464305525	-27.4672328866
2800	1300	0	-236.97	8.2569280038	2.9972329065	-22.1264582954
2900	1300	0	-236.97	15.3369184904	2.1948203442	-27.4566980612
3000	1300	0	-239.23	0	5.6079881519	-14.2032851971
0	1400	0	-237.84	0	4.2493862987	-19.1824344372
100	1400	0	-237.84	-1.7323554304	3.6621770932	-19.6429636875
200	1400	0	-237.59	-3.4078025616	5.1819265759	-20.5024734287
300	1400	0	-237.59	-12.3208806202	4.1786911817	-19.0575092187
400	1400	0	-234.65	-16.7002983012	-0.2102527804	-28.3697660748
500	1400	0	-234.65	-12.4240715814	7.6406421651	-32.3955421716
600	1400	0	-234.65	-20.2972557586	7.0944925763	-31.5931356058
700	1400	0	-229.96	-25.0943574897	2.219899543	-43.1811582263
800	1400	0	-229.96	-21.1206272676	9.7731475915	-50.8887595013
900	1400	0	-229.96	-26.4268050487	12.5632907742	-55.1349031742
1000	1400	0	-224.83	-24.431440924	15.6928169227	-67.085342791
1100	1400	0	-224.83	-14.1082747416	16.9387168833	-71.408696614
1200	1400	0	-224.83	-13.4818012045	15.7691036855	-74.581602482
1300	1400	0	-222.11	-11.1853025715	15.5219017116	-81.267695158
1400	1400	0	-222.11	-2.7461622052	16.1110393178	-84.1474574
1500	1400	0	-222.11	3.3444193422	16.2110421041	-83.276269331
1600	1400	0	-223.06	5.830295043	15.2155861536	-81.478392336
1700	1400	0	-223.06	9.3942067805	16.6289700945	-80.172156115
1800	1400	0	-223.06	15.2103225197	19.2274962319	-75.447717177
1900	1400	0	-226.13	17.3711591976	16.3109383537	-68.603534584
2000	1400	0	-226.13	19.9625627392	16.3558386248	-64.2305251984
2100	1400	0	-230.21	20.4106536271	19.0469434058	-55.1643753084
2200	1400	0	-230.21	16.1883559711	12.8601995456	-49.1365420951
2300	1400	0	-230.21	21.1779881786	10.1299410031	-47.0800850522
2400	1400	0	-234.06	19.778987523	10.4750320071	-35.6912220623
2500	1400	0	-234.06	10.2811459398	7.5337668873	-31.9942829571
2600	1400	0	-234.06	17.3884267659	8.734598715	-33.9245129916
2700	1400	0	-237.2	16.5229327053	8.1581797858	-22.8034809741
2800	1400	0	-237.2	4.9758236147	3.9870825449	-22.0127116383
2900	1400	0	-237.2	15.5081307862	5.8891258737	-25.9753373675
3000	1400	0	-239.59	0	3.0425257574	-12.3804259054
0	1500	0	-238.3	0	4.8493511384	-17.9998834322
100	1500	0	-238.09	-1.3022399993	4.7886936532	-18.782659601
200	1500	0	-238.09	-2.6854335727	5.9409720549	-18.8492324023
300	1500	0	-238.09	-12.8804152747	6.1002626722	-18.0853280297
400	1500	0	-235.62	-14.5360646362	7.4385590029	-27.6580571276
500	1500	0	-235.62	-9.9240343854	10.3760445924	-28.0737100593
600	1500	0	-235.62	-21.3457268192	9.0856598947	-28.4815407745
700	1500	0	-231.32	-23.9416747497	10.2668974183	-41.0651250246
800	1500	0	-231.32	-18.8831145703	11.5587139462	-46.0632188497
900	1500	0	-231.32	-23.8947918079	8.6652084431	-50.7084750169
1000	1500	0	-226.45	-21.3686646846	15.7492659034	-60.3173309034
1100	1500	0	-226.45	-14.3025587956	17.8173523574	-63.4859329326
1200	1500	0	-226.45	-14.0126297291	15.1660172287	-67.930064185
1300	1500	0	-223.51	-10.2121876772	17.533267922	-74.643448909
1400	1500	0	-223.51	-2.0533596396	19.6523110719	-77.14775635
1500	1500	0	-224.16	2.7929334982	19.5468817546	-76.364278919
1600	1500	0	-224.16	6.2287683171	18.3232773237	-75.115187735
1700	1500	0	-224.16	12.229018019	19.4315368058	-72.453643957
1800	1500	0	-227.27	14.7816315555	21.4456906249	-65.6950803759
1900	1500	0	-227.27	13.9710322632	17.9711863875	-61.0171594106
2000	1500	0	-227.27	19.0268282571	15.9235148134	-57.6921631875
2100	1500	0	-230.94	18.5294316739	15.5282709929	-48.4540791973
2200	1500	0	-230.94	12.9976920747	13.3018870894	-44.7983665991
2300	1500	0	-230.94	19.3976471874	12.7322241856	-42.8883521664
2400	1500	0	-234.6	18.7754841087	9.8792304938	-32.0100719359
2500	1500	0	-234.6	11.3210467222	9.9752291658	-29.2449361615
2600	1500	0	-234.6	16.4454484046	15.1454901238	-28.8558168177
2700	1500	0	-237.47	13.2835380674	7.1553090927	-20.2738373826
2800	1500	0	-237.47	5.9878740917	5.5022161363	-23.2892171185
2900	1500	0	-237.47	14.3923617029	12.6547456335	-22.1923166824
3000	1500	0	-239.68	0	2.3128502041	-11.443496619
0	1600	0	-238.62	0	5.3288756793	-17.1943378427
100	1600	0	-238.56	-0.6407345072	6.042372622	-17.617153396
200	1600	0	-238.56	-2.0962335359	6.3196323838	-17.1385043173
300	1600	0	-238.56	-10.8232936789	6.0064470746	-16.9909681934
400	1600	0	-236.64	-12.424516381	10.0928812395	-24.0989302353
500	1600	0	-236.64	-10.7769706896	9.1444314103	-21.6542698324
600	1600	0	-236.64	-20.4064029394	3.8078379608	-25.6386781728
700	1600	0	-232.69	-22.6213034382	12.0794629305	-36.2185830689
800	1600	0	-232.69	-22.7223162361	13.9093784076	-40.5520708161
900	1600	0	-228.26	-22.2362530915	11.4019258325	-50.2572591418
1000	1600	0	-228.26	-15.2792970097	18.3711258494	-56.4036908172
1100	1600	0	-228.26	-14.6915234163	20.3881048977	-58.5800262634
1200	1600	0	-225.23	-13.7658856399	18.2379484888	-64.9121384424
1300	1600	0	-225.23	-6.6990087216	21.075756711	-69.372754884
1400	1600	0	-225.23	-0.7325483726	22.9076433683	-69.786295366
1500	1600	0	-225.48	2.015385594	22.2212248307	-68.887088567
1600	1600	0	-225.48	5.7149500942	21.1699208024	-68.149780769
1700	1600	0	-225.48	12.5166200817	20.7940060196	-65.3730568957
1800	1600	0	-228.31	13.7499721014	20.2768702448	-58.5551469859
1900	1600	0	-228.31	11.8489833861	18.8476901226	-55.2638041928
2000	1600	0	-228.31	17.5196473446	18.0514614727	-52.4111844481
2100	1600	0	-231.84	17.7890259098	16.0895669635	-44.2514171643
2200	1600	0	-231.84	13.3923091638	16.8850434982	-41.853970308
2300	1600	0	-231.84	17.755331583	20.1477726683	-37.8379397632
2400	1600	0	-235.19	17.0219925099	12.9166726731	-28.9864625364
2500	1600	0	-235.19	15.5474055631	11.3443549301	-27.4709000713
2600	1600	0	-237.81	14.5685066928	15.7165967168	-20.7337439952
2700	1600	0	-237.81	6.8796587178	7.8290007257	-17.1673483533
2800	1600	0	-237.81	10.4752601555	6.7832117086	-21.2640241248
2900	1600	0	-239.81	12.3187648607	12.9591362815	-13.5849760656
3000	1600	0	-239.81	0	3.0573812922	-10.0019051421
0	1700	0	-239.04	0	6.3983469787	-15.2400664394
100	1700	0	-239.04	-0.3114832948	6.9192842799	-15.2103523481
200	1700	0	-239.04	-2.7213591134	6.3566193117	-13.9535730146
300	1700	0	-239.04	-9.1071664123	2.6140238136	-15.7136309082
400	1700	0	-237.48	-11.3980803005	9.1824200887	-20.6594912653
500	1700	0	-237.48	-16.2090776641	8.9534932626	-19.2162242055
600	1700	0	-234.1	-18.410695299	5.1314219625	-28.4312151181
700	1700	0	-234.1	-13.8401343029	13.6454102733	-33.018452039
800	1700	0	-234.1	-19.560651675	17.8152398273	-34.5302199323
900	1700	0	-230.24	-19.4330443661	20.1516168067	-44.5686947263
1000	1700	0	-230.24	-12.3824856194	23.1656567838	-49.0518180759
1100	1700	0	-230.24	-14.4357361562	24.0297363337	-50.9376736352
1200	1700	0	-227.19	-13.3249779158	24.9750981865	-57.7611326659
1300	1700	0	-227.19	-5.5424927977	26.5883516364	-61.2658296761
1400	1700	0	-227.19	-0.9078915199	26.7339113876	-61.0872965047
1500	1700	0	-227.24	1.055210939	25.6832053477	-60.5977705187
1600	1700	0	-227.24	4.801549506	25.0034066848	-60.3054977118
1700	1700	0	-227.24	11.3359674614	24.1614143281	-57.928904237
1800	1700	0	-229.75	12.8353156518	22.4375046698	-52.3421901127
1900	1700	0	-229.75	11.7456234844	23.30106905	-49.8910119029
2000	1700	0	-229.75	16.268705098	25.1976549407	-45.7287453491
2100	1700	0	-233	17.3630136994	19.4943507798	-38.2425330116
2200	1700	0	-233	17.0558977795	17.8977268304	-34.9592298835
2300	1700	0	-235.93	15.4292763623	20.18310881	-27.513888752
2400	1700	0	-235.93	9.9720663772	13.2982414452	-23.5764936885
2500	1700	0	-235.93	14.1209707659	10.4351167504	-24.2925953768
2600	1700	0	-238.36	12.9300942069	10.0831981784	-15.9896548215
2700	1700	0	-238.36	4.3501530592	7.4109928043	-14.2623361094
2800	1700	0	-238.36	11.1180096408	6.856799162	-18.3748367717
2900	1700	0	-240.18	10.6665312865	6.4044500087	-9.4618816849
3000	1700	0	-240.18	0	3.3623668734	-8.5732393856
0	1800	0	-239.61	0	6.8486002983	-13.2542083618
100	1800	0	-239.63	-0.6824621742	6.9116929052	-13.0790708174
200	1800	0	-239.63	-6.4014940022	6.4741324877	-12.2217494838
300	1800	0	-238.31	-7.9974928952	3.963893329	-17.5388439099
400	1800	0	-238.31	-6.085046932	9.3678518749	-18.3912196988
500	1800	0	-238.31	-14.8279688158	11.2109646167	-16.4163980354
600	1800	0	-235.42	-15.7144859287	13.4536881586	-25.5702580341
700	1800	0	-235.42	-9.9374855667	16.5167715327	-28.0008484638
800	1800	0	-235.42	-16.2161097027	18.6229495235	-28.306963866
900	1800	0	-232.14	-16.885836135	22.1727541899	-36.8325368855
1000	1800	0	-232.14	-11.4011774827	22.0384896337	-40.7734768252
1100	1800	0	-232.14	-12.8820820069	20.2661308282	-42.7461386431
1200	1800	0	-229.51	-11.2072703372	25.0729397873	-48.3229117697
1300	1800	0	-229.51	-4.9401955272	27.9373538569	-50.9897654116
1400	1800	0	-229.51	-1.637694668	27.5780405686	-51.1180102456
1500	1800	0	-229.3	0.2848808912	27.2192659804	-51.4630968812
1600	1800	0	-229.3	4.1931590746	28.1215880315	-51.574421763
1700	1800	0	-229.3	9.9507180667	28.3159613094	-49.0368344304
1800	1800	0	-231.41	12.8896268233	24.030495906	-44.1159080898
1900	1800	0	-231.41	14.609133657	22.7816847619	-40.4742185514
2000	1800	0	-234.1	13.7129290744	23.451610278	-33.9892048617
2100	1800	0	-234.1	10.4890977995	17.5765315841	-30.4342678479
2200	1800	0	-234.1	14.081067194	13.9485160288	-29.2049243109
2300	1800	0	-236.74	13.1558461978	12.1991707317	-21.9437993779
2400	1800	0	-236.74	7.2740004503	9.8928115077	-19.6321548053
2500	1800	0	-236.74	12.332362303	8.9596082655	-20.8658216513
2600	1800	0	-238.93	11.5443827467	6.6049573644	-13.2211385621
2700	1800	0	-238.93	3.6532597014	5.8025574115	-11.8878071525
2800	1800	0	-238.93	9.4687173599	6.0540764634	-15.8332583496
2900	1800	0	-240.34	8.8243325654	4.1234229487	-8.3422299114
3000	1800	0	-240.34	0	3.6734898824	-8.5705040302
0	1900	0	-240.1	0	6.2342556908	-11.6010338128
100	1900	0	-240.1	-0.6859511054	6.1590918145	-11.5397833709
200	1900	0	-240.1	-5.6691586896	6.4896002886	-11.2127329209
300	1900	0	-239.09	-6.2134470318	9.0814149288	-15.9835799449
400	1900	0	-239.09	-4.1510090195	10.6185804049	-15.9175301188
500	1900	0	-239.09	-12.1232413804	11.7602321309	-13.87606716
600	1900	0	-236.76	-13.104888383	14.2775065174	-21.3819004274
700	1900	0	-236.76	-8.670872938	13.0361451569	-23.2916626721
800	1900	0	-236.76	-13.9046690111	10.0108079279	-23.4586195969
900	1900	0	-234.06	-16.0175042626	17.0630618483	-30.3246299122
1000	1900	0	-234.06	-14.2891089811	19.5241364874	-35.1308003278
1100	1900	0	-231.76	-11.4012860026	18.8695197946	-39.2767263253
1200	1900	0	-231.76	-5.6537548871	23.1738732149	-41.1571226308
1300	1900	0	-231.76	-3.0373920164	25.4005206361	-41.3136385771
1400	1900	0	-231.3	-1.6259793964	24.8908917624	-42.0545111302
1500	1900	0	-231.3	1.5987584019	24.8169456513	-42.5676947827
1600	1900	0	-231.3	5.898244835	25.4884949727	-41.5522050818
1700	1900	0	-232.74	7.2448753292	25.0982807484	-38.2355235922
1800	1900	0	-232.74	7.301039111	20.805572109	-36.3792299203
1900	1900	0	-232.74	11.1667378631	17.5222848063	-34.7575573308
2000	1900	0	-235.02	11.0635519202	15.0040777731	-29.208705342
2100	1900	0	-235.02	7.8599194502	12.7381214519	-26.9351473683
2200	1900	0	-235.02	11.6785369271	11.0994238609	-26.4073466072
2300	1900	0	-237.26	11.3735718412	9.1342331259	-20.2241943825
2400	1900	0	-237.26	6.732503911	10.0408124642	-18.217384085
2500	1900	0	-237.26	10.8331166293	13.9794986378	-19.0087843196
2600	1900	0	-239.19	9.7730433462	7.1028836362	-12.726685778
2700	1900	0	-239.19	3.7992721515	6.1459194269	-11.8899997945
2800	1900	0	-239.19	9.4388751847	11.8873192183	-14.8337566577
2900	1900	0	-240.7	8.2859447055	4.5926309301	-8.0014469873
3000	1900	0	-240.7	0	4.0361476432	-12.3199113446
0	2000	0	-240.53	0	0	-10.72
100	2000	0	-240.53	-0.4271175764	0	-10.6728056221
200	2000	0	-240.53	-3.4791708879	0	-10.2497002134
300	2000	0	-239.92	-3.8685127856	0	-13.1208272073
400	2000	0	-239.92	-3.4062297299	0	-12.746441733
500	2000	0	-239.92	-11.1690427033	0	-10.7903726326
600	2000	0	-237.82	-14.4385729027	0	-17.8055852278
700	2000	0	-237.82	-14.2041841629	0	-21.7899135903
800	2000	0	-235.52	-12.1891930046	0	-25.6183334687
900	2000	0	-235.52	-7.3725075688	0	-26.3312064002
1000	2000	0	-235.52	-9.5947195364	0	-26.5272854244
1100	2000	0	-233.55	-9.2323452861	0	-31.034657347
1200	2000	0	-233.55	-4.676269489	0	-33.2763997945
1300	2000	0	-233.55	-3.223176973	0	-33.5800949758
1400	2000	0	-232.97	-2.2212696528	0	-34.7480929979
1500	2000	0	-232.97	0.8824841015	0	-35.523516111
1600	2000	0	-232.97	4.4744941717	0	-34.8755838876
1700	2000	0	-234.02	5.2677951963	0	-32.4122786309
1800	2000	0	-234.02	5.3136308812	0	-31.2619312697
1900	2000	0	-234.02	8.8076393211	0	-30.0507105024
2000	2000	0	-235.86	8.92876572	0	-25.5585696429
2100	2000	0	-235.86	6.5844438873	0	-23.7938719055
2200	2000	0	-235.86	10.477178868	0	-23.3570619014
2300	2000	0	-237.83	12.0972348011	0	-17.6626189461
2400	2000	0	-237.83	12.1192659622	0	-14.163355053
2500	2000	0	-239.58	9.3944334683	0	-10.8723966791
2600	2000	0	-239.58	3.7108035358	0	-10.7031409039
2700	2000	0	-239.58	8.4376952902	0	-13.1651965771
2800	2000	0	-240.97	7.9154288698	0	-6.9762307289
2900	2000	0	-240.97	0.9731609903	0	-6.3378319556
3000	2000	0	-240.97	0	0	-10.72

