0	0	0	-258.95	0	0	1.75875
100	0	0	-258.95	0.25470765895	0	1.54084001405
200	0	0	-258.95	2.103722968425	0	-1.448658162875
300	0	0	-260.4	2.714163903	0	0.007782473775
400	0	0	-260.4	2.949530486025	0	0.79628771375
500	0	0	-262.37	2.836734666125	0	2.716198078275
600	0	0	-262.37	1.890906396175	0	3.35744918395
700	0	0	-262.37	3.845059467425	0	4.099453750625
800	0	0	-265.49	4.08681063455	0	5.798861256
900	0	0	-265.49	3.046495150625	0	6.690368433425
1000	0	0	-265.49	4.712808637475	0	7.82756103975
1100	0	0	-269.42	4.935823715225	0	9.83452478065
1200	0	0	-269.42	4.0358165627	0	10.589514945625
1300	0	0	-269.42	5.65827521965	0	11.3262557712
1400	0	0	-274.24	5.26990230275	0	14.209030482275
1500	0	0	-274.24	1.855514734925	0	16.16330707975
1600	0	0	-274.24	-0.5003675106	0	16.8936168785
1700	0	0	-273.37	-0.998426725475	0	16.676969767175
1800	0	0	-273.37	-0.858415529025	0	16.47391032285
1900	0	0	-273.37	-1.4056075256	0	16.28597782865
2000	0	0	-272.42	-2.44610221945	0	15.558395243125
2100	0	0	-272.42	-4.131409427425	0	14.616166149525
2200	0	0	-269.29	-3.940246233425	0	13.1590408114
2300	0	0	-269.29	-2.7121996841	0	12.4159751138
2400	0	0	-269.29	-5.09933214835	0	11.398044698375
2500	0	0	-265.49	-4.907903790125	0	8.64550246675
2600	0	0	-265.49	-2.188843741525	0	7.755677334375
2700	0	0	-265.49	-5.6916265366	0	7.27622176495
2800	0	0	-261.72	-5.366140551675	0	5.101512072075
2900	0	0	-261.72	-0.6598508266	0	4.9410369467
3000	0	0	-261.72	0	0	7.15225
0	100	0	-260.91	0	4.9177966098	3.192984503375
100	100	0	-260.91	0.920426370675	4.963201831425	3.210281796225
200	100	0	-261.58	1.173725173725	5.446821804275	3.61557110595
300	100	0	-261.58	1.0342233096	3.766377179925	3.835274331825
400	100	0	-261.58	3.391944249525	3.85671371375	4.219845866375
500	100	0	-264.08	3.601055728475	5.310251064525	5.89192009865
600	100	0	-264.08	2.1576887566	5.8214817893	6.138872854325
700	100	0	-264.08	4.0256901224	5.79959971325	6.145833159375
800	100	0	-267.52	4.084090324	4.629370659825	8.3469411772
900	100	0	-267.52	2.1748042148	4.2643823191	9.0819367717
1000	100	0	-267.52	2.35772780575	4.452155070225	8.9753969897
1100	100	0	-268.84	2.880530237875	4.499040068925	9.831549543475
1200	100	0	-268.84	4.575619782525	5.4059065977	10.688079392675
1300	100	0	-268.84	8.56033727265	6.662966823675	13.00665833965
1400	100	0	-277.07	8.164464223325	5.579018375325	17.93803127
1500	100	0	-277.07	3.095324613275	5.179443433625	20.4525513535
1600	100	0	-277.07	-0.427863294775	6.2839201711	20.483806485
1700	100	0	-275.88	-1.64570525165	7.26751822375	19.58272346825
1800	100	0	-275.88	-1.997360324375	7.318694222375	18.711027422
1900	100	0	-274.43	-1.8991388989	6.9072352344	17.73284867775
2000	100	0	-274.43	-2.1065107597	7.1501460727	17.10651291275
2100	100	0	-274.43	-4.008968883825	7.13044201255	16.23156829445
2200	100	0	-271.24	-4.114751274375	6.587233171	14.43530859235
2300	100	0	-271.24	-3.351212828975	6.20443176305	13.843197785775
2400	100	0	-271.24	-7.081894243025	6.095980794325	13.268288333075
2500	100	0	-265.43	-6.772111374725	7.41114478375	8.7066321043
2600	100	0	-265.43	-1.984745155675	7.6776204634	7.62805462385
2700	100	0	-265.43	-1.34929120825	6.855147744325	9.23883785745
2800	100	0	-265.43	-1.145417234875	6.0804991998	8.8685633792
2900	100	0	-265.43	-0.613667517225	5.69256573925	8.93668699265
3000	100	0	-265.43	0	0.9164527464	11.129818687275
0	200	0	-261.93	0	3.07832912695	4.253625253025
100	200	0	-261.93	0.783732853425	3.05802628445	4.2022647364
200	200	0	-262.49	0.906898316925	2.547450407625	4.86968489135
300	200	0	-262.49	1.124055812475	2.4157393035	4.83986416955
400	200	0	-262.49	4.49340436895	2.76604249545	4.773389903475
500	200	0	-266.27	4.801502741675	2.671606703975	7.8736547986
600	200	0	-266.27	2.380255046575	3.42327296545	8.59946649205
700	200	0	-266.27	2.65294833795	5.137519624125	8.4244777513
800	200	0	-267.66	2.5515932404	3.8623493484	9.370850726225
900	200	0	-267.66	2.869279561025	4.183848773025	9.805797463675
1000	200	0	-267.66	4.947466388975	6.400503268175	10.577461319
1100	200	0	-272.09	5.889575241025	7.2333302041	13.0730795367
1200	200	0	-272.09	6.19974331745	8.113669838275	15.29503261295
1300	200	0	-276.33	5.831386997275	8.297019338175	17.81315862975
1400	200	0	-276.33	3.786378911025	4.842518336025	19.7090872605
1500	200	0	-276.33	2.560416532375	3.32946415495	20.743307602
1600	200	0	-278.12	1.5877072812	4.549653157	21.58803866075
1700	200	0	-278.12	0.036347324125	6.027236221525	21.7584090245
1800	200	0	-278.12	-1.218698518375	6.833717492825	21.26314219375
1900	200	0	-276.94	-1.5741556736	7.45186540055	20.428273133
2000	200	0	-276.94	-2.2228954413	7.5978691239	20.07822558625
2100	200	0	-276.94	-4.6943223308	7.317072785525	19.3812549875
2200	200	0	-272.87	-4.866256482925	7.166945242325	16.76476932925
2300	200	0	-272.87	-3.203452060775	6.197824197925	15.764691576375
2400	200	0	-272.87	-3.89261912765	4.40715303115	15.76368363005
2500	200	0	-270.98	-3.32626412105	7.803031644625	13.9980513465
2600	200	0	-270.98	-2.74484078095	8.08493519485	13.63691193635
2700	200	0	-270.98	-7.2887478002	3.8274655371	13.9540592939
2800	200	0	-265.02	-6.528722555075	2.571169037425	8.94850399035
2900	200	0	-265.02	-5.82389728	2.03670900395	8.532713717025
3000	200	0	-261.51	0	-3.394249012675	6.400944995825
0	300	0	-262.72	0	2.239756689775	5.2973890628
100	300	0	-262.72	0.38954765135	2.2050766841	5.268335231375
200	300	0	-262.94	0.53143819445	1.574165631475	5.594133310675
300	300	0	-262.94	1.252815397425	1.80028496495	5.5107647199
400	300	0	-262.94	3.64781165	2.9154595472	5.4889358921
500	300	0	-265.41	4.258286198475	0.581026685025	7.725507130525
600	300	0	-265.41	4.623601678425	0.75705673475	8.863436767
700	300	0	-269.14	4.46476650535	3.039040449225	10.42058309365
800	300	0	-269.14	3.130419471225	3.118780552825	11.259015762125
900	300	0	-269.14	4.712958134575	3.9522769226	12.137322252825
1000	300	0	-273.44	5.4072092385	5.561019069875	14.224988240775
1100	300	0	-273.44	4.593696807975	4.7680414124	15.87472585895
1200	300	0	-273.44	5.639308914925	4.519177716225	17.37451596125
1300	300	0	-277.87	5.2891857704	4.32376263355	19.637167082
1400	300	0	-277.87	3.196909041775	3.80581827595	20.841918537
1500	300	0	-277.87	2.80245943425	3.9407769287	21.51348307075
1600	300	0	-280.01	2.2699087718	4.38084359175	22.75052335
1700	300	0	-280.01	0.638359084175	4.694490351725	23.37200230175
1800	300	0	-280.01	-0.57273114535	5.01014245855	23.2622015795
1900	300	0	-279.47	-1.134987267825	5.518848341925	22.84310138725
2000	300	0	-279.47	-2.241303374725	5.194349104525	22.57371522425
2100	300	0	-279.47	-4.439892767075	4.4532478754	21.769081019
2200	300	0	-275.98	-5.233999861975	5.818009097225	19.40392381775
2300	300	0	-275.98	-6.111005041825	5.44464688545	17.67908080925
2400	300	0	-271.37	-5.476686796325	2.629649317425	15.46656965105
2500	300	0	-271.37	-3.09432920935	3.24194027945	14.402326701675
2600	300	0	-271.37	-5.9603112632	2.585859025275	13.9574485827
2700	300	0	-266.61	-6.86305736735	-0.85530381285	11.278010737825
2800	300	0	-266.61	-2.93617376635	3.303771971475	9.7143500397
2900	300	0	-266.61	-6.579085567325	2.88805689225	11.569448121725
3000	300	0	-262.83	0	2.20968743985	6.46087138205
0	400	0	-263.3	0	1.6300459547	5.952117784625
100	400	0	-263.37	0.118141795125	1.3117747894	6.044304166675
200	400	0	-263.37	0.502106597775	0.97814547205	6.082088799925
300	400	0	-263.37	2.465349726525	1.2559600039	5.880704889925
400	400	0	-265.6	3.2741460907	2.468599032225	7.006049918075
500	400	0	-265.6	2.6430999309	0.70034963655	7.872109033225
600	400	0	-265.6	4.838268810775	0.43331844315	8.59215480215
700	400	0	-269.37	5.014672156025	0.941382294	10.6762610734
800	400	0	-269.37	3.464829713775	1.2883958295	11.410857366325
900	400	0	-269.37	5.311518078075	2.050055060575	12.142693193925
1000	400	0	-273.69	5.763230878775	2.31388886825	14.8189847724
1100	400	0	-273.69	4.847733887375	2.809931366375	16.33402325395
1200	400	0	-273.69	5.755464536925	3.951824275625	17.57909044475
1300	400	0	-278.55	5.118027557	3.061759043725	19.8851449695
1400	400	0	-278.55	3.40339320785	2.730636122675	21.2269249585
1500	400	0	-278.55	3.135441848175	3.348471862325	22.15548899675
1600	400	0	-281.17	2.341420704225	3.051867018	23.4962830305
1700	400	0	-281.17	0.665646190925	2.7025682398	24.1007025595
1800	400	0	-280.88	-0.39434052985	2.72512184345	24.00952733475
1900	400	0	-280.88	-1.389949027625	2.897391491375	23.74706264025
2000	400	0	-280.88	-3.288495907825	2.37129328905	23.12593297625
2100	400	0	-277.67	-4.0706623381	1.5871918636	21.5869550865
2200	400	0	-277.67	-3.87485747455	2.957080937125	20.3039992215
2300	400	0	-277.67	-6.391811840575	3.40077847925	19.1460205335
2400	400	0	-272.85	-6.09532573365	2.84020490265	16.22773523115
2500	400	0	-272.85	-3.3700544132	2.576581059575	15.388865471425
2600	400	0	-272.85	-6.84208487325	1.31170576935	15.5372466077
2700	400	0	-268.07	-6.570834854	1.382504868675	11.2507543824
2800	400	0	-268.07	-2.785361849975	2.29525784995	10.4412133953
2900	400	0	-268.07	-6.917981811625	-0.90365518695	12.188561089075
3000	400	0	-263.44	0	2.9545592866	7.010812083775
0	500	0	-263.52	0	1.4243217981	6.314464762575
100	500	0	-263.48	-0.262352829625	0.7059387665	6.3764174499
200	500	0	-263.48	0.475623407275	0.59695409755	6.232805246325
300	500	0	-263.48	2.7432689576	0.719600711375	5.320159929025
400	500	0	-265.42	3.09220128265	0.903163880975	7.0679766429
500	500	0	-265.42	2.2230056094	0.614757620625	7.46359780405
600	500	0	-265.42	4.864634335875	1.068104943275	7.736575580775
700	500	0	-269.31	5.3198438917	0.699797018875	10.40568824995
800	500	0	-269.31	4.2390922378	1.35742074035	11.6568779309
900	500	0	-269.31	5.738451173325	2.866752106625	12.991921778425
1000	500	0	-273.84	6.1670855443	1.935963993325	15.684974467175
1100	500	0	-273.84	6.23163221535	2.052640804975	17.42250982
1200	500	0	-278.69	5.891136592275	3.12557598595	18.99172888
1300	500	0	-278.69	4.067997619125	2.02929839525	20.355122064
1400	500	0	-278.69	3.483621860375	1.622513307175	21.40162298625
1500	500	0	-281.46	3.123690329575	2.13950225985	22.88923132275
1600	500	0	-281.46	1.624005149275	1.61057544985	23.95418443025
1700	500	0	-281.46	0.311613909625	1.1971597185	24.21382219375
1800	500	0	-281.26	-0.377907893775	1.233385755875	24.09666961175
1900	500	0	-281.26	-1.48881582055	1.1870858866	23.96689985775
2000	500	0	-281.26	-3.5515030025	0.88092148395	23.322570087
2100	500	0	-278.2	-3.854105117325	0.99911660605	21.45035037775
2200	500	0	-278.2	-3.420413248	1.34267774545	20.67298468675
2300	500	0	-278.2	-6.227881074625	1.183672901575	20.19141150025
2400	500	0	-273.02	-6.300884216	2.130229468225	16.87649672025
2500	500	0	-273.02	-4.622828344325	1.543147455525	15.5685435874
2600	500	0	-273.02	-7.1543874541	-1.622976726075	14.712912059125
2700	500	0	-268.21	-5.879505285075	1.002755468175	10.72622906705
2800	500	0	-268.21	-5.222333821975	1.317396941975	9.985718084475
2900	500	0	-264.86	-5.919784130675	-2.41477355545	9.543782365975
3000	500	0	-264.86	0	2.408367663675	7.76113581935
0	600	0	-264.35	0	0.81020644115	6.6607416314
100	600	0	-263.52	-0.709225905425	0.64845558385	6.11166617605
200	600	0	-263.52	0.51576854265	0.685118993875	5.9733804641
300	600	0	-263.52	2.77155950995	1.015167646975	5.4933611885
400	600	0	-265.76	3.16930299995	0.42697744925	7.46974079285
500	600	0	-265.76	2.808040991525	0.824644835625	7.893825488625
600	600	0	-265.76	4.923308209025	2.347637449975	8.26781048885
700	600	0	-269.46	5.303987954775	0.934483784725	10.635389329725
800	600	0	-269.46	5.6317848032	1.06806963595	12.2148355729
900	600	0	-274.1	5.890061332725	2.33856849915	14.3072118853
1000	600	0	-274.1	4.949119577125	1.102660514875	15.99997113645
1100	600	0	-274.1	6.037345878325	0.54403594985	17.34775981275
1200	600	0	-278.86	5.7321221272	0.611839023575	19.481050449
1300	600	0	-278.86	3.614964878225	0.177753008325	20.581959274
1400	600	0	-278.86	3.513597074125	0.0986135279	21.23765402025
1500	600	0	-281.61	3.12350399085	0.275871091325	22.808197754
1600	600	0	-281.61	1.3990781612	0.117663351475	23.7093363975
1700	600	0	-281.61	0.28845649695	0.071560564375	23.8085126785
1800	600	0	-281.74	-0.40441436175	0.105786006875	23.74031172025
1900	600	0	-281.74	-1.74241329955	-0.258373746525	23.56085600575
2000	600	0	-281.74	-3.4764651867	-0.746289836425	22.7509660525
2100	600	0	-278.63	-3.6089060766	0.104105616725	21.0304077275
2200	600	0	-278.63	-3.690301179025	-0.050685478225	20.2658553845
2300	600	0	-278.63	-5.6042601178	-1.284040744075	19.50664466675
2400	600	0	-274.96	-5.7358511797	0.7199214454	16.849263515
2500	600	0	-274.96	-7.1232606075	0.6995930156	15.284744546875
2600	600	0	-269.05	-7.3824768606	-2.03773933665	12.561529851725
2700	600	0	-269.05	-3.63046118595	0.81485188615	10.640098163425
2800	600	0	-269.05	-6.2028908736	1.0848707067	10.7365128736
2900	600	0	-264.99	-5.827011089925	-0.304524016525	8.238038980225
3000	600	0	-264.99	0	1.332252148475	7.771874282875
0	700	0	-264.24	0	-0.223463661175	6.4127049313
100	700	0	-264.04	-0.387440278575	0.3468859876	5.996723021225
200	700	0	-264.04	0.8423354704	0.514311066525	5.931770785775
300	700	0	-264.04	2.485127412975	1.29263141875	6.164995578125
400	700	0	-265.67	2.9016784713	-0.0790054218	7.683852510275
500	700	0	-265.67	4.143665610125	0.17965935095	8.2806126981
600	700	0	-269.33	4.974473284975	1.629204696	9.5633172595
700	700	0	-269.33	4.040276077675	0.164744472575	10.819692608125
800	700	0	-269.33	5.6431769539	-0.215382144625	11.88675008345
900	700	0	-273.73	5.773042050575	-0.00178341605	14.242725569525
1000	700	0	-273.73	4.372552993325	-0.2823599827	15.374400921825
1100	700	0	-273.73	5.740810725725	-0.185062308	16.321008874125
1200	700	0	-278.5	5.52485365075	-0.701922412975	18.824465725
1300	700	0	-278.5	3.55477212345	-0.928719751275	20.087544901
1400	700	0	-278.5	3.581739943375	-0.700782900425	20.70914083475
1500	700	0	-281.37	3.142740151475	-0.8277951438	22.25407829075
1600	700	0	-281.37	1.419694622325	-0.946439187675	23.0541050735
1700	700	0	-281.37	0.2997365667	-0.8471044299	23.0246274185
1800	700	0	-281.51	-0.70784220635	-0.8623868686	22.87617104625
1900	700	0	-281.51	-2.34089166385	-1.22654750975	22.41692855775
2000	700	0	-278.97	-3.18902363925	-1.55838058055	21.27015515075
2100	700	0	-278.97	-3.1585007608	-0.589899364375	20.21651288275
2200	700	0	-278.97	-4.8085596088	-0.7514377764	19.44513491475
2300	700	0	-274.42	-5.457274151	-2.0382048024	17.5114059225
2400	700	0	-274.42	-4.31725045465	-0.455160464925	15.94870025075
2500	700	0	-274.42	-7.380489126375	-0.0753224653	15.060621677725
2600	700	0	-269.34	-7.03912858355	-0.499695291225	11.6045293301
2700	700	0	-269.34	-2.756895241725	0.470176927025	10.738503786975
2800	700	0	-269.34	-6.34170972465	-0.553668625275	11.91049314145
2900	700	0	-265.49	-5.6724026889	0.276635879575	7.8426352994
3000	700	0	-265.49	0	0.63112833195	7.544289587375
0	800	0	-263.84	0	-0.60859832905	6.147540238975
100	800	0	-263.84	0.028548822275	-0.1845545485	6.0020180463
200	800	0	-263.84	1.4615139738	-0.0609438566	5.87098234405
300	800	0	-265.37	2.1782430233	0.4643368871	6.70931469175
400	800	0	-265.37	2.05633093215	-0.755054253825	7.334286341775
500	800	0	-265.37	4.516251109325	-0.7963054721	7.60825590945
600	800	0	-269.07	4.908393328975	-0.579832205675	9.5337883227
700	800	0	-269.07	3.45940111415	-1.006614329825	10.22879856175
800	800	0	-269.07	5.4652569129	-0.750798889525	10.800266737
900	800	0	-273.4	5.82308349465	-1.18852991415	13.408741964025
1000	800	0	-273.4	4.76584068685	-0.835785381225	14.7577228333
1100	800	0	-273.4	5.617783449725	0.088370010125	15.90362667075
1200	800	0	-278.01	4.98846468225	-1.02231735265	18.18626273575
1300	800	0	-278.01	3.616104390775	-1.361689539825	19.43601095525
1400	800	0	-278.01	3.614521679925	-0.819323843025	20.2510410815
1500	800	0	-280.94	2.877847701925	-1.3614318863	21.6027572375
1600	800	0	-280.94	1.3797688751	-1.75639305055	22.19294675375
1700	800	0	-281.25	0.372508816025	-1.663609214425	22.070321327
1800	800	0	-281.25	-0.783857439925	-1.624669635175	21.90411129475
1900	800	0	-281.25	-2.4384070115	-1.661998031925	21.428723967
2000	800	0	-278.98	-2.839817041325	-1.48882541495	20.2391231885
2100	800	0	-278.98	-2.80196327245	-0.98287624825	19.6719819905
2200	800	0	-278.98	-5.13860661705	-0.988627201625	19.126277543
2300	800	0	-274.76	-5.307982806325	-1.167857367325	16.493711092475
2400	800	0	-274.76	-3.772968844275	-0.76290781795	15.4868964963
2500	800	0	-274.76	-7.1677954338	-1.30225212295	15.38294821735
2600	800	0	-269.76	-6.8369774666	-0.382478308825	11.3905083759
2700	800	0	-269.76	-3.684434518325	-0.443669150875	10.454134256525
2800	800	0	-269.76	-6.396431922725	-3.443918300225	11.015488855475
2900	800	0	-265.49	-4.642214134375	-0.343867806775	7.2046888498
3000	800	0	-265.49	0	-0.08468126315	7.141671505675
0	900	0	-263.86	0	-0.7577714137	5.959492538275
100	900	0	-263.86	0.160214193875	-0.62319263755	5.9064807698
200	900	0	-263.86	1.491226906	-0.6085488596	5.554495601475
300	900	0	-264.89	1.79101701575	-0.798612625475	6.59466370885
400	900	0	-264.89	1.6410361121	-1.180923466125	6.687037752875
500	900	0	-264.89	4.31888765995	-0.7978725485	6.410576651175
600	900	0	-268.08	4.76416442725	-1.51303061215	8.651011942075
700	900	0	-268.08	3.869309393825	-1.2640710574	9.490013187625
800	900	0	-268.08	5.461261369575	-0.1490046835	10.290765530125
900	900	0	-272.43	5.68805556055	-1.407093717925	12.692697694725
1000	900	0	-272.43	5.649452919275	-1.476452771175	14.36828915565
1100	900	0	-276.92	5.554278752625	-0.643493029525	16.209013466375
1200	900	0	-276.92	4.074794099125	-1.73953316385	17.8198155655
1300	900	0	-276.92	3.757765633075	-2.051300918875	18.78196837875
1400	900	0	-280.05	3.5819975969	-1.5155533732	19.819076236
1500	900	0	-280.05	2.20567094395	-2.081147593125	20.69811631975
1600	900	0	-280.05	1.1175172942	-2.473349630375	20.95818660175
1700	900	0	-280.54	0.431459982075	-2.4050537281	20.94289616325
1800	900	0	-280.54	-0.706231022175	-2.405706303075	20.94390253675
1900	900	0	-280.54	-2.205047443625	-2.391506078525	20.64601248
2000	900	0	-278.66	-2.50990185725	-1.956767677575	19.56028932225
2100	900	0	-278.66	-2.658302547475	-1.855415322	19.0530022895
2200	900	0	-278.66	-4.9935407262	-2.1351287109	18.38762714875
2300	900	0	-274.85	-5.231554767325	-1.55238821445	15.615643701325
2400	900	0	-274.85	-4.451645210275	-1.868200514925	14.574058404925
2500	900	0	-274.85	-7.00005961725	-3.62241624135	14.19906957385
2600	900	0	-269.37	-6.180545611475	-1.084390271475	10.657007867975
2700	900	0	-269.37	-5.818335233125	-0.889047101575	9.638807192975
2800	900	0	-265.34	-6.24190838055	-4.0394867222	8.3005204684
2900	900	0	-265.34	-2.313165651825	-0.72978725235	6.566167290625
3000	900	0	-265.34	0	-0.504669920625	7.513003320975
0	1000	0	-263.54	0	-1.0039932379	5.419226232875
100	1000	0	-263.54	0.177771376375	-0.976647280025	5.39441835895
200	1000	0	-263.54	1.286093985875	-0.944019965075	5.152911343175
300	1000	0	-264.36	1.6058684151	-1.413531888625	6.1430345677
400	1000	0	-264.36	2.057071009125	-1.187831893075	6.218943492375
500	1000	0	-264.36	4.184143964975	0.0022734239	6.20560072545
600	1000	0	-267.56	4.44219482175	-1.50691455065	8.17559231865
700	1000	0	-267.56	4.823427041125	-1.510428099325	9.229606210525
800	1000	0	-271.65	5.3222342507	-0.5576845768	10.68514890815
900	1000	0	-271.65	4.495635406975	-1.9867757632	12.14858462955
1000	1000	0	-271.65	5.52944137525	-2.5986697854	13.4226933154
1100	1000	0	-276.05	5.354703055375	-2.50574797785	15.603294000025
1200	1000	0	-276.05	3.580656794575	-2.998471875525	16.823249358
1300	1000	0	-276.05	3.840084181425	-3.06491383755	17.52697127875
1400	1000	0	-279.17	3.584675004	-2.84276339815	18.76291307625
1500	1000	0	-279.17	1.92005144475	-3.01161093565	19.44656590075
1600	1000	0	-279.17	1.055862740125	-3.0062021027	19.55964917075
1700	1000	0	-279.81	0.440152143325	-2.9569149329	19.72831088375
1800	1000	0	-279.81	-0.77030979035	-3.144461850475	19.76053101625
1900	1000	0	-279.81	-1.989468386	-3.319961392525	19.3461919445
2000	1000	0	-278.04	-2.303726283125	-2.767957792625	18.40598565125
2100	1000	0	-278.04	-2.980324305775	-2.9608063599	17.86566947775
2200	1000	0	-278.04	-4.8355795095	-3.7536078191	16.93968147225
2300	1000	0	-274.11	-5.041054608675	-2.411824545425	14.577829704275
2400	1000	0	-274.11	-5.842996871175	-2.428346159175	13.291152920575
2500	1000	0	-269.52	-6.38398519035	-4.019488181975	11.62041930135
2600	1000	0	-269.52	-4.103608326825	-1.264211440825	9.811724665575
2700	1000	0	-269.52	-6.639530970725	-0.700555659875	9.598721625625
2800	1000	0	-264.94	-6.2371720735	-2.0046518791	6.700367573725
2900	1000	0	-264.94	-1.107397331125	-0.5999946346	6.12463511145
3000	1000	0	-264.94	0	-0.763892076425	8.726456692425
0	1100	0	-263.07	0	-1.0198161857	4.8747868174
100	1100	0	-263.07	0.2201874667	-1.012148513075	4.86785613975
200	1100	0	-263.07	1.0543422974	-0.994867816125	4.84028520425
300	1100	0	-263.96	1.547205086075	-1.7304780971	5.608432437275
400	1100	0	-263.96	3.0568414263	-1.492094534225	5.86631734175
500	1100	0	-266.86	3.99980500405	-0.423138206875	6.75470741285
600	1100	0	-266.86	3.251462904025	-1.959767907425	7.752680879975
700	1100	0	-266.86	4.818539366	-2.4233116502	8.37464964695
800	1100	0	-270.69	4.9849137057	-2.3837403782	10.14874831515
900	1100	0	-270.69	3.647070350275	-3.11758389765	10.971118983175
1000	1100	0	-270.69	5.130480704625	-3.516032916075	11.714956560975
1100	1100	0	-274.89	5.154476664175	-3.80489072125	14.08036067565
1200	1100	0	-274.89	3.515628239425	-3.83330132085	15.233924256275
1300	1100	0	-274.89	3.91347411045	-3.554161500525	15.787012844125
1400	1100	0	-278.01	3.6353004988	-3.6761512966	17.2647235135
1500	1100	0	-278.01	2.042232241075	-3.6846402368	18.07930822375
1600	1100	0	-278.01	1.17221329695	-3.380418061975	18.2488721085
1700	1100	0	-278.91	0.293200232625	-3.4292230847	18.4548263565
1800	1100	0	-278.91	-1.0692774818	-3.711423086475	18.3165074695
1900	1100	0	-277.48	-1.828543385775	-3.889599184725	17.6571231505
2000	1100	0	-277.48	-2.15074682295	-3.3926901354	17.0337302265
2100	1100	0	-277.48	-3.64395257395	-3.55918584895	16.47765887235
2200	1100	0	-273.86	-4.4445589134	-4.185761874275	15.003397875525
2300	1100	0	-273.86	-3.9062931074	-2.7642562989	13.6035203926
2400	1100	0	-273.86	-6.059308846825	-2.367661753375	12.7358182867
2500	1100	0	-269.45	-5.8359248989	-2.6519664027	10.222799718425
2600	1100	0	-269.45	-2.86161309105	-1.3763728662	9.49581321515
2700	1100	0	-269.45	-6.5587756714	-1.187992073325	10.4359316379
2800	1100	0	-265.26	-6.1413473536	-1.084506710775	6.3298543661
2900	1100	0	-265.26	-1.07240584915	-0.82038122865	5.899323526625
3000	1100	0	-265.26	0	-2.136692985025	9.03399532705
0	1200	0	-262.91	0	-1.04473086265	4.60311626595
100	1200	0	-262.91	0.20271974595	-1.056393286325	4.597549391725
200	1200	0	-263.29	0.56776440185	-1.289961852325	4.6003865352
300	1200	0	-263.29	1.108641697	-2.014455746225	4.860294196475
400	1200	0	-263.29	3.364410897675	-1.988618506075	4.957925769025
500	1200	0	-265.8	3.716470591775	-1.883651549075	6.445087533775
600	1200	0	-265.8	2.442021378425	-2.620862183675	6.8027382489
700	1200	0	-265.8	4.39945457035	-2.939439220725	6.81127623645
800	1200	0	-269.34	4.62796200325	-3.3454263723	8.84991997595
900	1200	0	-269.34	3.3633428691	-3.484478184025	9.5819837007
1000	1200	0	-269.34	4.84213455165	-3.4338748277	10.018602545425
1100	1200	0	-273.37	5.0374346506	-4.053365710225	12.29965105715
1200	1200	0	-273.37	3.8313860153	-3.9169624688	13.578680402225
1300	1200	0	-273.37	3.99723420735	-3.299354145575	14.3686102364
1400	1200	0	-276.72	3.454196267725	-3.962780125675	15.85226596485
1500	1200	0	-276.72	2.215784679375	-4.295659431625	16.73087735915
1600	1200	0	-277.8	1.3112798939	-4.0196251819	17.078262547
1700	1200	0	-277.8	0.109147118825	-4.07181638295	17.220581602
1800	1200	0	-277.8	-1.23068589205	-4.1790877949	16.9355625635
1900	1200	0	-276.42	-1.67073543325	-4.091366954475	16.2183049778
2000	1200	0	-276.42	-1.97331294735	-3.8096943767	15.912479841375
2100	1200	0	-276.42	-3.77339604465	-3.819613956175	15.55552541035
2200	1200	0	-273.45	-4.040649957775	-3.860227847	13.737013847475
2300	1200	0	-273.45	-3.222954487775	-3.3626054805	12.919489897475
2400	1200	0	-273.45	-5.7307069733	-3.495944815275	12.62099653085
2500	1200	0	-269.09	-5.392696303175	-2.57026982205	9.6612281182
2600	1200	0	-269.09	-2.639633999125	-2.162736642125	9.087724742575
2700	1200	0	-269.09	-6.3476648153	-2.824746433175	10.3670226739
2800	1200	0	-264.64	-5.86956122715	-1.38668014955	5.948749178725
2900	1200	0	-264.64	-2.159583605375	-1.337070296025	5.452741086775
3000	1200	0	-264.64	0	-4.541516970125	7.57599053855
0	1300	0	-262.68	0	-1.451201372325	4.293913609275
100	1300	0	-262.68	-0.025043522975	-1.4591677946	4.2583657995
200	1300	0	-262.39	0.0962798375	-1.626706947725	4.1191978349
300	1300	0	-262.39	0.848548434	-1.861256125725	4.033969250425
400	1300	0	-262.39	3.18764562345	-1.660614398175	3.740671852725
500	1300	0	-265.11	3.36756132645	-2.5436755355	5.55287917455
600	1300	0	-265.11	2.1956752307	-2.8113315642	5.8127747641
700	1300	0	-265.11	4.09397517905	-2.6408171069	5.6148053617
800	1300	0	-268.18	4.4398747424	-3.209502040175	7.679732395525
900	1300	0	-268.18	3.558621894875	-2.985967230025	8.54864979935
1000	1300	0	-268.18	4.56159317675	-2.409324544275	9.076483365325
1100	1300	0	-271.84	4.671389023075	-3.64479545405	10.93014520855
1200	1300	0	-271.84	4.269639804075	-4.00246421395	12.28392361115
1300	1300	0	-275.06	3.867656453575	-3.6406207209	13.5109135956
1400	1300	0	-275.06	2.638995214425	-4.466317369425	14.5663381105
1500	1300	0	-275.06	1.98538718485	-4.947825210825	15.17735197045
1600	1300	0	-276.34	1.396056345625	-4.8193484781	15.64597007715
1700	1300	0	-276.34	0.13373761795	-4.772774448175	15.810694791425
1800	1300	0	-276.34	-1.088828053325	-4.67791170255	15.5310408399
1900	1300	0	-275.31	-1.4591499659	-4.417209634	14.905380125025
2000	1300	0	-275.31	-1.87899382465	-4.375189992725	14.7222365379
2100	1300	0	-275.31	-3.69448604425	-4.50147912185	14.418076596025
2200	1300	0	-272.19	-3.987550437725	-4.0867522608	12.517820093575
2300	1300	0	-272.19	-3.542010075675	-4.316321186425	11.699984211675
2400	1300	0	-272.19	-5.2669731867	-5.3930046422	11.3013971498
2500	1300	0	-268.22	-4.50271672575	-3.3123042925	8.7883087357
2600	1300	0	-268.22	-3.116089702175	-3.0542850882	8.21409851175
2700	1300	0	-268.22	-5.782719178825	-4.997014245725	8.8041817459
2800	1300	0	-264.35	-4.65367121645	-1.77654526365	5.4100657433
2900	1300	0	-264.35	-4.227242669725	-1.48104225275	5.071962639975
3000	1300	0	-261.22	0	-4.438332236575	4.905649933575
0	1400	0	-261.99	0	-1.814261102975	3.733007665775
100	1400	0	-261.99	0.02721417055	-1.7993742708	3.641194349775
200	1400	0	-262.1	0.165676070725	-1.7283489376	3.61842515855
300	1400	0	-262.1	1.074734248225	-1.546428757075	3.54290024605
400	1400	0	-262.1	2.6819914879	-0.706558685675	3.400078746325
500	1400	0	-263.85	2.56575342575	-2.26902976195	4.75768507835
600	1400	0	-263.85	2.344879807025	-2.335428579325	4.952801485075
700	1400	0	-263.85	4.001284094375	-1.56251044045	4.98950128615
800	1400	0	-267.22	4.282811880125	-2.8370168718	6.784967220825
900	1400	0	-267.22	4.163520366675	-3.01937628255	7.9023052515
1000	1400	0	-270.4	4.183306327625	-2.55358358595	9.0049670243
1100	1400	0	-270.4	3.44429497925	-3.781926874925	10.048133629575
1200	1400	0	-270.4	3.83556074845	-4.47969152585	10.8721155806
1300	1400	0	-273.3	3.533381051875	-4.614071782675	12.150109360275
1400	1400	0	-273.3	2.146991776125	-5.03716215155	12.9365851468
1500	1400	0	-273.3	1.862753569025	-5.2421673412	13.403849647475
1600	1400	0	-274.75	1.48633065655	-5.20417453895	14.0279298022
1700	1400	0	-274.75	0.250583894375	-5.171905635475	14.273767540525
1800	1400	0	-274.75	-0.875121077875	-5.045645301275	14.004033402975
1900	1400	0	-273.86	-1.368013723425	-4.766772846125	13.4220084347
2000	1400	0	-273.86	-2.0575824352	-5.022464674775	13.114756550025
2100	1400	0	-273.86	-3.484958312725	-5.520331949725	12.58041161585
2200	1400	0	-271.09	-3.855492024025	-4.448654494425	10.956779206
2300	1400	0	-271.09	-4.529206869175	-4.367386418975	9.97828712285
2400	1400	0	-267.5	-4.726690079375	-5.292193582975	8.878927888925
2500	1400	0	-267.5	-3.053976749175	-3.31754794365	7.637546770125
2600	1400	0	-267.5	-4.32434395235	-3.089274523325	7.1372281645
2700	1400	0	-263.96	-5.06992499075	-4.871508676575	5.9854509898
2800	1400	0	-263.96	-2.353589234175	-1.883650279425	4.62932661905
2900	1400	0	-263.96	-4.821370579975	-1.589743985725	5.204936893425
3000	1400	0	-261.07	0	-2.274553870075	3.514253113
0	1500	0	-261.46	0	-1.807664966375	3.137279068575
100	1500	0	-261.46	0.0608686424	-1.7953246367	2.9832327808
200	1500	0	-261.48	0.349225351225	-1.792791190825	3.0052283649
300	1500	0	-261.48	1.870338685925	-1.608226843575	3.114385751475
400	1500	0	-263.26	2.465044618575	-0.8976361917	3.818341907575
500	1500	0	-263.26	1.7386914328	-2.112735924	4.352448484225
600	1500	0	-263.26	2.902194553875	-2.13273185625	4.394020470025
700	1500	0	-265.94	3.592386886575	-1.5676520171	5.06369360885
800	1500	0	-265.94	2.9830089003	-2.988767953975	5.92441721585
900	1500	0	-265.94	3.842055180725	-3.6015634863	6.66269223925
1000	1500	0	-268.95	3.799042584375	-3.75145327665	8.0883810618
1100	1500	0	-268.95	2.7452810815	-4.3371359709	8.700306418225
1200	1500	0	-268.95	3.437494896325	-4.742975970375	9.059775742825
1300	1500	0	-271.8	3.310185827875	-5.038057246425	10.466011071825
1400	1500	0	-271.8	2.0108996559	-5.1852425801	11.28864055415
1500	1500	0	-271.8	1.818374795775	-5.2014387782	11.70555844585
1600	1500	0	-273.25	1.46631805135	-5.358367539975	12.443954472925
1700	1500	0	-273.25	0.2922668573	-5.513130762925	12.711385100225
1800	1500	0	-273.25	-0.683695263975	-5.50749194745	12.366755525225
1900	1500	0	-272.75	-1.4359693394	-5.203606062375	11.8151659267
2000	1500	0	-272.75	-2.63255292825	-5.355648484	11.20958403815
2100	1500	0	-270.25	-3.120675865575	-5.698147410425	10.17982838905
2200	1500	0	-270.25	-2.83460490865	-4.573578423175	9.3183180848
2300	1500	0	-270.25	-4.38554916255	-4.031293588675	8.834811078975
2400	1500	0	-266.94	-4.21713471305	-3.95068899915	7.58602989225
2500	1500	0	-266.94	-2.2997976661	-3.1025538714	7.052828118775
2600	1500	0	-266.94	-4.6700504351	-2.913640220825	6.82377237965
2700	1500	0	-263.52	-4.57709493325	-2.95786423245	4.4991643824
2800	1500	0	-263.52	-1.3719065256	-1.8437892743	4.104510069775
2900	1500	0	-263.52	-4.618146260375	-2.392105825675	6.130045577525
3000	1500	0	-260.77	0	-1.29718450425	2.961840479775
0	1600	0	-260.83	0	-1.46921665225	2.71546757895
100	1600	0	-260.87	0.0420879461	-1.53956191535	2.635539702825
200	1600	0	-260.87	0.35277386385	-1.57540802755	2.629459891675
300	1600	0	-260.87	1.96988924735	-1.5910466751	2.6752100427
400	1600	0	-262.34	2.17748240915	-1.724383795525	3.594745263125
500	1600	0	-262.34	1.330657759525	-2.188144491	3.635805757525
600	1600	0	-262.34	2.889963713925	-2.284628355225	3.263715612775
700	1600	0	-264.63	3.14524799665	-2.398407524075	4.581466594475
800	1600	0	-264.63	2.24890040925	-2.942026697075	5.05428536165
900	1600	0	-264.63	3.400835042325	-3.220546799225	5.270219840875
1000	1600	0	-267.48	3.447733843025	-3.82916199385	6.792070708225
1100	1600	0	-267.48	2.4527722872	-4.176919847425	7.3867920492
1200	1600	0	-267.48	3.134639472925	-4.396782059275	7.61888040765
1300	1600	0	-270.15	3.091114443825	-4.9334042799	8.9771103472
1400	1600	0	-270.15	1.983610246025	-5.0419050916	9.762748315475
1500	1600	0	-270.15	1.68962860915	-4.915177045475	10.096420117525
1600	1600	0	-271.53	1.174638671825	-5.399303290425	10.7186134283
1700	1600	0	-271.53	0.1014594869	-5.769113183975	10.956695852975
1800	1600	0	-271.05	-0.565596377325	-5.79458077005	10.69716113045
1900	1600	0	-271.05	-1.2161702583	-5.517166450975	10.367422347325
2000	1600	0	-271.05	-2.55212378325	-5.312918917425	9.79344015955
2100	1600	0	-268.85	-2.702888253575	-5.019579192475	8.689148997
2200	1600	0	-268.85	-2.188638202275	-4.440052552025	8.370343970675
2300	1600	0	-268.85	-3.90631744515	-4.056820602075	8.424813027675
2400	1600	0	-265.9	-3.7979503621	-3.5800320313	6.646025126625
2500	1600	0	-265.9	-2.01692797085	-3.381310367975	6.218588767575
2600	1600	0	-265.9	-4.179654311725	-3.46677188465	6.71281895255
2700	1600	0	-262.96	-4.000074044225	-2.1831870605	4.144761924425
2800	1600	0	-262.96	-1.7878308274	-2.04229204695	3.837655860225
2900	1600	0	-262.96	-4.27476580825	-4.493539255025	5.4038847722
3000	1600	0	-260.4	0	-1.253339943775	2.447209680875
0	1700	0	-260.68	0	-1.599877233225	2.483050513475
100	1700	0	-260.62	-0.045322734575	-1.66472909765	2.40619721375
200	1700	0	-260.62	0.297740591475	-1.681489558025	2.357776730825
300	1700	0	-260.62	1.721362916275	-1.771461784375	2.123820331975
400	1700	0	-261.89	1.867946802675	-2.24226845445	3.269755401475
500	1700	0	-261.89	1.1784468731	-2.3553766719	3.2770834645
600	1700	0	-261.89	2.691931519125	-2.3194648997	2.8622067144
700	1700	0	-264.03	2.934988544725	-2.725129720975	4.310684017475
800	1700	0	-264.03	2.160869623475	-2.58695889225	4.76589399205
900	1700	0	-264.03	2.954919882275	-2.1996508633	4.871776756975
1000	1700	0	-266.44	2.842669536175	-3.40373326635	6.039806064725
1100	1700	0	-266.44	2.17766101775	-3.8064458884	6.482801907475
1200	1700	0	-266.44	2.68101046385	-3.722007572275	6.716224125375
1300	1700	0	-268.57	2.665062797225	-4.750009168075	7.7552325934
1400	1700	0	-268.57	2.029126890325	-5.246742340725	8.441638379225
1500	1700	0	-269.73	1.46097659695	-5.22527021925	8.886793993775
1600	1700	0	-269.73	0.612381911175	-5.669376823175	9.230397085225
1700	1700	0	-269.73	-0.103010624	-5.922538024975	9.35281119565
1800	1700	0	-269.47	-0.431748530975	-5.835636978125	9.22717786755
1900	1700	0	-269.47	-0.9543074851	-5.69795782555	9.0815847001
2000	1700	0	-269.47	-2.134965671425	-5.48341508875	8.628627898675
2100	1700	0	-267.66	-2.24780950185	-4.877314467775	7.513528684725
2200	1700	0	-267.66	-1.871846316575	-4.541767195025	7.33807853675
2300	1700	0	-267.66	-3.525528641825	-4.313828136525	7.653263800975
2400	1700	0	-264.87	-3.541624477275	-3.545265826775	5.889957757425
2500	1700	0	-264.87	-2.186537521125	-3.754591943575	5.4946278168
2600	1700	0	-264.87	-3.471927127625	-5.15022789435	5.59947804305
2700	1700	0	-262.64	-3.15261509555	-2.865197190725	3.6648616157
2800	1700	0	-262.64	-3.682258720125	-2.586188712175	3.5851140952
2900	1700	0	-260.07	-3.8291941572	-4.554514283375	2.8248606598
3000	1700	0	-260.07	0	-1.56869523725	2.032552972175
0	1800	0	-259.96	0	-1.938301351975	1.82842885095
100	1800	0	-259.93	-0.0395243787	-1.910861136825	1.783309960525
200	1800	0	-259.93	0.2460411788	-1.906104984375	1.840088035175
300	1800	0	-259.93	1.40911034925	-1.946897103575	1.760552817575
400	1800	0	-260.95	1.593567521625	-2.459257506975	2.773399167475
500	1800	0	-260.95	1.253461314275	-2.190746400825	2.70704010455
600	1800	0	-260.95	2.52021066485	-1.284427826525	2.78634101645
700	1800	0	-262.86	2.8777540041	-2.4619789649	4.098803897525
800	1800	0	-262.86	2.774379266925	-2.71052661035	4.589972924525
900	1800	0	-264.83	2.584060668225	-2.454608229575	4.882861374325
1000	1800	0	-264.83	1.8409388196	-3.499098408125	5.086197748075
1100	1800	0	-264.83	2.13449798295	-3.9187081203	5.24320782775
1200	1800	0	-266.69	2.191076191575	-3.9950527845	6.08741907705
1300	1800	0	-266.69	1.5663796737	-4.9253441799	6.631440848025
1400	1800	0	-266.69	1.50834919485	-5.434365164275	6.824661273675
1500	1800	0	-267.77	1.2669941267	-5.457268528025	7.3548908836
1600	1800	0	-267.77	0.477370864425	-5.519455472475	7.6331038008
1700	1800	0	-267.77	-0.06480066805	-5.513524746375	7.557281952675
1800	1800	0	-267.64	-0.341016176225	-5.454027942375	7.386596548225
1900	1800	0	-267.64	-0.863948368925	-5.696024465175	7.240243697925
2000	1800	0	-267.64	-1.731480425475	-5.9956552171	6.90196665255
2100	1800	0	-266.23	-1.76124035985	-5.209589195875	6.126907940725
2200	1800	0	-266.23	-1.625151871025	-5.033603602325	6.10414502405
2300	1800	0	-266.23	-2.9098160769	-5.267226287575	6.2350492321
2400	1800	0	-264.01	-3.238714170825	-3.54140603215	5.0584739906
2500	1800	0	-264.01	-3.621890038425	-3.33815987055	5.014247493275
2600	1800	0	-261.61	-3.290259558875	-4.801435952725	3.254685687775
2700	1800	0	-261.61	-1.43603486205	-3.140925617275	2.7319786603
2800	1800	0	-261.61	-3.47714792005	-2.69466296675	4.19994946765
2900	1800	0	-259.41	-3.257272335	-2.235445333575	1.820737118625
3000	1800	0	-259.41	0	-1.461588110975	1.60183014085
0	1900	0	-259.4	0	-1.571330265175	1.722887176325
100	1900	0	-259.38	-0.013126366975	-1.519303331375	1.72882643655
200	1900	0	-259.38	0.261704624725	-1.416280972325	2.259752635425
300	1900	0	-259.38	1.168210393675	-0.825063716275	2.507689132
400	1900	0	-260.19	1.624097505425	-1.803379388425	3.005981867
500	1900	0	-260.19	2.35327655355	-1.7625990093	2.050173730975
600	1900	0	-261.99	2.42069895505	-1.148980281475	3.120265426925
700	1900	0	-261.99	1.5088897609	-2.2670411115	3.4348147841
800	1900	0	-261.99	2.1682403588	-2.848788954375	3.201015448325
900	1900	0	-263.71	2.166348086175	-3.1838912081	4.071159124675
1000	1900	0	-263.71	1.378569647125	-3.524164843425	4.359026524125
1100	1900	0	-263.71	1.6817066397	-3.72076713595	4.293823266475
1200	1900	0	-265.03	1.674374402575	-3.9330511721	4.9237931567
1300	1900	0	-265.03	1.22575041745	-4.21809915795	5.205932158325
1400	1900	0	-265.03	1.497202543875	-4.4525016093	5.31634415005
1500	1900	0	-266.33	1.37588628875	-4.6873061444	5.954065648825
1600	1900	0	-266.33	0.5561256945	-4.785772049525	6.2953411184
1700	1900	0	-266.33	-0.0375830939	-4.741839134475	6.222238863925
1800	1900	0	-266.29	-0.614248249775	-4.670754479475	5.880561071075
1900	1900	0	-266.29	-1.495934759825	-4.74899596225	5.077144098375
2000	1900	0	-264.88	-1.64853040045	-4.744593541325	4.0564136357
2100	1900	0	-264.88	-1.285757887075	-4.054513792075	3.9940008912
2200	1900	0	-264.88	-1.929483408275	-3.991601653025	4.728520770625
2300	1900	0	-263.35	-2.03333107165	-4.362507884325	4.162334922275
2400	1900	0	-263.35	-1.61255806025	-3.00796109055	3.931005770975
2500	1900	0	-263.35	-3.446567440025	-2.3378413046	4.22608819105
2600	1900	0	-260.8	-3.27469287435	-1.8829972857	2.043593721275
2700	1900	0	-260.8	-1.045842109575	-1.43403433585	1.72926922615
2800	1900	0	-260.8	-2.776778436425	-1.305303723375	3.283817197325
2900	1900	0	-259.12	-2.5961193031	-0.891991805175	1.1396998351
3000	1900	0	-259.12	0	-0.80956129815	1.14720230415
0	2000	0	-259.04	0	0	1.0385
100	2000	0	-259.04	0.11552491415	0	1.028858112075
200	2000	0	-259.04	0.9402807939	0	0.959643450525
300	2000	0	-259.7	1.02201193315	0	1.74833867235
400	2000	0	-259.7	0.656032226925	0	1.720534059275
500	2000	0	-259.7	1.9078604229	0	1.3251979982
600	2000	0	-261.19	2.015768560975	0	2.478477230825
700	2000	0	-261.19	1.1779453312	0	2.6908074551
800	2000	0	-261.19	1.857529172	0	2.478360744625
900	2000	0	-262.7	1.908684779175	0	3.3291541292
1000	2000	0	-262.7	1.30406289175	0	3.603943602675
1100	2000	0	-262.7	1.7256116526	0	3.539764302675
1200	2000	0	-264.13	1.693744169575	0	4.074511694125
1300	2000	0	-264.13	1.0469292365	0	4.18439004425
1400	2000	0	-264.13	1.0391422084	0	4.368471556
1500	2000	0	-264.95	0.933723686475	0	4.841840935875
1600	2000	0	-264.95	0.422837876025	0	5.017548345425
1700	2000	0	-264.99	0.050216902	0	5.06079071325
1800	2000	0	-264.99	-0.348173005675	0	5.131428650775
1900	2000	0	-264.99	-0.937787430775	0	5.090926453975
2000	2000	0	-264.17	-1.036998253625	0	4.645815216875
2100	2000	0	-264.17	-1.00824847155	0	4.56037908315
2200	2000	0	-264.17	-1.93314596495	0	4.616129818325
2300	2000	0	-262.63	-1.926175514425	0	3.62793624405
2400	2000	0	-262.63	-1.2140475911	0	3.45222454315
2500	2000	0	-262.63	-2.496926233575	0	3.961308748725
2600	2000	0	-260.83	-2.386452590125	0	2.4589290579
2700	2000	0	-260.83	-0.858341299725	0	2.3121883379
2800	2000	0	-260.83	-2.935105389375	0	3.75642173535
2900	2000	0	-258.98	-2.761529909775	0	1.5376460135
3000	2000	0	-258.98	0	0	3.3165

