0	0	-276.4	0	0
100	0	-276.14	-1.7712057087	0
200	0	-276.14	-1.1013868432	0
300	0	-276.14	-9.2943003335	0
400	0	-274.55	-9.7423684682	0
500	0	-274.55	-4.3486638368	0
600	0	-274.55	-15.1396496467	0
700	0	-271.8	-17.5273299465	0
800	0	-271.8	-13.100958498	0
900	0	-269.91	-10.0725741492	0
1000	0	-269.91	-1.7098271427	0
1100	0	-269.91	2.8324099518	0
1200	0	-270.55	3.9178244171	0
1300	0	-270.55	6.0604725045	0
1400	0	-270.55	14.1540749567	0
1500	0	-273.53	15.1421653627	0
1600	0	-273.53	11.6536662792	0
1700	0	-273.53	17.4050378213	0
1800	0	-277.15	17.735023079	0
1900	0	-277.15	12.9272048118	0
2000	0	-277.15	16.5988787932	0
2100	0	-280.58	16.5254756903	0
2200	0	-280.58	12.231640935	0
2300	0	-280.58	15.7416019409	0
2400	0	-283.63	18.5378819886	0
2500	0	-283.63	17.5400818354	0
2600	0	-286.29	14.1212069476	0
2700	0	-286.29	11.2200280886	0
2800	0	-286.29	15.4961880228	0
2900	0	-289.54	15.4561540756	0
3000	0	-289.54	11.1406960418	0
3100	0	-289.54	13.7187005683	0
3200	0	-292.31	13.1512998458	0
3300	0	-292.31	8.3283973862	0
3400	0	-292.31	9.5921631782	0
3500	0	-294.18	8.7285500622	0
3600	0	-294.18	3.3932277702	0
3700	0	-294.18	1.0039703775	0
3800	0	-294.28	0.25459732	0
3900	0	-294.28	-1.7901160165	0
4000	0	-294.28	-6.8284047027	0
4100	0	-292.98	-8.4952633116	0
4200	0	-292.98	-9.6044810076	0
4300	0	-291.52	-7.984183439	0
4400	0	-291.52	-3.0919809565	0
4500	0	-291.52	-7.9240861207	0
4600	0	-290.18	-7.6359354419	0
4700	0	-290.18	-1.7599712626	0
4800	0	-290.18	-9.0571725064	0
4900	0	-288.78	-8.7165563587	0
5000	0	-288.78	0	0
0	100	-276.33	0	11.5796557811
100	100	-276.05	-1.8656224772	12.8271419064
200	100	-276.05	-3.2741674168	12.2919174984
300	100	-275.46	-4.6143023213	10.407528415
400	100	-275.46	-3.0520944696	17.8009785691
500	100	-275.46	-6.8252178611	15.7771373272
600	100	-274.26	-8.509475097	12.2665758137
700	100	-274.26	-5.098076163	22.4840950427
800	100	-274.26	-6.6147670354	24.9060144731
900	100	-273.34	-5.9661852269	27.768973899
1000	100	-273.34	-1.0790643594	28.449021889
1100	100	-273.34	1.7671686371	27.5554772801
1200	100	-273.77	2.8077500524	25.8041578481
1300	100	-273.77	4.7630920018	26.2260859663
1400	100	-273.77	9.6353811932	26.762888298
1500	100	-275.61	10.016080714	20.9430644304
1600	100	-275.61	8.7229894575	19.6638089352
1700	100	-275.61	12.9286169306	20.4526081561
1800	100	-277.89	15.4411620819	14.7013386349
1900	100	-277.89	16.6037776121	13.5451314403
2000	100	-281.02	15.7245575898	15.1492125634
2100	100	-281.02	12.9203339015	10.2896666179
2200	100	-281.02	15.9947991016	9.4185081964
2300	100	-284.74	16.9505862683	10.7828784347
2400	100	-284.74	14.4302914213	7.5082833301
2500	100	-284.74	16.2991399485	6.2569383331
2600	100	-288.19	15.1522852906	3.3898988953
2700	100	-288.19	11.876533163	3.1842379934
2800	100	-288.19	14.0959884156	4.3827962632
2900	100	-291.05	13.4150089983	0.3959305303
3000	100	-291.05	10.5665001123	-0.7479538099
3100	100	-291.05	13.1122845197	0.7063145159
3200	100	-293.63	13.4153793341	-2.6516085356
3300	100	-293.63	10.9911531741	-3.6619625994
3400	100	-295.28	8.3768291871	-2.4963822254
3500	100	-295.28	4.0098541029	-6.0870236397
3600	100	-295.28	1.5471583318	-7.7779763531
3700	100	-295.38	0.5851927601	-7.1879933409
3800	100	-295.38	-1.2189706372	-7.2865345557
3900	100	-295.38	-4.8994383284	-8.2144383994
4000	100	-294.19	-5.828760207	-8.8857312917
4100	100	-294.19	-4.4345853939	-4.9849953519
4200	100	-294.19	-8.6333338765	-3.7719077971
4300	100	-292.6	-8.3350649917	-2.5101417608
4400	100	-292.6	-4.0294884931	-2.9755293754
4500	100	-292.6	-8.4714283162	-6.0872494967
4600	100	-291.1	-7.5116709372	-2.0179036349
4700	100	-291.1	-2.4344538909	-1.7184032968
4800	100	-291.1	-7.5615747348	-5.1296459734
4900	100	-289.95	-6.4991490147	1.3253647277
5000	100	-289.95	0	1.587930217
0	200	-278.51	0	14.3444788263
100	200	-278.51	-1.0589439847	15.7656870272
200	200	-278.51	-3.5210003346	14.4725062721
300	200	-277.83	-3.7852392628	16.2750369397
400	200	-277.83	-4.3727595493	16.6846322607
500	200	-277.83	-9.8830665922	10.794677597
600	200	-276.01	-8.4326919312	12.729221058
700	200	-276.01	-4.8878912871	14.1549786661
800	200	-276.01	-7.8160796417	11.8373167565
900	200	-274.37	-6.5295667266	13.6978317098
1000	200	-274.37	-1.9233237616	14.3527670412
1100	200	-274.23	0.1875459109	13.9209373146
1200	200	-274.23	2.5884331033	12.7641127351
1300	200	-274.23	7.0192029544	13.2194691633
1400	200	-276.08	8.8710534208	13.9981106549
1500	200	-276.08	8.0430859999	10.8247882613
1600	200	-276.08	11.1632099982	11.3227227138
1700	200	-278.77	12.4425675277	12.6560057427
1800	200	-278.77	10.8275463632	8.9682581464
1900	200	-278.77	13.3750787403	6.7163830142
2000	200	-281.25	13.3434139708	4.4532874791
2100	200	-281.25	10.7947713166	3.6524309583
2200	200	-281.25	12.7248527585	3.8160334477
2300	200	-283.37	13.8313770813	-0.6077076746
2400	200	-283.37	14.011941887	-2.9575868022
2500	200	-285.92	13.4216974006	-3.1617856703
2600	200	-285.92	11.0485066012	-7.8099527061
2700	200	-285.92	12.2129254498	-9.353802866
2800	200	-288.62	12.7078805664	-8.5102069782
2900	200	-288.62	10.3254040092	-12.2370245056
3000	200	-288.62	11.4510800274	-13.4279181161
3100	200	-291.21	11.8150458359	-12.6806099852
3200	200	-291.21	8.7830227372	-16.6553351707
3300	200	-291.21	8.4836236964	-19.185844697
3400	200	-292.61	7.1671021379	-20.3826584275
3500	200	-292.61	3.4469559345	-21.1091578324
3600	200	-292.61	2.2922580623	-20.5159603612
3700	200	-293.06	1.4954121682	-19.6577267623
3800	200	-293.06	-0.7718477385	-19.4544952201
3900	200	-293.06	-3.3893127458	-18.9888867735
4000	200	-292.45	-3.5989616552	-16.3283089412
4100	200	-292.45	-3.3814398237	-15.1224391557
4200	200	-292.45	-7.1296274165	-15.4140663305
4300	200	-291.08	-7.1878050173	-11.2724479037
4400	200	-291.08	-6.6690886924	-10.6122838722
4500	200	-289.77	-6.9664603802	-12.3085723383
4600	200	-289.77	-3.2670892353	-6.9314147572
4700	200	-289.77	-4.8717136011	-6.3245379496
4800	200	-288.58	-6.0134044819	-7.7023925878
4900	200	-288.58	-1.9989801683	-1.9223069696
5000	200	-288.58	0	-1.8516061576
0	300	-279.17	0	5.9808083186
100	300	-279.17	-1.7375950381	6.3102812206
200	300	-278.91	-2.764817511	4.6398223399
300	300	-278.91	-2.4021763327	7.1357624457
400	300	-278.91	-8.5324538056	7.1123015448
500	300	-276.43	-10.7806290638	5.0457466371
600	300	-276.43	-5.1491740279	9.9752922731
700	300	-276.43	-5.9899804578	11.1096299575
800	300	-274.66	-7.0719139917	11.2125435119
900	300	-274.66	-3.4507349489	15.0654236833
1000	300	-274.66	-0.8559587613	16.366691191
1100	300	-274.59	0.178514331	16.923518677
1200	300	-274.59	2.1062819011	16.8225957529
1300	300	-274.59	5.9970899216	16.2770738871
1400	300	-275.84	7.2407002912	14.1704414889
1500	300	-275.84	7.3406927729	13.1383986608
1600	300	-275.84	10.5542069389	13.6823314675
1700	300	-278.04	10.5741523632	10.7736365418
1800	300	-278.04	9.5015393534	9.1211570575
1900	300	-278.04	12.0888069448	9.5285121866
2000	300	-280.41	12.6606055272	6.5626385363
2100	300	-280.41	12.2830798768	5.9853913129
2200	300	-282.67	11.7346604687	7.2534824775
2300	300	-282.67	10.1769660184	4.2865654161
2400	300	-282.67	11.8762134189	1.9409107256
2500	300	-284.89	11.4467740513	0.7424789049
2600	300	-284.89	8.9602680949	-1.1517159233
2700	300	-284.89	11.1762788909	-2.2360635342
2800	300	-287.06	11.212766776	-2.9812412259
2900	300	-287.06	8.4972978604	-4.2709901271
3000	300	-287.06	10.1229146327	-5.026014179
3100	300	-289.08	9.8848674584	-6.9659653842
3200	300	-289.08	6.9101446223	-8.8358367334
3300	300	-289.08	7.2638299173	-9.4990821552
3400	300	-290.8	6.453516045	-11.6674767882
3500	300	-290.8	3.8765521692	-12.1286380629
3600	300	-290.8	2.9985894019	-10.6149181983
3700	300	-291.25	1.6466578945	-10.3751147999
3800	300	-291.25	-0.5501306484	-10.0244171153
3900	300	-290.67	-1.7732520428	-8.3033862058
4000	300	-290.67	-1.9623125892	-5.8761605027
4100	300	-290.67	-3.5203427899	-5.2080467068
4200	300	-289.8	-4.7833426245	-4.9367039763
4300	300	-289.8	-3.5332825267	-0.8211651253
4400	300	-289.8	-5.0656129277	0.530185673
4500	300	-289.13	-4.7905592012	1.8278329898
4600	300	-289.13	-1.5276365485	3.5448382713
4700	300	-289.13	-3.2054317215	3.2544141016
4800	300	-289.02	-3.1593437548	5.0020999159
4900	300	-289.02	-0.6483625845	6.6757101148
5000	300	-289.02	0	5.7695730569
0	400	-278.32	0	7.1069190797
100	400	-278.32	-2.3999299634	7.1481805875
200	400	-277.73	-2.6955191095	6.8436200878
300	400	-277.73	-1.3127600646	7.7939572534
400	400	-277.73	-6.4627753579	8.3141034052
500	400	-276.84	-7.0200758572	11.7495012568
600	400	-276.84	-2.3688086175	14.4338581998
700	400	-276.84	-3.6506400483	15.4024646306
800	400	-276.69	-3.8602859092	17.6235846456
900	400	-276.69	-1.3754190475	19.6930057731
1000	400	-276.69	-0.0652287679	20.2408821864
1100	400	-276.89	0.6434504661	20.5643245792
1200	400	-276.89	1.9419883134	20.8960928342
1300	400	-276.89	4.3670486971	20.8255261562
1400	400	-277.64	5.7323782012	18.2650047638
1500	400	-277.64	7.5549759785	17.2756231338
1600	400	-279.53	8.7984478792	16.6394411627
1700	400	-279.53	7.8813931177	12.8554856333
1800	400	-279.53	9.582422008	11.4554340559
1900	400	-281.97	10.8165602191	11.3444989265
2000	400	-281.97	9.8002930971	7.8713020534
2100	400	-281.97	11.4856152511	5.8419834945
2200	400	-284.45	11.0260268684	5.1690202252
2300	400	-284.45	8.5188053294	3.7193754019
2400	400	-284.45	10.4678553691	2.3222935861
2500	400	-286.81	10.3290707517	0.6873837932
2600	400	-286.81	8.0699641688	-0.4263876248
2700	400	-286.81	10.3834001472	-1.2961038914
2800	400	-289.13	10.6729539668	-2.5445729469
2900	400	-289.13	8.2806310494	-2.5405903128
3000	400	-289.13	8.7561047703	-2.0856946034
3100	400	-290.75	8.0052232815	-4.6861193667
3200	400	-290.75	6.2499059662	-5.7534988725
3300	400	-291.31	5.6519836483	-5.200866558
3400	400	-291.31	4.5375462235	-7.199422087
3500	400	-291.31	4.4995145244	-7.7509151804
3600	400	-292.24	4.0457813253	-6.4634584497
3700	400	-292.24	2.0859132512	-6.450744054
3800	400	-292.24	1.2998808556	-5.8517525635
3900	400	-292.59	0.7589438601	-3.567104254
4000	400	-292.59	-0.5036221562	-2.0986155735
4100	400	-292.59	-2.4419832906	-1.4746945823
4200	400	-292.12	-2.742745835	-0.1129630385
4300	400	-292.12	-1.720915368	1.6494790836
4400	400	-292.12	-4.0200905773	2.0945264094
4500	400	-291.39	-3.9518077886	3.0188144105
4600	400	-291.39	-1.8405081235	3.1442300556
4700	400	-291.39	-3.4144519498	1.2896301571
4800	400	-290.66	-2.5921084754	2.7226450779
4900	400	-290.66	-1.2315070206	3.0046121927
5000	400	-290.66	0	0.7588094514
0	500	-279.86	0	10.4204748786
100	500	-279.86	-2.0008940233	10.3964020198
200	500	-279.68	-2.1190408451	11.0692911402
300	500	-279.68	-0.9316930153	11.2588952375
400	500	-279.68	-4.5769098089	11.1483692637
500	500	-279.33	-4.6608742692	13.0971514575
600	500	-279.33	-1.4962106541	13.8093453842
700	500	-279.33	-2.8002540187	13.9529904764
800	500	-278.73	-2.7813728425	15.0802096051
900	500	-278.73	-0.8334374014	15.8744997976
1000	500	-278.44	0.0153600515	16.5562416012
1100	500	-278.44	0.8337249788	16.6564791689
1200	500	-278.44	2.3674834781	17.0592414614
1300	500	-278.87	3.3660018579	17.5875859208
1400	500	-278.87	3.6907972688	15.8926230966
1500	500	-278.87	5.7151291718	14.4094189582
1600	500	-279.97	6.1340694384	12.3584070924
1700	500	-279.97	5.3901452564	9.9426097937
1800	500	-279.97	7.9905526466	8.5019065425
1900	500	-281.58	8.5046749356	6.6671063098
2000	500	-281.58	7.1580900952	4.2729652134
2100	500	-281.58	9.5807980486	2.5994954733
2200	500	-283.43	9.6120523761	0.9877295306
2300	500	-283.43	7.3302393793	0.2016819863
2400	500	-283.43	8.8442218035	-0.4237665513
2500	500	-285.07	8.6980928404	-2.4249928075
2600	500	-285.07	6.9767804103	-3.4150071051
2700	500	-285.07	9.0580935688	-3.9751967784
2800	500	-286.79	9.9682803613	-5.9128837052
2900	500	-286.79	8.9561762039	-6.2287268709
3000	500	-288.34	7.9773855788	-5.5575685615
3100	500	-288.34	6.2170631893	-7.5272442765
3200	500	-288.34	6.395397431	-8.2093619836
3300	500	-289.71	5.8179067028	-7.2377028251
3400	500	-289.71	3.9034674293	-7.6482267661
3500	500	-289.71	4.6125158065	-8.0450772399
3600	500	-290.86	4.2987605283	-8.3479794628
3700	500	-290.86	2.2583637874	-8.7334643983
3800	500	-290.86	2.3335091583	-8.6679894456
3900	500	-291.64	1.9798849405	-8.2460741311
4000	500	-291.64	0.1300970825	-8.0693719223
4100	500	-291.64	-1.5346902549	-8.1193945444
4200	500	-291.59	-1.6591689653	-7.4476420455
4300	500	-291.59	-1.3257930788	-7.181914853
4400	500	-291.59	-3.6962775941	-7.8249890672
4500	500	-291.13	-3.740855555	-7.3091307077
4600	500	-291.13	-3.2568208019	-7.5216996513
4700	500	-290.65	-3.6270166925	-9.7920878483
4800	500	-290.65	-1.4443617259	-8.0493368252
4900	500	-290.65	-2.612198211	-7.9431975893
5000	500	-290.07	0	-9.7152031306
0	600	-281.44	0	4.2024272181
100	600	-281.44	-1.7511137018	4.0569330934
200	600	-281.06	-1.8330258918	5.0330026676
300	600	-281.06	-1.2336819478	5.0678040555
400	600	-281.06	-4.6245191379	4.84736089
500	600	-279.74	-4.3590997367	7.16527614
600	600	-279.74	-1.5129695986	7.5577525121
700	600	-279.74	-2.3797758274	7.4868299167
800	600	-279.22	-1.938776588	8.921024473
900	600	-279.22	0.1006129486	9.5625116984
1000	600	-279.59	0.7167505967	10.1784081465
1100	600	-279.59	1.1464503263	10.2771515941
1200	600	-279.59	2.873095072	10.3833742517
1300	600	-280.4	3.2004303323	10.3860050804
1400	600	-280.4	2.5542112386	9.6807849157
1500	600	-280.4	4.0207599743	9.0139905307
1600	600	-280.89	4.3316387147	8.0956841623
1700	600	-280.89	4.0248925678	7.6082916841
1800	600	-280.89	6.3069185241	7.2342993457
1900	600	-282.05	6.5876188967	5.4618084095
2000	600	-282.05	5.7326822539	4.309447839
2100	600	-282.05	8.200379575	3.5399035873
2200	600	-283.81	8.6282133747	1.7782921446
2300	600	-283.81	7.1073092475	1.5499022029
2400	600	-283.81	7.841180582	1.9615088103
2500	600	-285.41	7.3378302046	-0.1546448909
2600	600	-285.41	6.5197601979	-0.9213440948
2700	600	-285.41	7.8855235404	-0.7642588562
2800	600	-286.79	8.4194238743	-3.196157347
2900	600	-286.79	8.6359461998	-4.651465888
3000	600	-288.18	7.4575873647	-4.9495344897
3100	600	-288.18	5.3534298594	-5.8539714561
3200	600	-288.18	6.5394474176	-6.0911346391
3300	600	-289.43	6.2131188658	-5.608294027
3400	600	-289.43	3.7301718154	-5.2993264482
3500	600	-289.43	3.7997618277	-5.1337605372
3600	600	-289.95	3.3573941669	-6.1210175503
3700	600	-289.95	1.7659032751	-6.5848536258
3800	600	-289.95	1.7872711228	-6.4933569987
3900	600	-289.99	1.3575613834	-6.942321446
4000	600	-289.99	-0.3769425695	-7.3935420848
4100	600	-289.99	-1.8202534138	-8.0634566732
4200	600	-289.48	-1.8052661436	-7.6766728288
4300	600	-289.48	-2.0982623897	-7.9092197118
4400	600	-289.48	-4.147306432	-9.3497945173
4500	600	-288.62	-3.6485183727	-7.9294316621
4600	600	-288.62	-4.3234652641	-7.7032192941
4700	600	-287.82	-3.9420891304	-8.3422704665
4800	600	-287.82	-0.7432182164	-7.4673530234
4900	600	-287.82	-2.897373326	-7.4551486049
5000	600	-287.32	0	-7.8713903594
0	700	-280.14	0	-0.2763208238
100	700	-280.14	-1.1703185805	0.0716057944
200	700	-280	-1.1081698897	1.4901420956
300	700	-280	-1.1173347929	1.7162065209
400	700	-279.55	-2.4794377177	3.0277367134
500	700	-279.55	-1.9504826471	6.4662031181
600	700	-279.55	-1.1746568774	7.1087487693
700	700	-279.28	-1.4369820511	7.4730776374
800	700	-279.28	-0.7056910608	8.9514228018
900	700	-279.28	0.4239462654	9.3666619549
1000	700	-279.32	0.7299999405	9.4308784198
1100	700	-279.32	1.038691084	9.4864513018
1200	700	-279.32	2.4763369644	9.5112379853
1300	700	-279.73	2.6634125152	8.8818802389
1400	700	-279.73	2.3187827191	8.5578065051
1500	700	-279.73	4.1300284184	8.6463161851
1600	700	-280.61	4.7283705918	8.8823179834
1700	700	-280.61	4.5287604398	9.9679280619
1800	700	-280.61	5.844069372	11.4187230206
1900	700	-281.79	5.5798234289	10.0379216085
2000	700	-281.79	5.236185273	9.4923558644
2100	700	-281.79	7.0496423609	9.3975999888
2200	700	-283.17	7.6220509917	6.9207117149
2300	700	-283.17	7.513456045	6.1392617843
2400	700	-284.61	7.1396747164	6.6002822317
2500	700	-284.61	5.8152399353	4.796242436
2600	700	-284.61	6.367166445	3.5799291193
2700	700	-286.41	6.7832803099	2.6035976555
2800	700	-286.41	6.0810733228	-0.0917631732
2900	700	-286.41	7.2027990612	-2.2188444538
3000	700	-288.11	6.7748800174	-3.8642561483
3100	700	-288.11	5.0754630399	-4.6136728697
3200	700	-288.11	6.6410748601	-4.7760239934
3300	700	-289.58	6.6097148937	-5.3015671292
3400	700	-289.58	4.3780009191	-4.8693708523
3500	700	-289.58	3.7908247111	-3.5730223975
3600	700	-290.16	2.8476674397	-4.2550246234
3700	700	-290.16	1.886024339	-4.4491676759
3800	700	-290.16	1.9760413381	-3.7711943543
3900	700	-290.6	1.0796998544	-4.159233504
4000	700	-290.6	-0.9910381447	-4.6136685817
4100	700	-290.27	-1.8178209922	-5.1027945643
4200	700	-290.27	-1.5049319972	-4.391145294
4300	700	-290.27	-2.9989147673	-4.2745117208
4400	700	-289.41	-3.7164895511	-4.3882285629
4500	700	-289.41	-2.0942803318	-2.2337748611
4600	700	-289.41	-3.6696596063	-1.5730097994
4700	700	-288.73	-3.3911504218	-0.0875460458
4800	700	-288.73	-0.5572398643	0.2650400338
4900	700	-288.73	-3.016235547	-0.0706576841
5000	700	-288.61	0	-1.59535241
0	800	-280.37	0	4.5342881542
100	800	-280.12	0.0153492176	8.4734414853
200	800	-280.12	-0.188425172	9.534449472
300	800	-280.12	0.3039126767	9.5325629128
400	800	-280.52	0.125477466	9.0518230857
500	800	-280.52	-0.2780876808	10.3474984585
600	800	-280.52	-0.506095086	10.5737058149
700	800	-280.53	-0.5371017949	10.5634356127
800	800	-280.53	-0.0451922705	11.0214947204
900	800	-280.53	0.5800685733	10.9925916708
1000	800	-280.68	0.8365399503	10.8801361372
1100	800	-280.68	1.2268098918	11.1594653146
1200	800	-280.68	2.2685240024	11.6805013202
1300	800	-281.15	2.2469988521	10.7086650204
1400	800	-281.15	2.3186471915	10.3824273474
1500	800	-281.15	4.3452714526	10.2026958408
1600	800	-282.22	5.6532505915	8.7918617591
1700	800	-282.22	6.561297605	9.5123341723
1800	800	-283.32	6.376912064	11.9461199727
1900	800	-283.32	4.6612517338	11.3289821553
2000	800	-283.32	5.0923606342	10.4871477846
2100	800	-284.6	5.6287354255	9.4135949323
2200	800	-284.6	5.3698751769	6.852065411
2300	800	-284.6	6.7868797643	6.110333067
2400	800	-285.74	6.498161227	6.978349289
2500	800	-285.74	4.3174770922	6.8919308733
2600	800	-285.74	4.3271154241	6.4739752655
2700	800	-286.22	4.2138312479	5.4443447523
2800	800	-286.22	3.5969817717	4.1779800035
2900	800	-286.22	4.8634532247	3.3308878413
3000	800	-286.89	5.0627589488	2.3318321483
3100	800	-286.89	4.4416620143	2.3337370655
3200	800	-286.89	5.8515531581	2.4805918798
3300	800	-288.08	6.1197720069	0.0990664613
3400	800	-288.08	5.4587165404	-1.0321920572
3500	800	-289.2	4.4141080499	-0.9574341875
3600	800	-289.2	2.4812488885	-1.8869658029
3700	800	-289.2	2.2497335442	-2.3607926035
3800	800	-289.77	2.0772052947	-2.5249754938
3900	800	-289.77	0.515087156	-3.290401289
4000	800	-289.77	-1.3205036298	-3.5244445299
4100	800	-289.42	-1.5977301261	-3.1858366938
4200	800	-289.42	-0.9769832934	-2.7587737224
4300	800	-289.42	-2.0953456586	-2.8441466232
4400	800	-289.24	-2.1065695723	-2.3272334492
4500	800	-289.24	-0.8332996092	-1.3147700311
4600	800	-289.24	-2.1772364555	-0.9268857586
4700	800	-289.04	-2.1040392905	0.1879239182
4800	800	-289.04	-0.726329848	0.2719777163
4900	800	-289.04	-4.7577657765	-0.5575017204
5000	800	-287.93	0	1.3829240391
0	900	-281.04	0	12.2943818522
100	900	-281.87	3.8298427373	12.5858527964
200	900	-281.87	-0.0490484622	12.8087966297
300	900	-281.87	-1.5999611792	12.6055702264
400	900	-281.49	-1.6645021787	10.8109645198
500	900	-281.49	-0.4285999179	10.7167009803
600	900	-281.49	-0.9587197232	10.4841003901
700	900	-281.32	-0.9891931456	9.3999472199
800	900	-281.32	-0.2765350027	8.9135344961
900	900	-281.32	0.2825876822	7.8564757239
1000	900	-281.41	0.8968735843	7.1067156074
1100	900	-281.41	1.839056267	6.7998784812
1200	900	-281.86	2.0255366702	6.1894240009
1300	900	-281.86	1.3653385491	5.0144587024
1400	900	-281.86	1.8128135462	4.9497354763
1500	900	-282.15	2.5394628234	5.2045130598
1600	900	-282.15	4.0380089233	3.3245925883
1700	900	-282.15	7.6830186601	1.7780117295
1800	900	-284.07	7.6607173483	0.2568641243
1900	900	-284.07	4.1208512408	-0.9632437307
2000	900	-284.07	3.3207980433	-1.4865122232
2100	900	-284.5	3.4145599873	-1.9511249225
2200	900	-284.5	4.3187891331	-2.9211286048
2300	900	-284.5	7.639739923	-3.9682039951
2400	900	-286.41	7.9212725227	-4.9887623063
2500	900	-286.41	5.3108659118	-4.5341293374
2600	900	-286.41	4.919580324	-3.125179423
2700	900	-287.41	4.4872850479	-3.7069660103
2800	900	-287.41	3.9676164118	-3.6215783695
2900	900	-287.41	5.356651206	-2.6930320963
3000	900	-288.57	5.7777292416	-4.0564978011
3100	900	-288.57	5.2242227714	-4.9944744315
3200	900	-289.43	4.4064042559	-5.6910618673
3300	900	-289.43	3.0969309567	-8.1094633555
3400	900	-289.43	3.3215002703	-9.3088199638
3500	900	-289.9	2.9360509654	-9.3970354267
3600	900	-289.9	1.4443090237	-9.6261256993
3700	900	-289.9	1.2480146414	-9.6810226853
3800	900	-290.02	1.0464326459	-9.5656094434
3900	900	-290.02	0.080230825	-9.7571211446
4000	900	-290.02	-0.8864735428	-9.6501891513
4100	900	-289.84	-1.0521501914	-8.6722272894
4200	900	-289.84	-1.1632419333	-8.8506826001
4300	900	-289.84	-2.5673744941	-10.6384180128
4400	900	-289.35	-2.1871129523	-9.6446811483
4500	900	-289.35	-0.6939326412	-9.146123502
4600	900	-289.35	-2.166965657	-8.5776139496
4700	900	-288.89	-2.1922869536	-6.6846518812
4800	900	-288.89	-1.3026654962	-6.3758150663
4900	900	-288.64	-1.9052892175	-5.1843501066
5000	900	-288.64	0	-0.8709477333
0	1000	-282.37	0	0
100	1000	-282.45	0.5297640018	0
200	1000	-282.45	-0.1687077353	0
300	1000	-282.45	-1.6939194332	0
400	1000	-282.16	-1.7633917868	0
500	1000	-282.16	-0.6049518105	0
600	1000	-282.16	-1.8228488397	0
700	1000	-281.83	-2.1076676889	0
800	1000	-281.83	-1.5886637665	0
900	1000	-281.6	-1.2267503154	0
1000	1000	-281.6	-0.2200572924	0
1100	1000	-281.6	0.3095182853	0
1200	1000	-281.67	0.4831042236	0
1300	1000	-281.67	1.0073103208	0
1400	1000	-281.67	2.5087015489	0
1500	1000	-282.2	2.7201285646	0
1600	1000	-282.2	2.2267492679	0
1700	1000	-282.2	3.4935691343	0
1800	1000	-282.93	3.6356566105	0
1900	1000	-282.93	2.9178753863	0
2000	1000	-282.93	4.1044794424	0
2100	1000	-283.79	4.1941190439	0
2200	1000	-283.79	-1.8656224772	0
2300	1000	-283.79	4.7192460628	0
2400	1000	-284.7	5.9322358847	0
2500	1000	-284.7	6.1810599688	0
2600	1000	-285.71	5.1542787445	0
2700	1000	-285.71	3.7174323014	0
2800	1000	-285.71	4.6109156857	0
2900	1000	-286.66	4.4285337864	0
3000	1000	-286.66	2.7613166136	0
3100	1000	-286.66	2.8070979481	0
3200	1000	-287.2	2.7365642408	0
3300	1000	-287.2	2.5020139104	0
3400	1000	-287.2	4.1711444625	0
3500	1000	-288.06	4.0968023144	0
3600	1000	-288.06	2.1972616366	0
3700	1000	-288.06	2.3102498001	0
3800	1000	-288.49	2.0011068287	0
3900	1000	-288.49	0.4305074548	0
4000	1000	-288.44	-0.2356097746	0
4100	1000	-288.44	-0.7982235749	0
4200	1000	-288.44	-2.9431740235	0
4300	1000	-287.89	-2.8893442135	0
4400	1000	-287.89	-0.6142750548	0
4500	1000	-287.89	0.2337675895	0
4600	1000	-287.94	0.2842351653	0
4700	1000	-287.94	0.0977595928	0
4800	1000	-287.94	0.7739719266	0
4900	1000	-288.06	0.7471015632	0
5000	1000	-288.06	0	0

