0	0	0	-280.38	0	0	9.849
100	0	0	-280.37	-0.0304030523	0	9.8178221396
200	0	0	-280.37	0.0797952915	0	9.85755040935
300	0	0	-280.37	0.596292898	0	10.30917864935
400	0	0	-280.58	0.6112610665	0	10.85266469
500	0	0	-280.58	0.07861527745	0	10.5959912477
600	0	0	-280.58	-0.09384197215	0	9.12234257895
700	0	0	-280.54	-0.08364829065	0	8.63794275625
800	0	0	-280.54	0.13452847255	0	8.4638241177
900	0	0	-280.54	0.51184740115	0	8.25134612995
1000	0	0	-280.75	0.6137962929	0	8.4544296926
1100	0	0	-280.75	0.7995640908	0	8.4312449456
1200	0	0	-280.75	1.86269025905	0	8.427255444
1300	0	0	-281.46	2.7402820708	0	9.37171116535
1400	0	0	-281.46	3.40667921615	0	10.1953053388
1500	0	0	-282.68	3.17838830045	0	10.92464751685
1600	0	0	-282.68	2.66427627585	0	11.0071564055
1700	0	0	-282.68	3.8805754723	0	11.23473120175
1800	0	0	-284.33	3.86359543115	0	12.9568094251
1900	0	0	-284.33	2.50890535285	0	13.74584895155
2000	0	0	-284.33	2.571426165	0	13.81309968565
2100	0	0	-285.35	2.3877956403	0	14.6508103772
2200	0	0	-285.35	1.52901133825	0	14.79085954925
2300	0	0	-285.35	1.5583445044	0	14.226529621
2400	0	0	-285.96	1.43952953515	0	14.4240723272
2500	0	0	-285.96	0.9159577705	0	14.38036877995
2600	0	0	-285.96	1.0084592502	0	13.8964920832
2700	0	0	-286.35	0.99502217575	0	14.0431964959
2800	0	0	-286.35	0.91982420315	0	14.1096894399
2900	0	0	-286.35	1.68740416225	0	14.13771346625
3000	0	0	-287.03	1.63689062445	0	15.01805677705
3100	0	0	-287.03	0.6746875344	0	15.20094667035
3200	0	0	-287.03	0.49763556885	0	14.653479885
3300	0	0	-287.2	0.2869537439	0	14.6988243929
3400	0	0	-287.2	-0.50943842285	0	14.56455333435
3500	0	0	-286.97	-0.61866970875	0	13.80526932195
3600	0	0	-286.97	-0.3915191029	0	13.642248215
3700	0	0	-286.97	-2.01875537575	0	13.60395729625
3800	0	0	-286.31	-1.94369259575	0	11.874722555
3900	0	0	-286.31	-0.1836599645	0	11.71987527385
4000	0	0	-286.31	0	0	12.2275
0	100	0	-280.84	0	0.8434765943	11.98914998235
100	100	0	-280.84	-1.1721863395	0.36938678185	11.8943786331
200	100	0	-280.42	-1.186914983	0.26243460145	10.8669712536
300	100	0	-280.42	-0.0735187717	0.01522689235	10.76926749525
400	100	0	-280.42	0.0871726682	-0.47741184665	10.76394242905
500	100	0	-280.44	0.127639221	-0.480029808	10.78141068245
600	100	0	-280.44	0.47076614345	-0.12305143955	10.6951044214
700	100	0	-280.44	1.63260117725	0.16817026465	10.82124762955
800	100	0	-281.16	1.77807977135	0.5996156558	11.91537493565
900	100	0	-281.16	1.1064274274	1.27221202305	12.22391106795
1000	100	0	-281.16	1.7136330777	1.4212408567	12.26707305755
1100	100	0	-281.9	1.8402912713	1.7120925735	13.07630390165
1200	100	0	-281.9	1.6485704564	1.93142059435	13.2899914471
1300	100	0	-281.9	2.7904697005	1.2466649934	13.3660996817
1400	100	0	-283.05	3.4324758141	0.757671577	14.60199738985
1500	100	0	-283.05	3.14912960815	0.3329877354	15.48646793415
1600	100	0	-284	2.45560849435	0.32760700895	15.8837729594
1700	100	0	-284	1.7506709859	-0.2883397796	15.9951338604
1800	100	0	-284	1.9798736644	-2.19639154445	16.085967087
1900	100	0	-284.79	1.90665220855	-3.12334219255	16.00738472665
2000	100	0	-284.79	1.68170735325	-3.7028154407	15.62786904895
2100	100	0	-284.79	2.30038025455	-4.63849220565	15.4169042897
2200	100	0	-285.79	2.26246986565	-4.56371436325	16.13401270995
2300	100	0	-285.79	1.4577168091	-3.76316137255	16.3513355548
2400	100	0	-285.79	1.330910177	-3.61916260075	16.04620897545
2500	100	0	-286.26	1.2753991293	-2.8666190597	16.2315669377
2600	100	0	-286.26	0.9843101521	-1.1908069594	16.26075513595
2700	100	0	-286.26	1.12431262515	-0.5730770429	15.9681282642
2800	100	0	-286.68	1.08249430045	-0.0201971433	16.20100099835
2900	100	0	-286.68	0.663023089	0.8690985601	16.2610390853
3000	100	0	-286.68	0.5283664823	0.4628037127	15.92502749585
3100	100	0	-286.82	0.4646429029	0.33231221795	15.9058192491
3200	100	0	-286.82	0.3974566496	0.67651813185	15.86931137455
3300	100	0	-286.92	0.2601140397	0.56581532495	15.671279632
3400	100	0	-286.92	0.02268578125	0.5519212502	15.58268812825
3500	100	0	-286.92	-0.06069526985	0.9858167275	15.48347681965
3600	100	0	-286.92	-0.1900185459	0.7623379327	15.2733584446
3700	100	0	-286.92	-0.2206898729	-1.0416307023	15.148894635
3800	100	0	-286.92	0.61889017225	0.3674597446	15.20892860815
3900	100	0	-287.19	0.7647532894	0.63441523135	15.91755549505
4000	100	0	-287.19	0	1.2936843204	16.03301993835
0	200	0	-280.77	0	-3.9775606389	13.19638716415
100	200	0	-280.57	-0.6114450485	-3.94334427155	12.51024049245
200	200	0	-280.57	-0.274364598	-2.40451582195	12.39369928545
300	200	0	-280.49	-0.14355355345	-2.253169934	12.0833891305
400	200	0	-280.49	0.11600436615	-1.99059686365	12.24703314985
500	200	0	-280.49	0.4329756879	-1.95806374065	12.34591099275
600	200	0	-280.68	0.55435809715	-1.8723503693	12.5860272376
700	200	0	-280.68	0.6390188047	-1.8856779691	12.56437334345
800	200	0	-280.68	1.2385702343	-2.86161310445	12.45656352955
900	200	0	-281.16	1.33347260205	-2.8051680131	12.94093499115
1000	200	0	-281.16	1.05367684	-2.11445278895	12.95594480685
1100	200	0	-281.16	1.30974382845	-2.47596653815	12.47011863455
1200	200	0	-281.65	1.39726267895	-2.49534506875	12.5575706626
1300	200	0	-281.65	1.56653305345	-2.4965883576	12.43199789245
1400	200	0	-281.65	2.49300195815	-3.54333567235	12.2362852209
1500	200	0	-282.68	2.7483237324	-4.13704218945	13.0238194684
1600	200	0	-282.68	2.04294876085	-4.2428856706	13.38556267585
1700	200	0	-283.11	1.3565769189	-4.04752318795	12.96660971945
1800	200	0	-283.11	1.0285930182	-3.7199690688	12.5497669716
1900	200	0	-283.11	1.0024814566	-2.98165857225	12.11668969495
2000	200	0	-283.25	1.0562761519	-1.95365028985	11.27367113275
2100	200	0	-283.25	1.52689671775	-0.99219899675	10.83675337925
2200	200	0	-283.25	2.404342168	-1.1107866819	10.9623420418
2300	200	0	-284.33	2.5028962669	-0.9039624858	11.24295547185
2400	200	0	-284.33	2.33607185135	-0.156375923	11.3314177058
2500	200	0	-284.33	3.34431341185	0.18934679385	11.713671305
2600	200	0	-285.95	3.30200126365	0.71684383055	13.19905899015
2700	200	0	-285.95	2.16563199185	1.469424436	13.8899052127
2800	200	0	-285.95	2.3619998028	1.66631883345	14.04893819155
2900	200	0	-286.98	2.17040501825	2.0414559506	15.04728089735
3000	200	0	-286.98	1.10010428565	2.76508001365	15.4617258827
3100	200	0	-286.98	0.88840195355	3.01452717765	15.3461949486
3200	200	0	-287.32	0.73113867585	3.10404387435	15.68765403335
3300	200	0	-287.32	0.1623568656	3.1603176199	15.8095573944
3400	200	0	-287.27	-0.0894370203	3.1977336895	15.7130095636
3500	200	0	-287.27	-0.40825302625	3.25206279355	15.6324850039
3600	200	0	-287.27	-2.4189665327	3.31207916915	15.35161657855
3700	200	0	-286.21	-2.41363356385	3.06893257125	13.8680664086
3800	200	0	-286.21	-0.26764666545	2.71879053775	13.63051824025
3900	200	0	-286.21	0.7425646113	1.81080131175	13.89142262535
4000	200	0	-286.47	0	1.7953120139	14.65082144895
0	300	0	-279.36	0	-3.65936427575	10.2611363228
100	300	0	-279.36	0.4008584808	-3.0576610038	8.89585205375
200	300	0	-279.59	0.50325935455	-2.85988443745	9.4382316966
300	300	0	-279.59	0.3404001866	-2.8080079622	9.65260151645
400	300	0	-279.76	0.3822788649	-2.78265060955	11.16839277985
500	300	0	-279.76	0.245885712	-2.82726040885	11.45726565165
600	300	0	-279.76	0.54315191165	-3.1709339709	11.53788710675
700	300	0	-280	0.64333844545	-3.24027660915	11.579780984
800	300	0	-280	0.85858972735	-3.41645953445	11.45680428965
900	300	0	-280	1.8535877429	-3.93327314645	11.3621839383
1000	300	0	-280.89	2.04283455265	-3.68769136655	12.03454768155
1100	300	0	-280.89	1.4593989915	-2.90108266375	12.0013085092
1200	300	0	-280.89	1.62794863695	-2.69822920255	11.32551164575
1300	300	0	-281.56	1.7424790969	-2.43338340845	11.4314517811
1400	300	0	-281.56	1.79202198225	-2.22017729485	11.58409109735
1500	300	0	-281.56	2.4495796099	-2.76085052475	11.88032441495
1600	300	0	-282.62	2.5451274992	-2.82647480035	12.63618147115
1700	300	0	-282.62	2.27358758435	-2.13804054765	12.73232589495
1800	300	0	-282.62	3.04573827675	-1.27172611225	12.44752445905
1900	300	0	-284.11	3.6729709875	-0.4031451975	13.20639435115
2000	300	0	-284.11	3.6711669321	0.7497305159	13.7940923116
2100	300	0	-285.51	3.1432438625	1.7581006829	13.9144505421
2200	300	0	-285.51	2.3507063766	2.40209810685	13.5746740987
2300	300	0	-285.51	2.412127568	2.20205051855	13.03480009505
2400	300	0	-286.44	2.42421945665	2.46061221515	13.3327761396
2500	300	0	-286.44	2.14861888285	2.97004237355	13.6113706486
2600	300	0	-286.44	2.2643877909	2.19892228855	13.62142605885
2700	300	0	-287.21	2.07378762805	2.09923521965	14.13923492905
2800	300	0	-287.21	1.65452581505	2.66634289085	14.5500330307
2900	300	0	-287.21	1.7617842692	2.1927151305	14.8706955198
3000	300	0	-287.86	1.50143770935	2.14794153295	15.5548534774
3100	300	0	-287.86	0.8036067636	2.62876582025	15.9488745747
3200	300	0	-287.86	0.54324709185	2.53315802625	16.23146253495
3300	300	0	-288.02	0.3538038582	2.50945550995	16.4642433585
3400	300	0	-288.02	0.1144309549	2.68701927845	16.4821622874
3500	300	0	-288.02	0.0536502098	2.6812761423	16.33703054895
3600	300	0	-288.14	-0.3731487682	2.58682509995	16.43560065415
3700	300	0	-288.14	-0.81397850765	4.4882156846	16.5213172348
3800	300	0	-287.96	-0.6392410839	4.632637548	16.1934256668
3900	300	0	-287.96	-0.15872523445	3.52853894345	16.1201827743
4000	300	0	-287.96	0	2.3040059897	16.88442418035
0	400	0	-279.79	0	-2.5756056183	11.18125241815
100	400	0	-279.79	0.1880347898	-2.14108397575	11.0136464878
200	400	0	-279.79	-0.0247115564	-2.70691431205	11.7969930611
300	400	0	-279.77	-0.06631972555	-3.16509014715	11.8440828855
400	400	0	-279.77	0.0967519195	-3.60019754725	12.19000912825
500	400	0	-279.8	0.04469232655	-3.7431179775	12.21798432165
600	400	0	-279.8	0.1413419002	-4.0632680037	12.031814105
700	400	0	-279.8	0.39349324115	-4.3605810062	11.48756267645
800	400	0	-279.95	0.545573697	-4.435045771	11.37329824
900	400	0	-279.95	1.06224076995	-4.7036449252	10.95083774985
1000	400	0	-279.95	2.08586732605	-5.34543036425	10.43214542435
1100	400	0	-280.89	2.29920599245	-5.040526714	10.8506516415
1200	400	0	-280.89	1.8649619309	-4.01446447675	10.9275185573
1300	400	0	-280.89	2.04458496115	-3.69463651955	10.64642250615
1400	400	0	-281.72	2.1655348452	-3.2749708473	10.90961414395
1500	400	0	-281.72	2.1420262269	-2.6788320493	11.0443014132
1600	400	0	-281.72	2.66575873795	-2.64047756095	10.9672343349
1700	400	0	-282.79	2.911325607	-1.9744271607	11.4566433791
1800	400	0	-282.79	2.76348836835	-0.62753912855	11.7727687756
1900	400	0	-282.79	3.02393808475	-0.10016984745	11.87402741325
2000	400	0	-283.49	3.2175220323	0.4650029341	12.43697307125
2100	400	0	-283.49	3.1792643087	0.19079662695	12.82638194885
2200	400	0	-284.63	2.848292007	0.30557964675	12.8567398867
2300	400	0	-284.63	2.56141037185	0.8790559728	12.52302914425
2400	400	0	-284.63	3.104063703	0.88611364225	12.4242350145
2500	400	0	-286.1	3.08262348525	1.14658154915	13.32602086795
2600	400	0	-286.1	2.4311941131	1.6975336142	13.6750843857
2700	400	0	-286.1	2.63305259415	1.72547713335	13.71926970985
2800	400	0	-287.29	2.45547971365	1.94104780425	14.5229060841
2900	400	0	-287.29	1.65200366035	2.34406850905	15.0049244052
3000	400	0	-287.29	1.5361549754	2.1716391214	15.11292710205
3100	400	0	-287.89	1.27361844685	2.2317445869	15.60919746885
3200	400	0	-287.89	0.6118283622	2.56812824075	15.88975612305
3300	400	0	-287.89	0.3162181178	2.58865754325	15.8435918735
3400	400	0	-287.98	0.08238361205	2.5964949185	15.85177841255
3500	400	0	-287.98	-0.5084472014	2.5858688659	15.76889689335
3600	400	0	-287.65	-0.6120269904	2.35461006795	15.4768381481
3700	400	0	-287.65	-0.36782111915	2.5880972926	15.49005211925
3800	400	0	-287.65	-1.22732340325	2.6993086295	15.36692989085
3900	400	0	-287.13	-1.586066947	2.4761452037	14.8059694663
4000	400	0	-287.13	0	0.3525641237	14.582634755
0	500	0	-278.73	0	-4.059995181	10.9876133095
100	500	0	-278.93	0.26954978705	-4.0433509874	11.43488250605
200	500	0	-278.93	-0.52074681685	-4.45374512595	11.5615755966
300	500	0	-278.69	-0.5528830486	-4.55997047025	11.40694751265
400	500	0	-278.69	-0.1957489688	-4.97215375	11.41212172835
500	500	0	-278.69	-0.21718474445	-5.14735705825	11.37501281355
600	500	0	-278.54	-0.0743111137	-5.1334179863	11.20256387195
700	500	0	-278.54	0.27156067815	-4.8887477816	11.01049935375
800	500	0	-278.54	0.51552580835	-4.6454627416	10.87054332175
900	500	0	-278.67	0.94320314965	-4.32129206215	10.37202739635
1000	500	0	-278.67	1.70595276385	-3.866478009	9.7945221459
1100	500	0	-278.67	2.790364879	-3.97536601035	9.45254506405
1200	500	0	-280.01	2.97383883475	-3.51203951675	10.0492692176
1300	500	0	-280.01	2.4819727297	-2.5440148838	10.18498647785
1400	500	0	-280.01	2.8078264525	-2.1277622083	9.8606042124
1500	500	0	-281.22	3.0840728929	-1.4446447406	10.26355404795
1600	500	0	-281.22	3.2495323878	-0.3590914245	10.5693627945
1700	500	0	-281.22	4.2865260201	0.1017218187	10.8622021266
1800	500	0	-283.31	4.91999559	0.72130733035	12.15495504985
1900	500	0	-283.31	4.76551305015	1.6367896923	13.38138166145
2000	500	0	-285.04	3.9621334065	2.0430236702	14.33351536505
2100	500	0	-285.04	2.98382057515	2.18762986735	14.71196016835
2200	500	0	-285.04	3.03896572245	1.96060512435	14.8639407473
2300	500	0	-286.4	2.9926615635	2.0635234056	14.981723203
2400	500	0	-286.4	2.691745033	2.3098259581	15.05952439025
2500	500	0	-286.4	2.96003885815	1.87036892135	15.41869469385
2600	500	0	-287.62	2.8432833751	1.94837671985	15.66869926435
2700	500	0	-287.62	2.3173018181	2.45471928375	15.56806621575
2800	500	0	-287.62	2.27311719075	2.16676290495	15.4358932689
2900	500	0	-288.47	1.99237558635	2.21682746905	15.9133329909
3000	500	0	-288.47	1.38911378385	2.68504230945	16.21118247915
3100	500	0	-288.47	1.2000958796	2.58967607725	16.16227345065
3200	500	0	-288.9	0.9001600482	2.58899890825	16.39378453375
3300	500	0	-288.9	0.3821705326	2.7729429695	16.47446510965
3400	500	0	-288.9	0.1116422809	2.7320349671	16.3290963453
3500	500	0	-288.94	-0.18823464075	2.73111138215	16.30744999535
3600	500	0	-288.94	-0.3709203415	2.90509617815	16.1761492344
3700	500	0	-288.9	-0.4692799461	2.63768392225	16.21255488705
3800	500	0	-288.9	-0.7511931728	1.91913437555	16.17763624245
3900	500	0	-288.9	-2.5054697369	2.41289965255	15.95155629995
4000	500	0	-287.83	0	2.27616754665	14.55284199565
0	600	0	-278.32	0	-3.6470186514	11.527179552
100	600	0	-278.32	-0.2057151518	-4.00406510525	11.94421853615
200	600	0	-278.13	-0.54133103925	-4.0239596263	11.7310741597
300	600	0	-278.13	-0.58472835295	-3.7609108392	11.62945198005
400	600	0	-277.93	-0.49063467185	-4.1416972992	11.55031003235
500	600	0	-277.93	-0.11657190975	-4.36443060175	11.51368180905
600	600	0	-277.93	0.39995117685	-4.1939682671	11.48784419705
700	600	0	-278.19	0.88144848585	-3.8395142677	11.5334661955
800	600	0	-278.19	1.11302941645	-2.90653778365	11.6129821573
900	600	0	-278.19	1.84122550255	-2.1978902842	11.534241285
1000	600	0	-279.12	2.43179337785	-1.52697395535	11.3912055109
1100	600	0	-279.12	2.6536444847	-0.70347359865	10.94260588195
1200	600	0	-279.12	3.29631305745	-0.56135181175	10.49373215935
1300	600	0	-280.52	3.4288622696	0.03078778305	10.9119016345
1400	600	0	-280.52	3.2649049884	1.085505525	11.1534448219
1500	600	0	-280.52	3.91069700735	1.4922475773	11.217539186
1600	600	0	-282.33	4.21212529725	2.15032389885	12.0859419042
1700	600	0	-282.33	3.99172436185	2.91503933995	12.7177960371
1800	600	0	-282.33	4.29855624195	2.3919468263	13.0397618035
1900	600	0	-284	4.3456544246	1.61491382045	13.9338896675
2000	600	0	-284	3.768362204	0.93621906295	14.61230460285
2100	600	0	-284.95	3.0968457595	1.2939333594	14.69788490885
2200	600	0	-284.95	2.72418554525	1.9019408188	14.70647004765
2300	600	0	-284.95	2.91063120895	1.7126274077	14.7444217186
2400	600	0	-286.1	2.9109092221	2.09064460025	14.81885931825
2500	600	0	-286.1	2.721174247	2.7116760456	14.9480618335
2600	600	0	-286.1	3.01554447215	2.67486407815	15.15736908645
2700	600	0	-287.44	2.85143877925	2.8077764169	15.38915884935
2800	600	0	-287.44	2.21758789895	3.2593907946	15.2683440105
2900	600	0	-287.44	2.17028306485	3.2670862203	15.2222702277
3000	600	0	-288.34	1.9090035836	3.4622033255	15.8469421013
3100	600	0	-288.34	1.17757504565	3.86125301735	16.00195200485
3200	600	0	-288.34	0.7950952578	3.67472433395	15.7942466884
3300	600	0	-288.61	0.45925417665	3.51332859005	15.910629963
3400	600	0	-288.61	0.0405520247	3.3844072001	15.92511546685
3500	600	0	-288.61	-0.3353859937	3.14060624335	15.948842944
3600	600	0	-288.45	-0.70545445365	3.0948779695	15.7422572009
3700	600	0	-288.45	-1.35378292175	2.43625831815	15.5323322515
3800	600	0	-287.93	-1.45210767295	1.718635827	15.3879642025
3900	600	0	-287.93	-1.2290337759	0.90249266995	15.3128325532
4000	600	0	-287.93	0	2.78195786305	14.8918958474
0	700	0	-277.97	0	-5.55164760065	11.8895325834
100	700	0	-277.97	-0.10739118785	-5.651025555	12.0313168645
200	700	0	-277.97	-0.27759255415	-5.3788877891	12.08219901955
300	700	0	-277.94	-0.6706207215	-5.40021658585	11.96765037245
400	700	0	-277.94	-0.79926873135	-6.048052346	11.58012390675
500	700	0	-277.8	-0.26945571235	-6.3300293835	11.48874436215
600	700	0	-277.8	0.45060522035	-6.3756451141	11.56047562745
700	700	0	-277.8	1.55899115825	-6.4414094331	11.68132427115
800	700	0	-278.65	2.15714979185	-5.8770882718	12.0305291321
900	700	0	-278.65	2.32276697795	-4.64667898925	12.25684737685
1000	700	0	-278.65	3.2003694494	-4.07603886365	12.41523683075
1100	700	0	-280.08	3.75598702595	-3.2929338555	12.4891323066
1200	700	0	-280.08	3.7081002131	-1.78466236725	12.2103496348
1300	700	0	-280.08	4.1288300631	-1.1695928231	12.0026074114
1400	700	0	-281.89	4.26928624675	-0.524368532	12.86013062605
1500	700	0	-281.89	4.1488912701	0.4789746987	13.1662262264
1600	700	0	-281.89	4.67232415045	0.65648812005	13.4954140099
1700	700	0	-284.08	4.52814894755	0.91661068885	14.6692412464
1800	700	0	-284.08	3.61987007385	1.25302432855	14.9858901206
1900	700	0	-284.08	3.3097852868	0.9172778179	14.7156143852
2000	700	0	-284.88	3.64115294545	0.6403357768	14.8766898892
2100	700	0	-284.88	3.949542331	1.08812998535	15.35238900815
2200	700	0	-286.55	3.45765977075	1.6998139793	15.62827942395
2300	700	0	-286.55	3.1813653416	2.01995895035	15.5426294011
2400	700	0	-286.55	3.6907936709	2.7721683758	15.78353587745
2500	700	0	-287.88	3.54425833605	4.11600532845	16.0455907296
2600	700	0	-287.88	2.93938374975	5.053367666	16.1043291807
2700	700	0	-287.88	2.90182853455	4.7906704346	16.13824224575
2800	700	0	-289.04	2.73242699415	5.0819092774	16.1566813928
2900	700	0	-289.04	2.19518811725	5.88174374	16.20033463645
3000	700	0	-289.04	1.98328058425	6.0271876884	16.5654358839
3100	700	0	-289.85	1.4126168914	5.9976062638	16.8408991345
3200	700	0	-289.85	0.55223561755	5.8582518449	16.782157454
3300	700	0	-289.85	0.09185339875	5.2758739156	16.7245974257
3400	700	0	-289.85	-0.2610800658	4.90872569755	16.7403677517
3500	700	0	-289.85	-0.4777638747	4.4281502315	16.88021200425
3600	700	0	-289.85	-1.0752682667	4.5257918976	16.8936444222
3700	700	0	-289.33	-1.8455220886	4.2870637286	16.5428222985
3800	700	0	-289.33	-2.284958821	3.64687425635	16.0269366164
3900	700	0	-288.68	-1.44214770085	2.51421325365	15.78328998075
4000	700	0	-288.68	0	2.93204085795	16.06211214905
0	800	0	-277	0	-9.0206224922	10.1946523367
100	800	0	-277.01	-0.03295534025	-9.06602661335	10.2381497082
200	800	0	-277.01	-0.2905220701	-9.0190766615	10.360858828
300	800	0	-277.01	-1.2538929132	-9.40446791425	10.15648747175
400	800	0	-276.26	-1.4204474695	-9.56813390625	9.23065881905
500	800	0	-276.26	-0.4441646745	-9.8088787652	9.13301151825
600	800	0	-276.26	0.28857112725	-9.97172259015	9.2982965217
700	800	0	-276.34	1.38000532815	-10.1346419241	9.218936154
800	800	0	-276.34	2.90775985695	-10.1561148077	9.52342513455
900	800	0	-277.57	3.6422749107	-8.8221878552	10.08404221425
1000	800	0	-277.57	3.78553851495	-7.20455148975	10.5552342901
1100	800	0	-277.57	4.9450209811	-6.9687201964	10.98111466125
1200	800	0	-279.95	5.41965408985	-5.512091273	11.7568841141
1300	800	0	-279.95	4.68915610485	-3.9291862905	12.1990841141
1400	800	0	-279.95	4.9134725102	-3.7672684759	12.8285157414
1500	800	0	-282.03	5.09155366275	-2.71361662355	13.45857922225
1600	800	0	-282.03	4.64976128405	-1.48786957955	13.990670057
1700	800	0	-282.03	4.588260567	-1.4565796114	14.72053066765
1800	800	0	-283.84	4.299223371	-1.1343408535	15.00846697325
1900	800	0	-283.84	3.73296587285	-0.0420773601	14.63313640365
2000	800	0	-283.84	3.9392143748	0.55040341545	14.2852095543
2100	800	0	-285.56	4.156323962	0.6590657876	14.83282922025
2200	800	0	-285.56	3.6560145069	0.85670082315	15.15725404745
2300	800	0	-285.56	3.98298560545	1.45858646575	14.72061655495
2400	800	0	-287.26	5.0069556002	2.17989201055	15.25798170675
2500	800	0	-287.26	5.0023735372	3.3868436149	16.19185750165
2600	800	0	-288.95	3.6902095783	4.38978246375	16.27070882345
2700	800	0	-288.95	2.87998039065	4.5882238979	15.9024580065
2800	800	0	-288.95	3.30866120435	4.8386329876	16.0051435465
2900	800	0	-290.22	3.11556147585	5.92582558935	16.4013579357
3000	800	0	-290.22	2.0248661074	6.98031274745	16.83666904595
3100	800	0	-290.22	1.00863920215	6.8714140395	17.04258172715
3200	800	0	-290.39	0.0733629096	6.788614535	17.03251188175
3300	800	0	-290.39	-0.49027197405	6.02187644765	16.76983095145
3400	800	0	-290.39	-0.80717165605	5.473190135	16.76873258695
3500	800	0	-289.91	-0.7183197903	5.33364895025	17.1707919255
3600	800	0	-289.91	-0.8465409599	5.27727608155	17.76383507895
3700	800	0	-289.91	-2.232700563	4.8391839152	18.3217472782
3800	800	0	-288.94	-3.2249581479	4.6403075204	17.5000427225
3900	800	0	-288.94	-1.94386717095	3.15876012115	16.3526329495
4000	800	0	-288.94	0	2.06729433645	17.11849601685
0	900	0	-274.87	0	-10.02465464705	6.5507776335
100	900	0	-274.87	-0.1058453538	-10.20672263795	6.5772875972
200	900	0	-274.85	-0.61603385505	-10.30257357495	6.77618250075
300	900	0	-274.85	-1.21967796625	-11.3086750851	6.5177764753
400	900	0	-274.85	-1.2036795823	-11.27738985385	6.07727925015
500	900	0	-274.5	-0.6730443929	-11.2990236078	6.1354990777
600	900	0	-274.5	0.12484206145	-11.64903433135	6.19525330575
700	900	0	-274.5	1.3745989407	-11.5875624377	5.63297614695
800	900	0	-274.93	3.46960386075	-11.40860395365	5.8034381332
900	900	0	-274.93	5.27433029925	-10.3370937203	6.9617278218
1000	900	0	-277.26	5.0538371082	-8.94788982145	7.8058481789
1100	900	0	-277.26	5.4484472427	-8.2485015947	8.0281977557
1200	900	0	-277.26	6.747634119	-7.21554535225	9.3402588696
1300	900	0	-280.02	5.87365285685	-6.0354410767	10.38099674665
1400	900	0	-280.02	5.4848559137	-5.4207963561	10.6964513961
1500	900	0	-280.02	6.42829016645	-4.33077287705	11.77963688865
1600	900	0	-282.52	5.9293611626	-2.70324705365	13.00667623535
1700	900	0	-282.52	4.88167767025	-1.67461535635	13.59074213585
1800	900	0	-282.52	5.0343723218	-1.56223137875	13.78481670765
1900	900	0	-284.86	4.9945295591	-0.461116914	13.784346706
2000	900	0	-284.86	4.3422960898	0.92085533985	13.40282596285
2100	900	0	-284.86	4.25583973535	1.30080056795	13.36580739085
2200	900	0	-286.51	4.2571804489	1.5978898675	13.97082814435
2300	900	0	-286.51	4.504556529	2.68384956875	14.0060105512
2400	900	0	-286.51	5.6190508167	3.1342296892	14.33562341285
2500	900	0	-289.27	5.75414878925	3.2551948928	15.83925055825
2600	900	0	-289.27	4.14076403275	3.827398115	16.2128929054
2700	900	0	-289.27	3.35067905505	4.83134621165	15.41468578905
2800	900	0	-290.3	4.0700286856	5.5765884478	15.4760287278
2900	900	0	-290.3	4.3368678771	6.60145803815	16.50617049455
3000	900	0	-291.83	2.9288690344	7.5949829314	17.5110242503
3100	900	0	-291.83	1.2209186823	8.02371781075	17.8323532487
3200	900	0	-291.83	-0.2973019743	8.60699751985	17.9997685473
3300	900	0	-291.06	-1.2235710046	8.4969084296	17.48089162005
3400	900	0	-291.06	-0.9493075632	7.8631139767	17.35380638855
3500	900	0	-291.06	-0.6736779248	7.8407470183	17.7272555948
3600	900	0	-291.21	-1.56973330175	6.57760737815	18.58003481415
3700	900	0	-291.21	-2.48249064975	4.2298576814	18.69739337425
3800	900	0	-291.21	-3.96538261505	3.96406544865	18.93587902335
3900	900	0	-289.39	-4.01516088815	4.14562486935	16.46711179935
4000	900	0	-289.39	0	1.73438932595	16.2142530121
0	1000	0	-273.47	0	-7.90663262405	4.932365867
100	1000	0	-273.47	-0.3108742648	-8.2966096248	4.9776784762
200	1000	0	-273.47	-1.39247451725	-8.4219163346	5.0650125541
300	1000	0	-272.72	-2.2287091921	-9.61557560125	4.45163380185
400	1000	0	-272.72	-1.41079599555	-10.9349157124	4.15635676855
500	1000	0	-272.72	-0.81580915535	-11.14395831535	4.2524459542
600	1000	0	-272.55	3.23E-05	-12.21924835035	4.2995468537
700	1000	0	-272.55	1.6204357092	-12.03523485365	3.9513806368
800	1000	0	-272.55	4.15822857435	-11.6983251828	3.890126865
900	1000	0	-274.76	6.1029890429	-11.603308771	5.6724124106
1000	1000	0	-274.76	5.8741306439	-10.3250284809	6.49969323895
1100	1000	0	-274.76	6.6773654503	-8.4302594761	6.2237878721
1200	1000	0	-278.09	7.6327146045	-7.8174267571	7.7982757719
1300	1000	0	-278.09	6.483905101	-7.13094867325	9.1195785576
1400	1000	0	-278.09	6.6181407065	-5.77782232805	9.05871925835
1500	1000	0	-281.08	7.8091029652	-5.04031908435	10.4361839331
1600	1000	0	-281.08	7.3059188081	-4.07144254975	12.2595277554
1700	1000	0	-283.29	5.7292762419	-2.875704454	12.867712671
1800	1000	0	-283.29	5.51272181335	-2.19184659275	12.92252436265
1900	1000	0	-283.29	6.21605259145	-1.12976548045	13.5231812085
2000	1000	0	-285.35	5.70113185675	0.47786542325	13.81111454935
2100	1000	0	-285.35	4.83335848965	1.8049818961	13.9287493672
2200	1000	0	-285.35	5.03906351105	2.1223005291	14.3678686335
2300	1000	0	-287.53	5.5193254305	3.2163735585	14.8585263768
2400	1000	0	-287.53	5.5783009209	4.58261498285	15.3516580951
2500	1000	0	-287.53	5.69554195965	4.65719674975	16.2794424376
2600	1000	0	-289.7	5.26636089715	5.0290749802	16.67545003465
2700	1000	0	-289.7	4.62917072345	7.11378558475	16.28553894515
2800	1000	0	-289.7	5.07877303085	8.6893641943	16.0221124891
2900	1000	0	-292.04	5.1339559561	9.1249323668	17.2768225477
3000	1000	0	-292.04	3.44712588	9.8478428765	18.6673740544
3100	1000	0	-292.04	2.02065379395	10.67188592985	19.12220393965
3200	1000	0	-293.1	0.54655352845	11.0135148395	19.75716772345
3300	1000	0	-293.1	-1.23415551385	11.28878702285	19.63971333995
3400	1000	0	-292.4	-1.46333306735	10.7764563306	19.60394845185
3500	1000	0	-292.4	-2.00382638885	9.99083899665	19.9184640494
3600	1000	0	-292.4	-4.4574302968	7.550960032	19.48591161725
3700	1000	0	-290.41	-4.84624249585	5.05891681705	18.1851878648
3800	1000	0	-290.41	-3.30919095995	2.9566423099	17.96109413395
3900	1000	0	-290.41	-4.17354329365	4.98026949685	16.9309249977
4000	1000	0	-288.77	0	3.96393430955	15.64573096755
0	1100	0	-272.53	0	-5.69814375055	4.73239780435
100	1100	0	-272.3	-0.6211290677	-6.0992142227	4.8434300536
200	1100	0	-272.3	-1.93499983485	-6.451280121	4.97220177895
300	1100	0	-272.3	-3.73267734405	-7.7415508383	3.8065492359
400	1100	0	-271.07	-2.73206229305	-9.7048263649	3.05709615695
500	1100	0	-271.07	-1.9573770342	-10.789429688	3.040713461
600	1100	0	-271.07	-0.76643447685	-13.10929252415	2.0306073441
700	1100	0	-271.75	1.89552210825	-13.80567091995	1.7750709387
800	1100	0	-271.75	3.9015299434	-13.2232739794	1.96627289555
900	1100	0	-271.75	6.64762700115	-13.92060463615	3.08326729495
1000	1100	0	-274.69	8.2268864031	-12.05062794955	4.4426480064
1100	1100	0	-274.69	7.9560489665	-8.20048568625	4.9757332518
1200	1100	0	-274.69	8.04694492185	-7.00951593695	5.64489942675
1300	1100	0	-277.65	7.9132572859	-6.29607985035	7.4629976281
1400	1100	0	-277.65	7.57548550595	-3.8606535315	8.19519987535
1500	1100	0	-277.65	8.13466994475	-3.12225573395	9.00766905055
1600	1100	0	-281.01	8.0939757896	-3.05164785095	11.1454841432
1700	1100	0	-281.01	6.7612736306	-2.06427646885	12.20755283035
1800	1100	0	-281.01	6.78031129535	-0.92714280075	12.347846941
1900	1100	0	-284.4	7.6642415751	-0.5614663717	13.7355667731
2000	1100	0	-284.4	7.27704346635	-0.04280859475	15.20188274745
2100	1100	0	-287.24	5.9002748412	0.77785466035	15.810298669
2200	1100	0	-287.24	5.6685721113	1.20650809785	15.8939631502
2300	1100	0	-287.24	6.96487098275	2.03896087395	16.6599291061
2400	1100	0	-290.17	7.05987400795	3.75895491155	17.7231270883
2500	1100	0	-290.17	6.20060878995	5.1840616917	18.5300105606
2600	1100	0	-290.17	6.59735286775	5.64240941195	19.01223998195
2700	1100	0	-292.93	7.01096826915	7.94090689615	19.66453088365
2800	1100	0	-292.93	6.08117546765	10.8118554657	20.0005096364
2900	1100	0	-292.93	5.4953465593	11.2846753099	20.48459485055
3000	1100	0	-294.87	4.47582259745	12.55201589695	22.1413469416
3100	1100	0	-294.87	2.3865906453	13.8771798692	22.82838717555
3200	1100	0	-294.87	0.3195991187	13.59022299305	23.05899970825
3300	1100	0	-294.64	-1.4606295135	13.3344517694	22.84438871855
3400	1100	0	-294.64	-2.24725558605	12.46018698335	22.716506713
3500	1100	0	-294.64	-3.89917422675	10.50273280535	23.07245766325
3600	1100	0	-292.67	-6.5016554847	9.1685708403	21.88274608685
3700	1100	0	-292.67	-7.07680837185	7.45688846425	19.32355337145
3800	1100	0	-290.68	-4.04402993525	5.40703740695	18.294473749
3900	1100	0	-290.68	-3.00786888515	5.75235865645	18.95115167335
4000	1100	0	-290.68	0	5.962259985	17.62444051365
0	1200	0	-272.13	0	-5.2700986697	4.8033014287
100	1200	0	-272.13	-1.06401063525	-5.70558485765	4.9867283203
200	1200	0	-272.13	-3.0348111362	-6.7650798872	5.1078780821
300	1200	0	-270.43	-5.482255436	-7.1627797937	3.27029837785
400	1200	0	-270.43	-4.45867484525	-9.4783899891	1.1580176552
500	1200	0	-270.43	-4.2202753146	-11.67136720685	0.6918215315
600	1200	0	-267.74	-3.0162089346	-12.72591640695	-1.79564607255
700	1200	0	-267.74	1.5064542506	-14.0355678089	-2.6759754038
800	1200	0	-269.57	4.0432948615	-13.955688352	-2.4013042138
900	1200	0	-269.57	7.27563507275	-13.8962774219	-2.027218263
1000	1200	0	-269.57	11.59424959045	-12.04539281745	0.47134172035
1100	1200	0	-274.55	11.71847745955	-8.27760881005	3.33849847515
1200	1200	0	-274.55	9.53712044375	-5.11913362315	5.05295509675
1300	1200	0	-274.55	9.6327675098	-4.5367748391	6.7931426228
1400	1200	0	-279.13	9.79196482625	-2.43812728985	8.67209595935
1500	1200	0	-279.13	8.61810864575	-0.32471406955	10.06346404865
1600	1200	0	-279.13	8.3638980732	-0.12001844335	11.81572552745
1700	1200	0	-282.8	7.8537812921	0.1391736395	13.1811724993
1800	1200	0	-282.8	7.01553190715	1.19475104505	13.60900292555
1900	1200	0	-282.8	7.10038679745	0.9269859236	14.3340578674
2000	1200	0	-285.26	7.0404528888	0.3437435402	15.855570636
2100	1200	0	-285.26	6.08267518225	0.5394664259	16.4173079222
2200	1200	0	-285.26	6.3001697213	1.29088112415	15.92261532835
2300	1200	0	-287.78	8.0717722442	1.7089800684	16.7065790822
2400	1200	0	-287.78	8.72340173865	2.5510908275	18.4980173705
2500	1200	0	-291.14	7.57899646005	3.84072949025	19.54624221615
2600	1200	0	-291.14	8.02320610495	4.89335464465	19.88215938585
2700	1200	0	-291.14	9.79861678055	6.99585288155	21.6321569514
2800	1200	0	-295.5	8.4225414446	9.66774042105	23.3763969021
2900	1200	0	-295.5	6.874116384	11.5127762538	23.98821400495
3000	1200	0	-295.5	6.0396304393	14.1926924703	26.01721243115
3100	1200	0	-297.26	3.05886089005	15.1598562035	26.8615739648
3200	1200	0	-297.26	0.00382542865	14.8301682047	26.68972082405
3300	1200	0	-297.26	-2.3641915202	14.1910195875	26.30201587035
3400	1200	0	-296.02	-4.2950520314	13.2300491601	25.6975234688
3500	1200	0	-296.02	-5.29544253525	10.03620678035	25.1645936098
3600	1200	0	-296.02	-7.5032746379	8.76405471225	25.1000601679
3700	1200	0	-292.67	-8.6077759292	8.8198314183	21.3620548264
3800	1200	0	-292.67	-5.01372076775	7.26474778715	19.97750590665
3900	1200	0	-292.67	-3.6183207156	4.58393224975	21.632736555
4000	1200	0	-291.15	0	4.98268614665	20.61669448265
0	1300	0	-271.22	0	-5.82690951625	3.6899308047
100	1300	0	-270.68	-2.1161102852	-5.8665882328	3.92322825855
200	1300	0	-270.68	-3.3921947709	-7.6239465088	3.26926657115
300	1300	0	-270.68	-6.44598744595	-7.6522652447	2.28552145015
400	1300	0	-267.38	-7.2406497062	-8.0357633689	-1.53807134625
500	1300	0	-267.38	-5.2049034487	-10.8088848197	-3.3751810991
600	1300	0	-267.38	-3.13063508225	-10.619181281	-5.3393164166
700	1300	0	-266.29	0.6657501632	-10.7510531935	-6.54583142215
800	1300	0	-266.29	4.04082032705	-10.63490015435	-6.64969117065
900	1300	0	-266.29	8.5579225357	-9.8559932322	-6.90288149735
1000	1300	0	-270.83	13.8455550183	-9.6387627703	-3.58452416355
1100	1300	0	-270.83	14.88230815745	-8.1349350671	1.19696644025
1200	1300	0	-276.4	11.7877788928	-5.81616650175	4.28067472585
1300	1300	0	-276.4	10.5942636192	-4.8293802273	5.61419003705
1400	1300	0	-276.4	11.78754627215	-3.3422771177	8.2799941809
1500	1300	0	-280.54	10.45277879125	-0.9381130022	10.8548984164
1600	1300	0	-280.54	8.557863502	0.7353687376	12.5571560867
1700	1300	0	-280.54	8.07604311565	0.8037957974	13.77778836075
1800	1300	0	-284.01	7.56812357945	1.01680014385	14.6319554181
1900	1300	0	-284.01	6.81323407025	1.42642344405	15.2557533303
2000	1300	0	-284.01	6.88952396865	1.18812590415	16.25504461875
2100	1300	0	-287.02	6.84741242515	1.27250649475	16.83929456825
2200	1300	0	-287.02	6.8380857538	2.40390866125	16.4529043723
2300	1300	0	-287.02	8.2250806861	2.6369494783	16.58930118005
2400	1300	0	-290.66	9.19162343315	2.3939407597	18.52437168315
2500	1300	0	-290.66	8.54287260375	3.14025684505	19.50596660665
2600	1300	0	-290.66	9.75247625905	4.6487616005	19.37036011415
2700	1300	0	-295.44	11.78535404555	5.6403258024	21.74151828095
2800	1300	0	-295.44	10.5980988399	7.6021932101	24.82949076815
2900	1300	0	-295.44	10.02029860855	10.7849630057	26.27338400325
3000	1300	0	-299.55	8.12290254715	13.39213053845	29.65652267895
3100	1300	0	-299.55	3.02406638305	13.50030294965	30.9704417866
3200	1300	0	-299.35	-0.6492374973	13.6373396744	30.6862622648
3300	1300	0	-299.35	-3.0607485581	12.73421636025	30.12707328675
3400	1300	0	-299.35	-6.40206839655	12.03619217645	29.24427415795
3500	1300	0	-295.71	-8.36516867125	10.6778372551	27.23636124815
3600	1300	0	-295.71	-7.71803084675	7.60659195775	26.02996636355
3700	1300	0	-295.71	-8.57611529695	7.8364058404	23.61070992855
3800	1300	0	-292.38	-8.27992910715	7.89199469185	21.90187335405
3900	1300	0	-292.38	-5.289930529	3.11144837265	21.5469170523
4000	1300	0	-292.38	0	2.39034315115	22.4391997028
0	1400	0	-270.05	0	-4.9662162301	2.88808971555
100	1400	0	-270.05	-2.86104762445	-4.7240775802	2.8967249402
200	1400	0	-268.44	-4.8204881481	-4.9228843151	1.2270419195
300	1400	0	-268.44	-5.8940722961	-6.7398932271	-0.2583809775
400	1400	0	-268.44	-7.6152944169	-5.73197875725	-3.04494651765
500	1400	0	-264.94	-6.80369322335	-5.75881768425	-5.9748919908
600	1400	0	-264.94	-2.95837731175	-6.55925989715	-7.97175876805
700	1400	0	-264.94	1.49073537725	-6.134012944	-8.72647153795
800	1400	0	-266.57	4.9383548228	-5.77292208205	-8.40345722825
900	1400	0	-266.57	8.2717724568	-4.39699654805	-8.46048074735
1000	1400	0	-266.57	13.31530775555	-5.3149514445	-6.59779270265
1100	1400	0	-272.78	15.5410737281	-6.53680299125	-1.23582750555
1200	1400	0	-272.78	12.8426752802	-5.6555827208	2.0762924063
1300	1400	0	-272.78	12.10665689385	-3.91335190245	2.817828849
1400	1400	0	-278.46	13.68323205135	-3.59783173705	5.9693293024
1500	1400	0	-278.46	12.69575450105	-2.6175467004	9.7607488998
1600	1400	0	-282.21	10.1058068728	-0.7916276728	12.04194022035
1700	1400	0	-282.21	8.13521269835	0.4806411897	13.27151283705
1800	1400	0	-282.21	7.6381595538	0.3136701078	14.0888722183
1900	1400	0	-285.52	7.27171255775	0.2456412223	14.74551882685
2000	1400	0	-285.52	6.88653594285	0.73124646545	15.42802567665
2100	1400	0	-285.52	7.29845793935	0.69501809815	16.00668233215
2200	1400	0	-288.83	7.66461270485	1.08786590485	16.26689277145
2300	1400	0	-288.83	8.06180434265	1.97509408875	16.5979158156
2400	1400	0	-288.83	9.2267091054	1.87760879395	17.93169050055
2500	1400	0	-292.87	9.83381730085	2.2693342401	18.98421236775
2600	1400	0	-292.87	10.52327506565	4.13826188425	19.1554370485
2700	1400	0	-292.87	12.75204839015	4.377315757	20.66263162565
2800	1400	0	-298.9	13.5671786479	4.76378185725	24.93982381545
2900	1400	0	-298.9	12.66405371235	7.41952466805	28.2061203771
3000	1400	0	-302.65	8.7549703799	7.8492839439	31.67866043245
3100	1400	0	-302.65	3.304070026	7.8561998782	32.96215318855
3200	1400	0	-302.65	-0.76226116075	9.21773228125	33.515083241
3300	1400	0	-301.05	-3.96533901815	9.22669704205	33.08219416735
3400	1400	0	-301.05	-6.35143113655	7.694145129	32.1876157317
3500	1400	0	-301.05	-9.72504275395	7.74808163315	30.34079789325
3600	1400	0	-296.35	-10.3447060526	7.44830524165	27.7164077693
3700	1400	0	-296.35	-8.3223731951	4.3416635629	25.6600919557
3800	1400	0	-296.35	-9.7386782355	4.3523708396	24.2049490119
3900	1400	0	-291.97	-9.1199722563	4.17256933475	21.7856013162
4000	1400	0	-291.97	0	0.35394675915	21.5735036037
0	1500	0	-269.28	0	-2.3235371664	2.78666284425
100	1500	0	-269.28	-2.07277836685	-2.64055704975	2.563348712
200	1500	0	-269.28	-5.4080104178	-0.96733302545	1.50726071955
300	1500	0	-266.42	-7.2550818881	-1.49874913335	-1.24223670545
400	1500	0	-266.42	-6.25957416335	-2.6946278688	-3.6974285
500	1500	0	-266.42	-6.0321845886	-0.1069696004	-5.7348625612
600	1500	0	-263.76	-3.505830342	0.26774703815	-8.2815921108
700	1500	0	-263.76	1.4520879783	0.660722175	-9.06865923095
800	1500	0	-263.76	5.777836723	0.7107348543	-8.61913393335
900	1500	0	-266.79	9.01589317325	1.31718823195	-7.82637135425
1000	1500	0	-266.79	11.7057485751	2.3665108525	-6.14385341155
1100	1500	0	-266.79	14.54167688115	0.58549041765	-2.3972762006
1200	1500	0	-273.53	14.41122998495	-0.23831957955	0.96173508165
1300	1500	0	-273.53	12.65201460295	1.67307546855	2.24376221945
1400	1500	0	-273.53	13.08335147755	0.95268118405	4.0503797765
1500	1500	0	-278.83	13.2589828555	-0.46195779415	7.85192640715
1600	1500	0	-278.83	11.65605138875	-0.42360093065	10.50297557985
1700	1500	0	-282.58	9.18134089625	0.65560986395	12.04912801385
1800	1500	0	-282.58	7.33312361205	1.1109128697	12.81753496065
1900	1500	0	-282.58	7.23081042455	0.39272031575	13.30111292115
2000	1500	0	-285.65	7.33890084115	0.7113021299	13.98059130395
2100	1500	0	-285.65	7.2040318679	1.2101282251	14.58403325605
2200	1500	0	-285.65	8.11816174775	0.83047476525	15.04956006985
2300	1500	0	-289.24	9.0148235752	1.8186766492	15.83920267
2400	1500	0	-289.24	9.4858635845	3.412929348	16.9818933583
2500	1500	0	-289.24	10.8035256974	3.9449439803	18.2037657052
2600	1500	0	-294.18	11.86045777595	4.79274978295	19.45876055735
2700	1500	0	-294.18	12.4108740152	6.28058541695	21.16817818935
2800	1500	0	-294.18	13.64030775095	5.8105517845	24.47196120745
2900	1500	0	-300.08	13.1058006952	5.3496716418	27.95517307305
3000	1500	0	-300.08	8.55957775395	4.8442652622	30.724870921
3100	1500	0	-300.08	4.3925147204	5.40471590385	31.8395340889
3200	1500	0	-302.33	0.72125966655	6.06493500935	33.522775444
3300	1500	0	-302.33	-4.58433571035	6.6964162303	33.6475696775
3400	1500	0	-299.74	-7.88068380545	5.0254425685	32.3688337137
3500	1500	0	-299.74	-8.61100855525	2.73011774535	30.50232957345
3600	1500	0	-299.74	-11.12444891365	5.50120988005	28.8259595005
3700	1500	0	-295.1	-11.672049699	2.73089541435	25.78194124105
3800	1500	0	-295.1	-8.4490233353	-1.1385742284	23.66355638625
3900	1500	0	-295.1	-9.28835460945	3.0760869954	22.4811554646
4000	1500	0	-291.51	0	0.9362016463	20.2794893284
0	1600	0	-269.65	0	1.0400216638	2.4062990772
100	1600	0	-269.03	-1.50484348685	0.97646300825	2.0292739704
200	1600	0	-269.03	-3.67868022835	2.037382967	1.880738776
300	1600	0	-269.03	-7.62136713945	3.67906963235	-0.38081749105
400	1600	0	-265.57	-6.22351488395	3.1866645257	-3.67060197135
500	1600	0	-265.57	-3.8413183164	4.7997504019	-4.68263867985
600	1600	0	-265.57	-2.19068553635	6.1830222983	-6.60942187925
700	1600	0	-265.58	1.9337231934	6.9505274385	-7.33000578045
800	1600	0	-265.58	5.59482087975	7.74547481055	-6.75935535025
900	1600	0	-265.58	9.927548455	6.71790663775	-5.6376125235
1000	1600	0	-270.9	12.58360994125	7.6626292402	-2.9719657392
1100	1600	0	-270.9	12.9362432927	8.4039283823	-0.0051813311
1200	1600	0	-270.9	13.93026033445	6.5193409856	2.7533747552
1300	1600	0	-277.31	13.29765765745	5.851794003	5.07576919975
1400	1600	0	-277.31	11.5481987853	5.8761384664	6.7630938397
1500	1600	0	-277.31	11.31947238635	3.92487893755	8.907292622
1600	1600	0	-281.47	11.2233745309	1.96461173775	10.5761285952
1700	1600	0	-281.47	9.6697264987	1.5712111911	12.28773301005
1800	1600	0	-284.57	7.3752700056	1.880598545	13.0659323921
1900	1600	0	-284.57	6.8721018146	1.5670342838	13.1995160072
2000	1600	0	-284.57	7.7039438522	1.5409535623	14.04125497995
2100	1600	0	-287.95	7.4176305747	1.85818261965	14.782333682
2200	1600	0	-287.95	8.2731611256	1.7316774038	15.0733922479
2300	1600	0	-287.95	10.6442589254	2.41107718555	16.43122339675
2400	1600	0	-292.27	11.35297643985	4.45222857425	18.27714288915
2500	1600	0	-292.27	11.21363773245	6.1278272092	19.9013305481
2600	1600	0	-292.27	12.8589165023	5.66473713515	21.54866578245
2700	1600	0	-298.26	13.7698503917	7.0801266909	24.1382949597
2800	1600	0	-298.26	12.63626487275	8.84362070295	26.8573455747
2900	1600	0	-298.26	11.6977671934	7.67031924895	29.47617139555
3000	1600	0	-303.01	8.8100146453	6.0363132291	31.9523318183
3100	1600	0	-303.01	4.5247397698	6.57870952145	33.21138315865
3200	1600	0	-303.01	0.5294391657	5.93598380105	34.608706084
3300	1600	0	-302.87	-5.004831459	5.88939301945	34.8324179785
3400	1600	0	-302.87	-10.3177296215	4.7414144265	32.57383393865
3500	1600	0	-297.94	-9.2492754424	2.9225563279	29.8637763149
3600	1600	0	-297.94	-10.3439283836	4.3807218226	29.80905664105
3700	1600	0	-297.94	-14.96215730355	2.3987171897	25.46260197515
3800	1600	0	-292.78	-9.3934866578	-0.3453257586	21.64044123005
3900	1600	0	-292.78	-7.0451963816	1.6357552257	22.79121387375
4000	1600	0	-292.78	0	1.60644293675	19.58616153305
0	1700	0	-268.88	0	6.24217615945	1.90396286205
100	1700	0	-268.88	-1.07541706365	6.66631762935	1.79294045175
200	1700	0	-268.88	-2.7054037937	6.45919606045	2.07468869095
300	1700	0	-267.7	-6.1058003294	8.19595263375	0.60197158685
400	1700	0	-267.7	-5.1388933938	8.7930533876	-2.4207163985
500	1700	0	-267.7	-3.035826816	8.5813139777	-2.9830284844
600	1700	0	-266.22	-1.35505330875	9.75636452365	-4.5578021325
700	1700	0	-266.22	3.0145404939	10.2369725316	-4.94095633565
800	1700	0	-268.9	5.5452159256	10.383416656	-4.0596410659
900	1700	0	-268.9	8.93304759955	9.3024582602	-3.37679721615
1000	1700	0	-268.9	13.3917703163	8.6755358097	-0.2841213189
1100	1700	0	-274.52	13.39838862655	9.4646317334	3.28167075015
1200	1700	0	-274.52	11.85909560565	9.1596751431	5.7536714578
1300	1700	0	-274.52	12.0088120871	6.36301921535	7.7068681342
1400	1700	0	-279.73	11.15643640875	5.6641630222	9.658035193
1500	1700	0	-279.73	9.3474561235	5.14419796805	10.73629930775
1600	1700	0	-279.73	9.3023836423	2.9548569877	11.2823614113
1700	1700	0	-283.21	9.09732770685	1.8705403442	13.24406082655
1800	1700	0	-283.21	7.3289467081	2.1817286514	14.13029750425
1900	1700	0	-283.21	6.89116544185	2.55493234955	13.8062514917
2000	1700	0	-286.25	7.63004917365	2.14499138225	14.601860941
2100	1700	0	-286.25	7.3947557094	2.1771639548	15.51355397725
2200	1700	0	-286.25	8.67105631365	2.4804426239	15.50198303705
2300	1700	0	-290.14	11.7353747423	2.1069389567	17.1395777578
2400	1700	0	-290.14	13.20261360815	2.4653179233	19.95882519445
2500	1700	0	-295.89	12.0160342583	3.1856175703	22.2121173867
2600	1700	0	-295.89	12.81275725765	2.8425928463	23.5758341807
2700	1700	0	-295.89	15.58975758635	3.43102038315	26.839892336
2800	1700	0	-302.08	14.230500309	5.5017495684	30.40296131065
2900	1700	0	-302.08	10.29849322135	6.51694717275	32.93917981315
3000	1700	0	-302.08	7.46796802645	4.4258028128	34.5779909055
3100	1700	0	-304.57	4.292185289	4.04444367365	35.719125559
3200	1700	0	-304.57	0.0319431679	3.61292370145	36.5463556315
3300	1700	0	-304.57	-5.77890508825	3.587338924	36.742688847
3400	1700	0	-301.34	-10.847520497	3.344461981	33.31792925205
3500	1700	0	-301.34	-8.97170115915	2.71535997025	30.50817047935
3600	1700	0	-301.34	-11.64828805185	2.9818502425	32.0360519363
3700	1700	0	-295.23	-16.3980972802	2.59674808805	26.28340970905
3800	1700	0	-295.23	-9.2119852993	1.6642863717	21.15295984285
3900	1700	0	-295.23	-7.33658591745	-0.1585213233	24.04773606795
4000	1700	0	-291.54	0	2.3459674666	20.45895693875
0	1800	0	-271.65	0	9.89897573215	3.4516755954
100	1800	0	-271.35	-1.2878235825	10.52396162135	3.5954210067
200	1800	0	-271.35	-2.14904522395	9.4792826636	3.4651099999
300	1800	0	-271.35	-5.28750981565	11.06147743605	3.33571593835
400	1800	0	-268.66	-5.83815354335	11.72947540905	-0.1687515533
500	1800	0	-268.66	-2.87800718035	10.3493059175	-1.38304409305
600	1800	0	-268.66	-0.53502698245	11.4703155264	-2.22872772765
700	1800	0	-268.65	2.56077532575	11.8227692475	-2.49994182485
800	1800	0	-268.65	4.66030660835	11.33017307695	-1.82660282625
900	1800	0	-268.65	8.2196676087	10.82360426745	-1.82938859915
1000	1800	0	-272.82	12.74578341445	8.68796344205	1.26571424245
1100	1800	0	-272.82	13.42038262945	7.4290232748	5.3024999233
1200	1800	0	-277.85	10.8286478164	6.8098845962	7.795617634
1300	1800	0	-277.85	9.80214553655	4.87734529615	8.7974292782
1400	1800	0	-277.85	10.329377538	3.60913694185	10.70382101755
1500	1800	0	-281.77	8.61016635185	3.16414090455	11.8904540076
1600	1800	0	-281.77	7.9497169104	2.10266858775	12.14106936685
1700	1800	0	-281.77	8.8965981624	1.44339185735	13.8309242082
1800	1800	0	-285.24	8.05966201095	1.80288644765	15.0014951308
1900	1800	0	-285.24	6.83536454545	2.53421823425	14.73483256135
2000	1800	0	-285.24	7.32617545745	1.75400961265	14.724055206
2100	1800	0	-288.45	7.7530818197	1.67449249845	15.995884917
2200	1800	0	-288.45	8.2029361275	2.2984087293	16.20987621365
2300	1800	0	-288.45	10.6291342248	0.91224915635	16.53999912955
2400	1800	0	-292.88	12.43165505345	-0.2677027947	19.0572737539
2500	1800	0	-292.88	11.5909126588	-0.3430443349	21.55459250865
2600	1800	0	-292.88	13.1043193118	-0.0189742191	22.57892910395
2700	1800	0	-299.1	16.4290071138	-1.01527845995	26.46551067065
2800	1800	0	-299.1	15.72219166235	-1.25093428365	31.4910499034
2900	1800	0	-304.45	10.6218204378	-0.81967740035	34.8495887385
3000	1800	0	-304.45	6.33751114285	-1.67505104395	35.9918541845
3100	1800	0	-304.45	3.71186065845	-1.79985734415	37.305239674
3200	1800	0	-304.61	0.0723344194	-1.72866285605	37.9300726625
3300	1800	0	-304.61	-5.27329317945	-1.61615054665	37.9320694635
3400	1800	0	-304.61	-11.18970857525	-1.04739471565	34.7116977135
3500	1800	0	-299.35	-9.6118871809	-0.3875255143	31.14874681295
3600	1800	0	-299.35	-10.4625402658	-0.42433563255	32.52603414205
3700	1800	0	-299.35	-16.279721171	0.59046676225	29.08471952045
3800	1800	0	-294.13	-12.14875606915	0.78321282455	21.77483151175
3900	1800	0	-294.13	-6.3635152867	-3.77835273145	22.12959321535
4000	1800	0	-294.13	0	1.06347216965	22.74712788715
0	1900	0	-273.2	0	8.5422120139	5.8745009864
100	1900	0	-273.2	-1.4951101322	9.43517522025	6.18661755515
200	1900	0	-272.22	-2.167887979	8.93367920855	5.3634875041
300	1900	0	-272.22	-3.8556075873	9.6685763901	5.5700041836
400	1900	0	-272.22	-5.85106491235	10.600379674	2.7447987083
500	1900	0	-270.2	-3.29498669865	10.44937391825	0.8330783283
600	1900	0	-270.2	0.1184100246	11.12040266305	0.34819640375
700	1900	0	-270.2	2.87439804445	11.4997894227	0.1350670554
800	1900	0	-271.8	4.5460509422	11.3153247346	1.2991166268
900	1900	0	-271.8	6.29083796465	11.3872920476	1.35866681305
1000	1900	0	-271.8	9.997189327	8.1778215326	2.44494129035
1100	1900	0	-276.07	11.52030978405	5.691140733	6.25191552065
1200	1900	0	-276.07	9.307417627	4.6372312154	8.2282038308
1300	1900	0	-276.07	8.80806443275	4.19167642155	8.22362774085
1400	1900	0	-280.17	9.4432320205	2.74039336785	10.02810659425
1500	1900	0	-280.17	7.84098776605	1.9156442149	11.5038635922
1600	1900	0	-280.17	7.5816345951	1.63713483945	11.6170957563
1700	1900	0	-283.58	8.79754556675	0.68890980865	13.09773464895
1800	1900	0	-283.58	8.41977308835	0.07409715255	14.7626110729
1900	1900	0	-286.5	6.84228860685	0.14839380765	15.19132027115
2000	1900	0	-286.5	6.77032343785	-0.322379947	15.05494554995
2100	1900	0	-286.5	7.93915482605	-0.6018681757	16.2219826681
2200	1900	0	-290.07	7.9088129682	-0.51146523315	16.76119285585
2300	1900	0	-290.07	9.1692632183	-1.4251480622	16.25627734505
2400	1900	0	-290.07	11.9473201169	-2.4206657264	17.70852452875
2500	1900	0	-294.91	12.26476283725	-2.0962010677	21.13144112455
2600	1900	0	-294.91	12.1405231326	-0.6286091621	22.9148578479
2700	1900	0	-294.91	14.3577975218	-2.58320450705	25.2657888956
2800	1900	0	-301.08	14.4261013686	-5.64008023735	30.32195427725
2900	1900	0	-301.08	9.87437646105	-6.62166946585	33.5554165375
3000	1900	0	-301.08	6.48778808265	-6.38352743295	34.354922613
3100	1900	0	-304.1	4.2385734769	-6.92457269375	36.249194384
3200	1900	0	-304.1	0.2156499654	-7.12995715365	37.274053988
3300	1900	0	-304.1	-5.09763694785	-7.2445540307	37.289909404
3400	1900	0	-301.2	-9.61889546465	-5.73123415945	34.509046398
3500	1900	0	-301.2	-8.3486420727	-4.2170199387	31.29986918555
3600	1900	0	-301.2	-10.6702957753	-5.3482168574	32.29713785455
3700	1900	0	-295.78	-15.19054882645	-2.42087543305	28.1636891163
3800	1900	0	-295.78	-13.580804793	-0.9567474911	21.86661644655
3900	1900	0	-291.95	-7.056326569	-2.9370796901	19.6456902793
4000	1900	0	-291.95	0	-0.7210657384	21.89600998975
0	2000	0	-274.15	0	6.18042747875	7.0093772168
100	2000	0	-274.49	-0.89635638785	6.3758229254	7.6886699962
200	2000	0	-274.49	-1.91564405745	6.251947014	6.76093870095
300	2000	0	-274.49	-3.62080934685	6.24906477785	6.9398102257
400	2000	0	-272.42	-5.0573560152	7.8735947331	4.22720009625
500	2000	0	-272.42	-2.3579841913	8.9321664926	2.5989614699
600	2000	0	-272.42	0.515388522	9.0769720784	2.4535091733
700	2000	0	-272.86	2.7556973973	8.9352513535	2.5866669029
800	2000	0	-272.86	4.54780923325	8.4445986553	3.6759744769
900	2000	0	-274.93	5.0821644067	8.195150895	4.18205595185
1000	2000	0	-274.93	7.04963209985	6.31930952755	4.3667900235
1100	2000	0	-274.93	9.87979231225	4.32815796755	6.99101539445
1200	2000	0	-278.69	9.32918350495	3.77844442095	9.0004904863
1300	2000	0	-278.69	7.905307689	4.64992507225	9.2160356369
1400	2000	0	-278.69	8.0533453347	3.17605039575	9.5531652453
1500	2000	0	-282.06	7.50690782345	1.83081522345	10.90697253495
1600	2000	0	-282.06	6.7229825008	1.96554396905	11.5491898493
1700	2000	0	-282.06	7.33356047215	0.75129758225	11.9843226893
1800	2000	0	-284.85	7.51914600995	-0.73303509075	13.28850041905
1900	2000	0	-284.85	6.43888744925	-0.9671984995	14.16834425155
2000	2000	0	-284.85	6.5759134741	-0.8490330048	14.07633320515
2100	2000	0	-287.72	7.56399653355	-1.38341398665	15.12065551185
2200	2000	0	-287.72	7.379656241	-1.6150966467	16.0099683036
2300	2000	0	-287.72	8.71993373155	-1.79450541765	15.80864596995
2400	2000	0	-291.53	11.76060204795	-3.03512569785	17.5646485445
2500	2000	0	-291.53	13.38296921975	-3.74454544265	21.31665769
2600	2000	0	-296.49	12.6173158758	-2.86733253935	24.38659053105
2700	2000	0	-296.49	11.41753603855	-3.0398136577	26.5461402696
2800	2000	0	-296.49	11.68372670355	-6.76392625775	29.38680897975
2900	2000	0	-301.25	9.8783732422	-8.45041626865	31.86761453595
3000	2000	0	-301.25	6.03460791495	-7.45970121805	33.42480493185
3100	2000	0	-301.25	2.96543093775	-8.56388176025	34.510845147
3200	2000	0	-301.77	-0.24764691755	-9.59483557705	35.1154980035
3300	2000	0	-301.77	-3.87457018525	-10.3734776884	34.9007242105
3400	2000	0	-301.77	-8.16217448325	-8.5362725242	33.9825936635
3500	2000	0	-297.97	-9.2288698822	-6.54202296795	30.605653399
3600	2000	0	-297.97	-8.66639576015	-9.2649528997	29.0137225785
3700	2000	0	-297.97	-11.8882518047	-5.22356679785	27.87033256765
3800	2000	0	-293.48	-12.66496032285	-1.5959774932	22.5596286183
3900	2000	0	-293.48	-6.127833534	-1.39362985855	19.2050298388
4000	2000	0	-293.48	0	-2.4106716714	21.99067419595
0	2100	0	-274.44	0	6.56042745255	7.3547079602
100	2100	0	-274.44	-1.4235905936	6.17270264675	7.97775941535
200	2100	0	-273.43	-2.29464612655	6.6865679673	6.712147971
300	2100	0	-273.43	-2.2339598682	6.2773485297	6.36202143795
400	2100	0	-273.43	-3.16796320095	8.5282808245	5.17288056755
500	2100	0	-272.33	-2.09160935335	9.8649065638	3.73020257845
600	2100	0	-272.33	0.1214948855	9.6690916804	3.227359984
700	2100	0	-272.33	2.24202462135	9.23525966885	3.02222841895
800	2100	0	-273.35	3.80595048705	8.5154523077	3.88190990795
900	2100	0	-273.35	4.1655488369	8.14201311795	4.5589862704
1000	2100	0	-273.35	6.13019639955	7.56481810765	4.47765238755
1100	2100	0	-276.29	8.9794446741	5.76875626995	6.6650595804
1200	2100	0	-276.29	9.62918472835	4.61675520135	9.1484367507
1300	2100	0	-279.79	8.20567040755	4.8542919998	10.53375613025
1400	2100	0	-279.79	6.6241221717	4.5336607796	10.53857631795
1500	2100	0	-279.79	6.6304813427	2.8631482654	10.47686440685
1600	2100	0	-282.57	6.5021169539	2.55758770025	11.43805169985
1700	2100	0	-282.57	6.09896650695	2.35107293695	12.0545783332
1800	2100	0	-282.57	6.7012770066	0.9133996904	12.4174743326
1900	2100	0	-285.65	6.72629069615	0.4827878027	13.6698805359
2000	2100	0	-285.65	6.3541079507	1.0613277643	14.35536486235
2100	2100	0	-285.65	7.17309118415	0.36465255515	14.7452917672
2200	2100	0	-288.98	7.49772154055	-0.3071854056	15.96928322695
2300	2100	0	-288.98	7.74923416715	-0.0689210843	16.7041138842
2400	2100	0	-288.98	9.9972800919	-1.7342539223	17.6607146453
2500	2100	0	-292.97	12.4325559924	-4.2332397476	20.70498629205
2600	2100	0	-292.97	12.84525491755	-5.7815977345	24.352381996
2700	2100	0	-298.13	10.4612038034	-6.86038400035	27.14351924765
2800	2100	0	-298.13	9.01549875765	-9.1231392257	28.3607119293
2900	2100	0	-298.13	9.17860150075	-10.7221194646	29.98051709815
3000	2100	0	-301.39	6.37432259105	-10.80226282445	32.7571471882
3100	2100	0	-301.39	2.1034391179	-11.07291788035	33.813066478
3200	2100	0	-301.39	-1.59394596275	-11.63247479895	33.7290009415
3300	2100	0	-299.92	-4.039073895	-12.0795351431	32.3987456627
3400	2100	0	-299.92	-5.7874407442	-12.19467313895	31.54757646005
3500	2100	0	-299.92	-9.0773224482	-9.421991848	30.50712290085
3600	2100	0	-295.67	-9.35183960855	-8.6497048106	26.6468051566
3700	2100	0	-295.67	-7.5215734166	-8.7745428688	24.83125020825
3800	2100	0	-295.67	-9.7508678537	-4.32611148605	24.0241010508
3900	2100	0	-292	-7.87102075055	-1.58180817575	19.76306096975
4000	2100	0	-292	0	-4.7054414833	19.4895411781
0	2200	0	-275.87	0	7.72653546495	8.5136953399
100	2200	0	-275.87	-0.7702158731	7.544692651	8.73883027755
200	2200	0	-275.87	-1.8109981745	8.80587915405	8.4569315396
300	2200	0	-275.22	-1.77909648965	8.8780990872	7.57848508255
400	2200	0	-275.22	-1.4697979811	9.54803777215	7.27227683845
500	2200	0	-275.22	-1.21717333875	11.02372868465	6.80686119775
600	2200	0	-274.79	-0.1142583696	11.4570239324	6.14125704765
700	2200	0	-274.79	1.6020580246	11.6552646379	5.95154476545
800	2200	0	-274.79	3.4545626857	11.08553122665	6.16017908045
900	2200	0	-276.55	4.13153020665	10.48641394365	7.20565751905
1000	2200	0	-276.55	4.67637525185	10.5080011795	7.5451734631
1100	2200	0	-276.55	6.93172940595	8.4989407808	8.1810759571
1200	2200	0	-279.36	8.4147192348	6.23222716195	10.43257910865
1300	2200	0	-279.36	7.82221326725	4.96617927625	12.46113026295
1400	2200	0	-281.96	6.06220159695	4.3472259967	13.1153691327
1500	2200	0	-281.96	5.53083474745	3.4039386984	12.6894368064
1600	2200	0	-281.96	6.21090717235	2.9122527664	13.08768087015
1700	2200	0	-284.53	5.6893724623	2.6409185985	14.2961669554
1800	2200	0	-284.53	5.6508608757	1.9469460253	14.47532069085
1900	2200	0	-284.53	6.5868155265	1.53302546905	15.1964352689
2000	2200	0	-287.12	6.45777822655	1.59274741985	16.62790722995
2100	2200	0	-287.12	6.1954833603	1.5165866405	16.95391176975
2200	2200	0	-287.12	6.94608260155	0.2629705914	17.02760620875
2300	2200	0	-290.24	7.29286521485	-0.43885118255	18.0819703046
2400	2200	0	-290.24	7.5962833813	-1.04016290315	18.9729537179
2500	2200	0	-290.24	9.33562540755	-3.68773725485	20.05376054965
2600	2200	0	-293.98	9.99017162305	-6.91461381375	22.76281583665
2700	2200	0	-293.98	8.07599454735	-9.24901574035	25.046955787
2800	2200	0	-293.98	7.82199124265	-10.60632160585	25.7732782181
2900	2200	0	-297.63	8.1992496401	-12.6448691769	28.01492912015
3000	2200	0	-297.63	5.6838094992	-14.1013971313	30.5387113942
3100	2200	0	-298.64	2.13521896325	-14.5190357487	31.27469907445
3200	2200	0	-298.64	-1.25426418365	-14.4501391596	31.0145160147
3300	2200	0	-298.64	-4.43676852525	-13.6660550637	29.7527896826
3400	2200	0	-296.37	-5.50463118815	-13.41822058635	27.79412432215
3500	2200	0	-296.37	-5.6839015505	-12.8843110299	27.09889242365
3600	2200	0	-296.37	-8.01894678095	-8.6843200859	26.08475890995
3700	2200	0	-293.13	-7.56465848015	-7.9048960678	22.1237382629
3800	2200	0	-293.13	-5.4722256298	-8.03654519525	21.5795732074
3900	2200	0	-293.13	-6.5071635346	-3.63173433	21.5164788518
4000	2200	0	-290.85	0	-3.23084528045	18.97246350905
0	2300	0	-277.53	0	5.47937362865	10.02526353635
100	2300	0	-277.53	-0.3442469045	5.31246593545	10.03414616185
200	2300	0	-277.43	-0.96123969035	5.959124385	9.95419141035
300	2300	0	-277.43	-1.4918012501	6.44649371805	9.45061374885
400	2300	0	-276.86	-1.0223336035	6.8208562884	9.3734789168
500	2300	0	-276.86	-0.1826231931	7.70731058545	9.3804284851
600	2300	0	-276.86	0.7530308354	8.41527998125	8.98027857955
700	2300	0	-277.39	1.8705319156	8.7725791256	9.26072708575
800	2300	0	-277.39	2.6370997928	9.328321493	9.56474044335
900	2300	0	-277.39	3.58801878975	8.45843754215	9.54219371055
1000	2300	0	-278.84	4.1427232367	8.1418282817	10.32037925375
1100	2300	0	-278.84	4.7036706599	7.87460421875	10.9093356417
1200	2300	0	-278.84	6.0964232238	5.80787078285	11.57130138025
1300	2300	0	-281.3	6.32066923895	3.76390271415	13.32310142335
1400	2300	0	-281.3	5.0618815905	2.8657775263	14.3933736173
1500	2300	0	-281.3	5.1955081124	2.5307023121	14.4744462571
1600	2300	0	-283.73	5.73909685735	1.71013265265	15.48172106455
1700	2300	0	-283.73	5.13365976585	1.2549950766	16.5270857137
1800	2300	0	-283.73	5.59338387715	1.4600325837	16.6093958502
1900	2300	0	-285.82	6.3720920907	1.2818782705	17.65831668515
2000	2300	0	-285.82	6.3376691188	0.06064741845	18.88616740855
2100	2300	0	-288.32	5.8433143557	-0.51958719425	19.24321194285
2200	2300	0	-288.32	5.54228372085	-1.18225703915	18.63070289415
2300	2300	0	-288.32	6.44610067595	-2.8599142826	18.23454083865
2400	2300	0	-291.24	6.7483940196	-3.60324754135	19.34574399255
2500	2300	0	-291.24	6.55810508515	-4.37816264035	20.21305601775
2600	2300	0	-291.24	7.28397643205	-7.10506819465	20.89839674645
2700	2300	0	-294.29	6.7694960113	-9.39073369815	22.69853357775
2800	2300	0	-294.29	5.6196453211	-10.01849580605	23.7699972126
2900	2300	0	-294.29	5.6835259753	-12.58298917955	24.5455395254
3000	2300	0	-296.4	4.50015601925	-14.86725128765	26.2851395854
3100	2300	0	-296.4	1.7546970896	-15.56700518365	27.1295345085
3200	2300	0	-296.4	-0.74096527775	-15.32515068745	26.9426665304
3300	2300	0	-295.98	-3.00715532175	-14.3038506427	26.116715977
3400	2300	0	-295.98	-5.0056967104	-12.73598129435	24.64476210675
3500	2300	0	-293.88	-4.34342194775	-11.7653546494	23.2345507398
3600	2300	0	-293.88	-4.37242464645	-9.41184224245	23.2604480756
3700	2300	0	-293.88	-6.87379852595	-7.13395267185	20.93822204225
3800	2300	0	-291.51	-5.4777061159	-6.8303611429	19.31840598255
3900	2300	0	-291.51	-3.0653208324	-6.39453490315	19.69359224085
4000	2300	0	-291.51	0	-2.9611111965	20.3665739452
0	2400	0	-277.32	0	4.20531878735	9.76250615905
100	2400	0	-277.32	-0.29046511675	3.7505836937	9.60723196395
200	2400	0	-277.32	-0.6769703919	3.97632664295	9.6234814706
300	2400	0	-277.02	-0.91736458625	4.4446097999	9.19492710265
400	2400	0	-277.02	-0.20898111705	5.05023519155	9.12908778385
500	2400	0	-277.17	0.3772503541	5.42640498305	9.44915684055
600	2400	0	-277.17	0.95101017055	5.7829760987	9.37655677285
700	2400	0	-277.17	2.51509953635	5.40494965345	9.48523266225
800	2400	0	-278.55	3.1404211056	5.4379139315	10.76480683625
900	2400	0	-278.55	2.9450369987	5.5651400238	10.99409076565
1000	2400	0	-278.55	4.09254192845	4.5895664238	11.16234309525
1100	2400	0	-280.51	4.5977719071	4.339783295	12.6420889516
1200	2400	0	-280.51	4.3040177302	4.18790052935	13.13613326015
1300	2400	0	-280.51	4.8801200107	2.5657671842	13.312060758
1400	2400	0	-282.5	4.8290011949	1.6477069068	14.41521022045
1500	2400	0	-282.5	4.3751898738	1.96194387815	15.03315207805
1600	2400	0	-282.5	4.93519993685	0.90175448405	15.2482993324
1700	2400	0	-284.48	5.43927239	0.0448650559	16.24805629095
1800	2400	0	-284.48	5.67774407295	0.10709222045	17.17352408835
1900	2400	0	-286.51	5.1874303579	-0.99795550945	17.9596155947
2000	2400	0	-286.51	4.6563127618	-2.392154466	18.3683942594
2100	2400	0	-286.51	4.9525789027	-3.1763534133	18.78071434645
2200	2400	0	-288.4	4.60575550985	-3.72727142895	18.5535195206
2300	2400	0	-288.4	4.87187471265	-4.77286998515	17.78570796595
2400	2400	0	-288.4	6.0780350269	-5.64835199035	18.1029079118
2500	2400	0	-290.83	5.8338047576	-5.92984700975	19.636116723
2600	2400	0	-290.83	4.9776005619	-6.69898946245	20.09794416865
2700	2400	0	-290.83	5.1625669326	-8.9345738093	20.26992714535
2800	2400	0	-292.92	4.62973576125	-9.9815023758	21.60806572455
2900	2400	0	-292.92	3.35049416185	-10.89815783405	22.11295099825
3000	2400	0	-292.92	2.6997934951	-12.85421087455	22.2995224846
3100	2400	0	-293.72	1.67731956345	-13.58563240765	23.00265546865
3200	2400	0	-293.72	0.00889036065	-13.13268523915	23.2188660599
3300	2400	0	-293.72	-1.84759913215	-12.2216133666	23.01062396625
3400	2400	0	-292.89	-2.96613519485	-10.7501157228	21.9915603413
3500	2400	0	-292.89	-2.3597624986	-9.1375234959	21.2023429734
3600	2400	0	-292.89	-3.38754480675	-8.511118607	21.8516693261
3700	2400	0	-291.41	-4.9831773806	-6.6161829196	20.0932907741
3800	2400	0	-291.41	-4.73280785775	-5.1320342219	18.6619093736
3900	2400	0	-290.17	-2.6379135882	-4.9765935318	18.5238101394
4000	2400	0	-290.17	0	-3.54315973705	19.5943429734
0	2500	0	-278.25	0	6.04619423835	11.297559832
100	2500	0	-278	-0.57323904555	5.989198809	10.81411827345
200	2500	0	-278	-0.2672135808	5.96712281485	10.85778927545
300	2500	0	-278	-0.4178927015	6.4821658949	10.8824184989
400	2500	0	-277.85	-0.04053842035	6.8672972714	10.70499560795
500	2500	0	-277.85	0.55011771405	7.12894052245	10.85803362445
600	2500	0	-278.07	0.7315755058	7.1730140705	10.94543557
700	2500	0	-278.07	1.5254697484	6.7514480471	10.9698979065
800	2500	0	-278.07	2.79729016315	5.9091174945	11.70694975445
900	2500	0	-279.27	2.73967128205	5.4553453818	12.2943314414
1000	2500	0	-279.27	2.91736651125	4.6708926184	12.43071814555
1100	2500	0	-279.27	4.3020047621	3.82630119435	13.39304345365
1200	2500	0	-281.07	4.322407113	3.6882923934	14.199284607
1300	2500	0	-281.07	3.78047561975	3.5511210288	14.080414949
1400	2500	0	-281.07	4.45805828445	2.26193917205	14.1085326782
1500	2500	0	-283.13	4.44955568965	1.77082486395	15.2688176268
1600	2500	0	-283.13	3.82201803175	1.45039217815	15.3887462332
1700	2500	0	-283.13	4.3389974989	0.12160205535	15.19257337215
1800	2500	0	-284.89	4.5505633118	-0.873589885	16.1725985493
1900	2500	0	-284.89	3.87284540425	-1.79260749525	16.6746152984
2000	2500	0	-284.89	4.15927121495	-2.5146840258	16.59475270205
2100	2500	0	-286.77	4.5081973894	-3.0644984543	17.4872546938
2200	2500	0	-286.77	3.94576714565	-3.2488021079	17.6903318144
2300	2500	0	-286.77	4.52502011455	-3.5633098229	17.29170052415
2400	2500	0	-288.72	5.59141699835	-4.5781484446	18.331665382
2500	2500	0	-288.72	5.5074676097	-5.50983233115	19.7128272407
2600	2500	0	-290.56	4.2792496325	-6.2229888167	20.32744308095
2700	2500	0	-290.56	3.48698309795	-7.2898251468	20.36658106395
2800	2500	0	-290.56	3.65606129635	-8.0897255843	21.0872269301
2900	2500	0	-291.84	2.8108174799	-8.61106998755	21.50241746465
3000	2500	0	-291.84	1.8126814423	-9.2428479582	21.49090475415
3100	2500	0	-291.84	1.47622272165	-9.30541973055	21.8698690319
3200	2500	0	-292.25	0.6230537633	-9.1873421834	22.0352234708
3300	2500	0	-292.25	-0.62458580205	-8.86981929085	21.99172836055
3400	2500	0	-292.25	-1.92160683635	-7.6921625521	21.90734389735
3500	2500	0	-291.47	-2.10442483195	-6.96067407595	20.9155715432
3600	2500	0	-291.47	-1.85108407015	-7.5925725059	20.83702613335
3700	2500	0	-291.47	-3.4947141442	-5.4890236018	21.2217171021
3800	2500	0	-290.19	-3.8381167281	-4.16179344335	19.19262307695
3900	2500	0	-290.19	-1.47644634755	-3.9002605346	19.09453691945
4000	2500	0	-290.19	0	-3.6842567154	20.8987225373
0	2600	0	-279.41	0	6.22496300185	14.20004000855
100	2600	0	-279.41	-0.36953654025	6.30697926965	13.99347738045
200	2600	0	-279.34	-0.18400330265	6.3024455773	14.1048076926
300	2600	0	-279.34	-0.0171901297	6.4617028554	14.0178680772
400	2600	0	-279.34	0.4377935105	6.712919409	13.9992605357
500	2600	0	-279.6	0.6829671532	6.68931683325	14.18530156295
600	2600	0	-279.6	0.5735176952	6.6967239077	14.03507377435
700	2600	0	-279.6	1.25120296035	6.5452627965	13.87803061175
800	2600	0	-280.14	1.84431843695	6.0464594344	14.49707337315
900	2600	0	-280.14	1.70681212595	5.5636052213	14.6152798752
1000	2600	0	-280.14	2.46349774435	5.13171605565	14.3316377269
1100	2600	0	-281.15	3.6151716821	4.3568016903	15.23689722885
1200	2600	0	-281.15	4.0288375613	3.5546743872	16.0491717121
1300	2600	0	-282.63	3.45376678935	2.979841884	16.24434706375
1400	2600	0	-282.63	3.04870503005	2.13132328175	16.24597332125
1500	2600	0	-282.63	3.5636428799	1.2783659965	16.62588590025
1600	2600	0	-284.02	3.2859771316	0.68567520275	16.43655611435
1700	2600	0	-284.02	3.11529032685	-0.0083696869	16.08286873565
1800	2600	0	-284.02	3.763534519	-0.67305522345	16.65203537045
1900	2600	0	-285.58	3.5463362171	-1.31206659785	17.3327086011
2000	2600	0	-285.58	3.38442180275	-1.76004026925	17.4837178442
2100	2600	0	-285.58	4.21846082395	-2.14630162755	17.9711968462
2200	2600	0	-287.29	4.1069441446	-2.09230181175	18.32413389525
2300	2600	0	-287.29	3.54252837595	-1.79480002	18.48732962095
2400	2600	0	-287.29	4.13151251865	-3.0949575052	19.0456273382
2500	2600	0	-288.93	4.1889643855	-4.44638599335	19.78008219915
2600	2600	0	-288.93	3.1976077496	-5.1477606026	19.983297725
2700	2600	0	-288.93	3.295830165	-5.6454291991	19.68670208145
2800	2600	0	-290.4	3.3084909205	-6.2861108299	20.57913123415
2900	2600	0	-290.4	2.1973717846	-6.7763589553	21.1405751843
3000	2600	0	-290.4	2.0054437521	-7.0709531045	21.03245003825
3100	2600	0	-291.31	1.73282533825	-7.32734769615	21.58998379135
3200	2600	0	-291.31	0.444490797	-7.434907389	21.75636513925
3300	2600	0	-291.14	-0.35241950085	-7.33150264085	21.2369971556
3400	2600	0	-291.14	-1.05698997995	-6.99577617325	20.9282892554
3500	2600	0	-291.14	-2.26017245575	-6.80335584485	20.2048011923
3600	2600	0	-290.27	-1.91589432925	-6.7275586678	19.14802466765
3700	2600	0	-290.27	-1.5523983147	-6.0025577581	19.30283324625
3800	2600	0	-290.27	-3.14404479055	-5.12714015665	18.5269765594
3900	2600	0	-289.27	-2.16037686025	-4.4662340566	18.73559379275
4000	2600	0	-289.27	0	-4.43145612205	19.48844313185
0	2700	0	-280.32	0	3.37736982495	16.5134086285
100	2700	0	-280.15	-0.4957564701	3.39792731435	16.12144996205
200	2700	0	-280.15	-0.11248999505	3.30987050075	16.03510595655
300	2700	0	-280.14	-0.00741887315	3.34777534875	15.4819717417
400	2700	0	-280.14	0.18707555415	3.34867454235	15.47807442875
500	2700	0	-280.14	0.53392221275	3.0399734192	15.3796306956
600	2700	0	-280.35	0.58752146905	2.95620764405	14.68504407745
700	2700	0	-280.35	0.8752052751	2.9370289845	14.3929684817
800	2700	0	-280.35	1.81563258795	2.83700139815	14.5690070354
900	2700	0	-281.13	1.82492790665	2.5022280424	14.5768229137
1000	2700	0	-281.13	1.7105629769	2.2655558354	14.38150015535
1100	2700	0	-281.13	2.72496309365	1.8375800024	14.58949619485
1200	2700	0	-282.17	2.9454473067	1.21217301485	15.60671281405
1300	2700	0	-282.17	2.35712451095	0.7362279054	16.1274484486
1400	2700	0	-282.17	2.7565824003	0.27778904505	16.29049280455
1500	2700	0	-283.39	3.003907614	-0.38024483535	17.05403638885
1600	2700	0	-283.39	2.53528234835	-0.8503116127	16.9148000273
1700	2700	0	-283.39	2.98026706935	-1.21834842495	15.92825684895
1800	2700	0	-284.72	3.24686640085	-1.6768145208	16.20957333345
1900	2700	0	-284.72	2.7858603618	-2.000629179	16.3075487232
2000	2700	0	-284.72	3.3250361886	-2.2257200206	15.7506247773
2100	2700	0	-286.09	4.1759358469	-2.8079594073	16.3554970789
2200	2700	0	-286.09	4.29726874985	-3.3541914999	17.27937487585
2300	2700	0	-287.59	3.5223644211	-3.7648940294	17.9513224687
2400	2700	0	-287.59	2.939831025	-4.393859933	18.3340374165
2500	2700	0	-287.59	3.4546645123	-5.0833238484	19.11835886325
2600	2700	0	-288.99	3.08020642675	-5.68421800155	20.1099435035
2700	2700	0	-288.99	2.34863287065	-6.0477076377	20.08582175815
2800	2700	0	-288.99	2.5251315368	-6.4533268705	19.9006845609
2900	2700	0	-289.88	2.0259752053	-6.86263758555	20.42965266635
3000	2700	0	-289.88	1.2616927048	-7.10409625915	20.35156566045
3100	2700	0	-289.88	1.11226843715	-7.3778216135	19.7039640385
3200	2700	0	-290.18	0.6188988186	-7.47473338495	19.7473047037
3300	2700	0	-290.18	-0.1854545863	-7.27463094375	19.59712407975
3400	2700	0	-290.18	-1.39346004035	-7.0923571121	18.96908722495
3500	2700	0	-289.53	-1.8362073265	-6.73040785955	17.8555066129
3600	2700	0	-289.53	-1.0502859834	-6.46611576685	17.3711463671
3700	2700	0	-289.53	-1.89429563305	-6.38302493965	17.99004943685
3800	2700	0	-288.76	-2.3017930266	-5.64025555625	16.7391939251
3900	2700	0	-288.76	-0.78076231295	-4.77583673845	16.52560706725
4000	2700	0	-288.76	0	-4.85495743375	17.8105708184
0	2800	0	-280.35	0	1.36204936835	13.5715404819
100	2800	0	-280.35	-0.43703586445	0.6417940385	13.453770381
200	2800	0	-280.25	-0.23415526825	0.69850255375	13.2716067878
300	2800	0	-280.25	0.0216139119	0.9332100829	13.27043328615
400	2800	0	-280.25	0.1299915843	0.9614798217	13.7233340069
500	2800	0	-280.29	0.2905002549	0.9859619232	13.864965729
600	2800	0	-280.29	0.4705732605	1.39716658755	13.70029736005
700	2800	0	-280.29	1.1319967111	1.47438726	13.1835840973
800	2800	0	-280.78	1.40951749485	1.24143795825	13.68059983575
900	2800	0	-280.78	1.1353665632	1.04167304965	13.92046074695
1000	2800	0	-280.78	1.79884970435	0.8694095473	13.96157717295
1100	2800	0	-281.51	2.56178886155	0.4082526678	14.43899593065
1200	2800	0	-281.51	2.92748546765	-0.165972266	14.61690064205
1300	2800	0	-282.59	2.5193828162	-0.7775510867	15.46200742005
1400	2800	0	-282.59	1.93223228595	-1.40530527855	15.5481710515
1500	2800	0	-282.59	2.4355422255	-2.3837816368	15.20089777375
1600	2800	0	-283.63	2.44787353865	-3.08331402745	15.59945059025
1700	2800	0	-283.63	2.28878741875	-3.2185826356	15.50727585615
1800	2800	0	-283.63	2.9812537683	-2.9522851592	15.27932088515
1900	2800	0	-284.78	2.9974307173	-2.24163931775	15.8676404381
2000	2800	0	-284.78	2.57709157445	-1.1235689151	15.92852312035
2100	2800	0	-284.78	3.0899893413	-1.66236455375	15.5529206212
2200	2800	0	-286.01	3.1500095225	-2.4878249787	16.1666805063
2300	2800	0	-286.01	2.50285994285	-2.74109838875	16.44754894505
2400	2800	0	-286.01	2.8130826963	-2.9244871004	16.16012684435
2500	2800	0	-287.19	2.89860631695	-3.35895157855	16.8298384998
2600	2800	0	-287.19	2.2332239603	-3.608304296	17.07211627855
2700	2800	0	-287.19	2.52672129605	-3.7765559556	16.4134176208
2800	2800	0	-288.26	2.49356097265	-4.1317633097	16.5716844848
2900	2800	0	-288.26	1.54660239595	-4.2127052191	16.37527149575
3000	2800	0	-288.26	1.49025972415	-4.25982569935	16.4163115786
3100	2800	0	-288.86	1.3621882158	-4.46276459895	17.00205136355
3200	2800	0	-288.86	0.5476814634	-4.38010225015	17.4522426847
3300	2800	0	-288.87	0.02995677535	-4.27092159615	17.5533427166
3400	2800	0	-288.87	-0.5127668924	-4.0979263332	17.55441344695
3500	2800	0	-288.87	-1.6339311105	-3.49583205595	17.54056723365
3600	2800	0	-288.26	-1.5685114127	-3.18938905055	16.52085990285
3700	2800	0	-288.26	-0.7265381041	-3.91871111185	16.37850487555
3800	2800	0	-288.26	-1.53685658935	-2.5801180951	16.78289698325
3900	2800	0	-287.76	-1.3750787411	-1.98085757615	15.83172492395
4000	2800	0	-287.76	0	-2.95779873325	15.83693617055
0	2900	0	-280.55	0	3.3695222255	13.9416059905
100	2900	0	-280.15	-1.15930328805	3.5838811143	12.95176069035
200	2900	0	-280.15	0.178926046	4.0821647842	13.36081847705
300	2900	0	-280.24	0.25555839815	4.10522027815	13.6026973311
400	2900	0	-280.24	0.23982739445	4.09662029215	13.686124773
500	2900	0	-280.24	0.9696089786	4.0497605826	13.9132177823
600	2900	0	-280.64	1.07594680585	4.0691698193	14.62118598215
700	2900	0	-280.64	0.71947664245	4.44798376245	14.74159077095
800	2900	0	-280.64	1.3829183776	3.8470758274	14.76662951515
900	2900	0	-281.21	1.4528994957	3.57020515135	15.4985371165
1000	2900	0	-281.21	1.0771425984	3.6900320819	15.5808163124
1100	2900	0	-281.21	1.68958128035	2.80745587885	15.22155140815
1200	2900	0	-281.9	1.7596435522	1.9470997769	15.3849824814
1300	2900	0	-281.9	1.1177914984	1.2771688137	14.8497586094
1400	2900	0	-281.9	1.1503518502	0.8910150976	14.59224769725
1500	2900	0	-282.33	1.32589886845	0.48078528995	14.41914072185
1600	2900	0	-282.33	1.7004813462	0.08596124455	13.73474632125
1700	2900	0	-282.33	3.1112959376	-0.2620531805	13.89714984565
1800	2900	0	-283.64	4.2238097187	-0.71101027455	14.92755248025
1900	2900	0	-283.64	4.61457660255	-1.0743898565	15.55352186245
2000	2900	0	-285.3	3.9043109526	-1.47980058865	16.8920950472
2100	2900	0	-285.3	2.8116797833	-1.8443661108	17.25264431465
2200	2900	0	-285.3	3.21853491485	-2.039010062	16.9955023715
2300	2900	0	-286.61	3.0857022994	-1.86928040585	17.7855624788
2400	2900	0	-286.61	2.3219778352	-1.34382023615	17.9808084116
2500	2900	0	-286.61	2.7708473167	-2.0638529652	17.61002325935
2600	2900	0	-287.75	2.66260205305	-2.3976211367	18.3093979655
2700	2900	0	-287.75	1.82517385695	-1.8700979231	18.35488647985
2800	2900	0	-287.75	2.08898226995	-2.61363470775	17.6279477459
2900	2900	0	-288.57	1.89791281565	-3.1189155394	18.0241916017
3000	2900	0	-288.57	1.01163332495	-2.9331348775	18.00569626845
3100	2900	0	-288.57	0.991991883	-3.5256855106	17.17502006435
3200	2900	0	-288.93	0.8107418214	-3.9094689543	17.27731913495
3300	2900	0	-288.93	0.09672133065	-3.9449634304	17.26024090195
3400	2900	0	-288.93	-0.6183705035	-3.8728188957	17.11165319965
3500	2900	0	-288.68	-0.92767004385	-3.5381227675	16.6747913007
3600	2900	0	-288.68	-1.4731650393	-2.86451716585	16.5200450321
3700	2900	0	-288.21	-1.2850246776	-2.70558925975	15.55762173315
3800	2900	0	-288.21	-0.3639394909	-3.24837873155	15.4983089279
3900	2900	0	-288.21	-1.1584429511	-2.1462887669	16.49737655695
4000	2900	0	-287.85	0	-1.965227719	15.61540117975
0	3000	0	-281.37	0	0	15.209
100	3000	0	-281.37	0.2756066976	0	17.04289773935
200	3000	0	-281.46	0.28718389225	0	17.3687583129
300	3000	0	-281.46	0.0360694165	0	17.1827825604
400	3000	0	-281.46	0.0745318921	0	17.15021801775
500	3000	0	-281.48	0.26304978205	0	17.02969035095
600	3000	0	-281.48	0.86879644035	0	16.4767923647
700	3000	0	-281.81	0.90990272255	0	16.9118573069
800	3000	0	-281.81	0.53173888375	0	16.8623293726
900	3000	0	-281.81	0.9783228177	0	16.40276514675
1000	3000	0	-282.2	1.0361004285	0	16.7677212521
1100	3000	0	-282.2	0.81885655655	0	16.8070453343
1200	3000	0	-282.2	1.39719839915	0	16.6622333567
1300	3000	0	-282.78	1.46329814025	0	17.18988055045
1400	3000	0	-282.78	1.1358487622	0	17.0184757268
1500	3000	0	-282.78	1.63048837245	0	16.18639016765
1600	3000	0	-283.46	1.70503507155	0	15.9554477035
1700	3000	0	-283.46	1.49181589965	0	15.28289643395
1800	3000	0	-283.46	2.1689170923	0	15.2469891742
1900	3000	0	-284.38	2.22864039985	0	15.48668751325
2000	3000	0	-284.38	1.8071153168	0	14.5082687549
2100	3000	0	-284.38	2.5307798713	0	14.24938299605
2200	3000	0	-285.36	3.12509522745	0	14.67958936625
2300	3000	0	-285.36	3.1980497687	0	14.37314379475
2400	3000	0	-286.38	2.61851013695	0	14.9584687492
2500	3000	0	-286.38	1.8448054164	0	15.0306335447
2600	3000	0	-286.38	2.42697900575	0	14.5775454082
2700	3000	0	-287.36	2.31070772165	0	15.3586417597
2800	3000	0	-287.36	1.24474335635	0	15.55834361795
2900	3000	0	-287.36	1.2271022262	0	15.0021334934
3000	3000	0	-287.81	1.08348975295	0	15.3203340206
3100	3000	0	-287.81	0.385854139	0	15.53519225035
3200	3000	0	-287.81	0.1284035436	0	15.5215170378
3300	3000	0	-287.84	0.06660683395	0	15.5245045745
3400	3000	0	-287.84	-0.1059262295	0	15.4274580359
3500	3000	0	-287.84	-0.62562938065	0	15.29501994325
3600	3000	0	-287.62	-0.73597790495	0	14.88386467465
3700	3000	0	-287.62	-1.1103996698	0	15.22822233015
3800	3000	0	-287.29	-0.9775560965	0	14.4286514288
3900	3000	0	-287.29	-0.09192772855	0	14.39884780205
4000	3000	0	-287.29	0	0	15.611

