0	0	0	-258.95	0	0	105
100	0	0	-258.95	15.2064274	0	91.9904486
200	0	0	-258.95	125.5954011	0	-86.4870545
300	0	0	-260.4	162.039636	0	0.4646253
400	0	0	-260.4	176.0913723	0	47.539565
500	0	0	-262.37	169.3572935	0	162.1610793
600	0	0	-262.37	112.8899341	0	200.4447274
700	0	0	-262.37	229.5557891	0	244.7435075
800	0	0	-265.49	243.9886946	0	346.200672
900	0	0	-265.49	181.8803075	0	399.4249811
1000	0	0	-265.49	281.3617097	0	467.317077
1100	0	0	-269.42	294.6760427	0	587.1358078
1200	0	0	-269.42	240.9442724	0	632.2098475
1300	0	0	-269.42	337.8074758	0	676.1943744
1400	0	0	-274.24	314.621033	0	848.3003273
1500	0	0	-274.24	110.7769991	0	964.973557
1600	0	0	-274.24	-29.8726872	0	1008.574142
1700	0	0	-273.37	-59.6075657	0	995.6399861
1800	0	0	-273.37	-51.2486883	0	983.5170342
1900	0	0	-273.37	-83.9168672	0	972.2971838
2000	0	0	-272.42	-146.0359534	0	928.8594175
2100	0	0	-272.42	-246.6513091	0	872.6069343
2200	0	0	-269.29	-235.2385811	0	785.6143768
2300	0	0	-269.29	-161.9223692	0	741.2522456
2400	0	0	-269.29	-304.4377402	0	680.4802805
2500	0	0	-265.49	-293.0091815	0	516.149401
2600	0	0	-265.49	-130.6772383	0	463.0255125
2700	0	0	-265.49	-339.7985992	0	434.4012994
2800	0	0	-261.72	-320.3666001	0	304.5678849
2900	0	0	-261.72	-39.3940792	0	294.9872804
3000	0	0	-261.72	0	0	427
0	100	0	-260.91	0	293.5997976	190.6259405
100	100	0	-260.91	54.9508281	296.3105571	191.6586147
200	100	0	-261.58	70.0731447	325.1833913	215.8549914
300	100	0	-261.58	61.7446752	224.8583391	228.9716019
400	100	0	-261.58	202.5041343	230.251565	251.9310965
500	100	0	-264.08	214.9884017	317.0299143	351.7564238
600	100	0	-264.08	128.8172392	347.5511516	366.4998719
700	100	0	-264.08	240.3397088	346.244759	366.9154125
800	100	0	-267.52	243.826288	276.3803379	498.3248464
900	100	0	-267.52	129.8390576	254.5899892	542.2051804
1000	100	0	-267.52	140.759869	265.8003027	535.8445964
1100	100	0	-268.84	171.9719545	268.5994071	586.9581817
1200	100	0	-268.84	273.1713303	322.7406924	638.0942921
1300	100	0	-268.84	511.0649118	397.7890641	776.5169158
1400	100	0	-277.07	487.4306999	333.0757239	1070.92724
1500	100	0	-277.07	184.7954993	309.2205035	1221.047842
1600	100	0	-277.07	-25.5440773	375.1594132	1222.91382
1700	100	0	-275.88	-98.2510598	433.881685	1169.117819
1800	100	0	-275.88	-119.2453925	436.9369685	1117.076264
1900	100	0	-274.43	-113.3814268	412.3722528	1058.677533
2000	100	0	-274.43	-125.7618364	426.8743924	1021.284353
2100	100	0	-274.43	-239.3414259	425.6980306	969.0488534
2200	100	0	-271.24	-245.6567925	393.267652	861.8094682
2300	100	0	-271.24	-200.0724077	370.4138366	826.4595693
2400	100	0	-271.24	-422.7996563	363.9391519	792.1366169
2500	100	0	-265.43	-404.3051567	442.456405	519.7989316
2600	100	0	-265.43	-118.4922481	458.3654008	455.4062462
2700	100	0	-265.43	-80.554699	409.2625519	551.5724094
2800	100	0	-265.43	-68.3831185	363.0148776	529.4664704
2900	100	0	-265.43	-36.6368667	339.854671	533.5335518
3000	100	0	-265.43	0	54.7135968	664.4667873
0	200	0	-261.93	0	183.7808434	253.9477763
100	200	0	-261.93	46.7900211	182.5687334	250.8814768
200	200	0	-262.49	54.1431831	152.0865915	290.7274562
300	200	0	-262.49	67.1078097	144.223242	288.9471146
400	200	0	-262.49	268.2629474	165.1368654	284.9785017
500	200	0	-266.27	286.6568801	159.4989077	470.0689432
600	200	0	-266.27	142.1047789	204.3745054	513.4009846
700	200	0	-266.27	158.3849754	306.7175895	502.9538956
800	200	0	-267.66	152.3339248	230.5880208	559.4537747
900	200	0	-267.66	171.3002723	249.7820163	585.4207441
1000	200	0	-267.66	295.3711277	382.1195981	631.490228
1100	200	0	-272.09	351.6164323	431.8406092	780.4823604
1200	200	0	-272.09	370.1339294	484.3981993	913.1362754
1300	200	0	-276.33	348.1425073	495.3444381	1063.472157
1400	200	0	-276.33	226.0524723	289.1055723	1176.661926
1500	200	0	-276.33	152.8606885	198.7739794	1238.406424
1600	200	0	-278.12	94.7884944	271.621084	1288.838129
1700	200	0	-278.12	2.1699895	359.8349983	1299.009494
1800	200	0	-278.12	-72.7581205	407.9831339	1269.441325
1900	200	0	-276.94	-93.9794432	444.8874866	1219.598396
2000	200	0	-276.94	-132.7101756	453.6041268	1198.700035
2100	200	0	-276.94	-280.2580496	436.8401663	1157.08985
2200	200	0	-272.87	-290.5227751	427.8773279	1000.881751
2300	200	0	-272.87	-191.2508693	370.0193551	941.1756165
2400	200	0	-272.87	-232.3951718	263.1136138	941.1154406
2500	200	0	-270.98	-198.5829326	465.8526355	835.704558
2600	200	0	-270.98	-163.8710914	482.6826982	814.1439962
2700	200	0	-270.98	-435.1491224	228.5054052	833.0781668
2800	200	0	-265.02	-389.7744809	153.5026291	534.2390442
2900	200	0	-265.02	-347.69536	121.5945674	509.4157443
3000	200	0	-261.51	0	-202.6417321	382.1459699
0	300	0	-262.72	0	133.7168173	316.2620336
100	300	0	-262.72	23.2565762	131.6463692	314.5274765
200	300	0	-262.94	31.7276534	93.9800377	333.9781081
300	300	0	-262.94	74.7949491	107.4796994	329.0008788
400	300	0	-262.94	217.7798	174.0572864	327.6976652
500	300	0	-265.41	254.2260417	34.6881603	461.2243063
600	300	0	-265.41	276.0359211	45.197417	529.160404
700	300	0	-269.14	266.5532242	181.4352507	622.1243638
800	300	0	-269.14	186.8907147	186.1958539	672.1800455
900	300	0	-269.14	281.3706349	235.9568312	724.6162539
1000	300	0	-273.44	322.818462	332.0011385	849.2530293
1100	300	0	-273.44	274.2505557	284.6591888	947.7448274
1200	300	0	-273.44	336.6751591	269.8016547	1037.284535
1300	300	0	-277.87	315.7722848	258.1350826	1172.368184
1400	300	0	-277.87	190.8602413	227.2130314	1244.293644
1500	300	0	-277.87	167.311011	235.2702644	1284.387049
1600	300	0	-280.01	135.5169416	261.542901	1358.2402
1700	300	0	-280.01	38.1109901	280.2680807	1395.343421
1800	300	0	-280.01	-34.1929042	299.1129826	1388.788154
1900	300	0	-279.47	-67.7604339	329.4834831	1363.767247
2000	300	0	-279.47	-133.8091567	310.1103943	1347.684491
2100	300	0	-279.47	-265.0682249	265.8655448	1299.646628
2200	300	0	-275.98	-312.4776037	347.3438267	1158.443213
2300	300	0	-275.98	-364.8361219	325.0535454	1055.467511
2400	300	0	-271.37	-326.9663759	156.9939891	923.3772926
2500	300	0	-271.37	-184.7360722	193.5486734	859.8404001
2600	300	0	-271.37	-355.8394784	154.3796433	833.2805124
2700	300	0	-266.61	-409.7347682	-51.0629142	673.3140739
2800	300	0	-266.61	-175.2939562	197.2401177	579.9611964
2900	300	0	-266.61	-392.7812279	172.421307	690.7133207
3000	300	0	-262.83	0	131.9216382	385.7236646
0	400	0	-263.3	0	97.3161764	355.3503155
100	400	0	-263.37	7.0532415	78.3149128	360.8539801
200	400	0	-263.37	29.9765133	58.3967446	363.1097791
300	400	0	-263.37	147.1850583	74.9826868	351.0868591
400	400	0	-265.6	195.4714084	147.3790467	418.2716369
500	400	0	-265.6	157.7970108	41.8119186	469.9766587
600	400	0	-265.6	288.8518693	25.8697578	512.9644658
700	400	0	-269.37	299.3834123	56.201928	637.3887208
800	400	0	-269.37	206.8555053	76.919154	681.2452159
900	400	0	-269.37	317.1055569	122.3913469	724.9369071
1000	400	0	-273.69	344.0734853	138.142619	884.7155088
1100	400	0	-273.69	289.4169485	167.7570965	975.1655674
1200	400	0	-273.69	343.6098231	235.9298075	1049.497937
1300	400	0	-278.55	305.553884	182.7915847	1187.172834
1400	400	0	-278.55	203.1876542	163.0230521	1267.279102
1500	400	0	-278.55	187.1905581	199.9087679	1322.715761
1600	400	0	-281.17	139.7863107	182.201016	1402.763166
1700	400	0	-281.17	39.7400711	161.3473576	1438.847914
1800	400	0	-280.88	-23.5427182	162.6938414	1433.404617
1900	400	0	-280.88	-82.9820315	172.9785965	1417.735083
2000	400	0	-280.88	-196.3281139	141.5697486	1380.652715
2100	400	0	-277.67	-243.0246172	94.7577232	1288.773438
2200	400	0	-277.67	-231.3347746	176.5421455	1212.179058
2300	400	0	-277.67	-381.6007069	203.031551	1143.046002
2400	400	0	-272.85	-363.9000438	169.5644718	968.8200138
2500	400	0	-272.85	-201.1972784	153.8257349	918.7382371
2600	400	0	-272.85	-408.482679	78.3107922	927.5968124
2700	400	0	-268.07	-392.288648	82.5376041	671.6868288
2800	400	0	-268.07	-166.2902597	137.0303194	623.3560236
2900	400	0	-268.07	-413.0138395	-53.9495634	727.6752889
3000	400	0	-263.44	0	176.3915992	418.5559453
0	500	0	-263.52	0	85.0341372	376.9829709
100	500	0	-263.48	-15.6628555	42.145598	380.6816388
200	500	0	-263.48	28.3954273	35.6390506	372.1077759
300	500	0	-263.48	163.7772512	42.9612365	317.6214883
400	500	0	-265.42	184.6090318	53.9202317	421.9687548
500	500	0	-265.42	132.7167528	36.7019475	445.5879286
600	500	0	-265.42	290.4259305	63.7674593	461.8851093
700	500	0	-269.31	317.6026204	41.7789265	621.2351194
800	500	0	-269.31	253.0801336	81.0400442	695.9330108
900	500	0	-269.31	342.5940999	171.1493795	775.6371211
1000	500	0	-273.84	368.1842116	115.5799399	936.4163861
1100	500	0	-273.84	372.0377442	122.5457197	1040.14984
1200	500	0	-278.69	351.7096473	186.6015514	1133.83456
1300	500	0	-278.69	242.8655295	121.152143	1215.231168
1400	500	0	-278.69	207.9774245	96.8664661	1277.708835
1500	500	0	-281.46	186.4889749	127.7314782	1366.521273
1600	500	0	-281.46	96.9555313	96.1537582	1430.100563
1700	500	0	-281.46	18.6038155	71.472222	1445.601325
1800	500	0	-281.26	-22.5616653	73.6349705	1438.607141
1900	500	0	-281.26	-88.8845266	70.8707992	1430.859693
2000	500	0	-281.26	-212.03003	52.5923274	1392.392244
2100	500	0	-278.2	-230.0958279	59.6487526	1280.617933
2200	500	0	-278.2	-204.203776	80.1598654	1234.208041
2300	500	0	-278.2	-371.8137955	70.6670389	1205.457403
2400	500	0	-273.02	-376.172192	127.1778787	1007.552043
2500	500	0	-273.02	-275.9897519	92.1282063	929.4652888
2600	500	0	-273.02	-427.1276092	-96.8941329	878.3828095
2700	500	0	-268.21	-351.0152409	59.8659981	640.3718846
2800	500	0	-268.21	-311.7811237	78.6505637	596.1622737
2900	500	0	-264.86	-353.4199481	-144.1655854	569.7780517
3000	500	0	-264.86	0	143.7831441	463.3513922
0	600	0	-264.35	0	48.3705338	397.6562168
100	600	0	-263.52	-42.3418451	38.7137662	364.8755926
200	600	0	-263.52	30.7921518	40.9026265	356.6197292
300	600	0	-263.52	165.4662394	60.6070237	327.961862
400	600	0	-265.76	189.2121194	25.491191	445.9546742
500	600	0	-265.76	167.6442383	49.2325275	471.2731635
600	600	0	-265.76	293.9288483	140.1574597	493.6006262
700	600	0	-269.46	316.6559973	55.7900767	634.9486167
800	600	0	-269.46	336.2259584	63.7653514	729.2439148
900	600	0	-274.1	351.6454527	139.6160298	854.1619036
1000	600	0	-274.1	295.4698255	65.8304785	955.2221574
1100	600	0	-274.1	360.4385599	32.4797582	1035.687153
1200	600	0	-278.86	342.2162464	36.5277029	1163.047788
1300	600	0	-278.86	215.8187987	10.6121199	1228.773688
1400	600	0	-278.86	209.7669895	5.8873748	1267.919643
1500	600	0	-281.61	186.4778502	16.4699159	1361.683448
1600	600	0	-281.61	83.5270544	7.0246777	1415.48277
1700	600	0	-281.61	17.2212834	4.2722725	1421.403742
1800	600	0	-281.74	-24.144141	6.3155825	1417.332043
1900	600	0	-281.74	-104.0246746	-15.4252983	1406.618269
2000	600	0	-281.74	-207.5501604	-44.5546171	1358.26663
2100	600	0	-278.63	-215.4570792	6.2152607	1255.54673
2200	600	0	-278.63	-220.3164883	-3.0259987	1209.901814
2300	600	0	-278.63	-334.5826936	-76.6591489	1164.575801
2400	600	0	-274.96	-342.4388764	42.9803848	1005.92618
2500	600	0	-274.96	-425.26929	41.7667472	912.5220625
2600	600	0	-269.05	-440.7448872	-121.6560798	749.9420807
2700	600	0	-269.05	-216.7439514	48.6478738	635.2297411
2800	600	0	-269.05	-370.3218432	64.7684004	640.9858432
2900	600	0	-264.99	-347.8812591	-18.1805383	491.8232227
3000	600	0	-264.99	0	79.5374417	463.9924945
0	700	0	-264.24	0	-13.3411141	382.8480556
100	700	0	-264.04	-23.1307629	20.7096112	358.0133147
200	700	0	-264.04	50.2886848	30.7051383	354.1355693
300	700	0	-264.04	148.3658157	77.172025	368.0594375
400	700	0	-265.67	173.2345356	-4.7167416	458.7374633
500	700	0	-265.67	247.3830215	10.7259314	494.3649372
600	700	0	-269.33	296.9834797	97.265952	570.944314
700	700	0	-269.33	241.2105121	9.8354909	645.9517975
800	700	0	-269.33	336.9060868	-12.8586355	709.6567214
900	700	0	-273.73	344.6592269	-0.1064726	850.3119743
1000	700	0	-273.73	261.0479399	-16.8573124	917.8746819
1100	700	0	-273.73	342.7349687	-11.048496	974.3885895
1200	700	0	-278.5	329.842009	-41.9058157	1123.8487
1300	700	0	-278.5	212.2252014	-55.4459553	1199.256412
1400	700	0	-278.5	213.8352205	-41.8377851	1236.366617
1500	700	0	-281.37	187.6262777	-49.4206056	1328.601689
1600	700	0	-281.37	84.7578879	-56.5038321	1376.364482
1700	700	0	-281.37	17.8947204	-50.5733988	1374.604622
1800	700	0	-281.51	-42.2592362	-51.4857832	1365.741555
1900	700	0	-281.51	-139.7547262	-73.226717	1338.324093
2000	700	0	-278.97	-190.389471	-93.0376466	1269.860009
2100	700	0	-278.97	-188.5672096	-35.2178725	1206.955993
2200	700	0	-278.97	-287.0781856	-44.8619568	1160.903577
2300	700	0	-274.42	-325.807412	-121.6838688	1045.45707
2400	700	0	-274.42	-257.7462958	-27.1737591	952.161209
2500	700	0	-274.42	-440.6262165	-4.4968636	899.1415927
2600	700	0	-269.34	-420.2464826	-29.8325547	692.8077212
2700	700	0	-269.34	-164.5907607	28.0702643	641.1047037
2800	700	0	-269.34	-378.6095358	-33.0548433	711.0742174
2900	700	0	-265.49	-338.6509068	16.5155749	468.2170328
3000	700	0	-265.49	0	37.6793034	450.4053485
0	800	0	-263.84	0	-36.3342286	367.0173277
100	800	0	-263.84	1.7044073	-11.018182	358.3294356
200	800	0	-263.84	87.2545656	-3.6384392	350.5064086
300	800	0	-265.37	130.0443596	27.7216052	400.556101
400	800	0	-265.37	122.7660258	-45.0778659	437.8678413
500	800	0	-265.37	269.6269319	-47.5406252	454.2242334
600	800	0	-269.07	293.0384077	-34.6168481	569.1813924
700	800	0	-269.07	206.5314098	-60.0963779	610.674541
800	800	0	-269.07	326.2839948	-44.8238143	644.792044
900	800	0	-273.4	347.6467758	-70.9570098	800.5219083
1000	800	0	-273.4	284.5278022	-49.8976347	881.0580796
1100	800	0	-273.4	335.3900567	5.2758215	949.470249
1200	800	0	-278.01	297.818787	-61.0338718	1085.747029
1300	800	0	-278.01	215.8868293	-81.2948979	1160.358863
1400	800	0	-278.01	215.7923391	-48.9148563	1209.017378
1500	800	0	-280.94	171.8118031	-81.2795156	1289.71685
1600	800	0	-280.94	82.3742612	-104.8592866	1324.952045
1700	800	0	-281.25	22.2393323	-99.3199531	1317.631124
1800	800	0	-281.25	-46.7974591	-96.9952021	1307.708137
1900	800	0	-281.25	-145.576538	-99.2237631	1279.326804
2000	800	0	-278.98	-169.5413159	-88.8850994	1208.305862
2100	800	0	-278.98	-167.2813894	-58.679179	1174.446686
2200	800	0	-278.98	-306.7824846	-59.0225195	1141.867316
2300	800	0	-274.76	-316.8944959	-69.7228279	984.6991697
2400	800	0	-274.76	-225.2518713	-45.5467354	924.5908356
2500	800	0	-274.76	-427.9280856	-77.7463954	918.3849682
2600	800	0	-269.76	-408.1777592	-22.8345259	680.0303508
2700	800	0	-269.76	-219.9662399	-26.4877105	624.1274183
2800	800	0	-269.76	-381.8765327	-205.6070627	657.6411257
2900	800	0	-265.49	-277.1471125	-20.5294213	430.1306776
3000	800	0	-265.49	0	-5.0555978	426.3684481
0	900	0	-263.86	0	-45.2400844	355.7905993
100	900	0	-263.86	9.5650265	-37.2055306	352.6257176
200	900	0	-263.86	89.028472	-36.3312752	331.6116777
300	900	0	-264.89	106.926389	-47.6783657	393.7112662
400	900	0	-264.89	97.9723052	-70.5028935	399.2261345
500	900	0	-264.89	257.8440394	-47.634182	382.7209941
600	900	0	-268.08	284.427727	-90.3301858	516.4783249
700	900	0	-268.08	231.0035459	-75.4669288	566.5679515
800	900	0	-268.08	326.0454549	-8.895802	614.3740615
900	900	0	-272.43	339.5854066	-84.0055951	757.7729967
1000	900	0	-272.43	337.2807713	-88.1464341	857.8083078
1100	900	0	-276.92	331.5987315	-38.4174943	967.7022965
1200	900	0	-276.92	243.2712895	-103.8527262	1063.869586
1300	900	0	-276.92	224.3442169	-122.4657265	1121.311545
1400	900	0	-280.05	213.8506028	-90.4807984	1183.228432
1500	900	0	-280.05	131.6818474	-124.2476175	1235.708437
1600	900	0	-280.05	66.7174504	-147.6626645	1251.235021
1700	900	0	-280.54	25.7588049	-143.5852972	1250.322159
1800	900	0	-280.54	-42.1630461	-143.6242569	1250.382241
1900	900	0	-280.54	-131.6446235	-142.7764823	1232.59776
2000	900	0	-278.66	-149.844887	-116.8219509	1167.778467
2100	900	0	-278.66	-158.7046297	-110.771064	1137.492674
2200	900	0	-278.66	-298.1218344	-127.4703708	1097.768785
2300	900	0	-274.85	-312.3316279	-92.6798934	932.2772359
2400	900	0	-274.85	-265.7698633	-111.5343591	870.0930391
2500	900	0	-274.85	-417.914007	-216.2636562	847.7056462
2600	900	0	-269.37	-368.9877977	-64.7397177	636.2392757
2700	900	0	-269.37	-347.3632975	-53.0774389	575.4511757
2800	900	0	-265.34	-372.6512466	-241.1633864	495.5534608
2900	900	0	-265.34	-138.0994419	-43.5693882	392.0099875
3000	900	0	-265.34	0	-30.1295475	448.5375117
0	1000	0	-263.54	0	-59.9398948	323.5358945
100	1000	0	-263.54	10.6132165	-58.3073003	322.0548274
200	1000	0	-263.54	76.7817305	-56.3594009	307.6364981
300	1000	0	-264.36	95.8727412	-84.3899635	366.7483324
400	1000	0	-264.36	122.8102095	-70.9153369	371.2802085
500	1000	0	-264.36	249.7996397	0.1357268	370.4836254
600	1000	0	-267.56	265.205661	-89.9650478	488.0950638
700	1000	0	-267.56	287.9657935	-90.1748119	551.0212663
800	1000	0	-271.65	317.7453284	-33.2946016	637.9193378
900	1000	0	-271.65	268.3961437	-118.6134784	725.2886346
1000	1000	0	-271.65	330.115903	-155.1444648	801.3548248
1100	1000	0	-276.05	319.6837645	-149.5968942	931.5399403
1200	1000	0	-276.05	213.7705549	-179.0132463	1004.373096
1300	1000	0	-276.05	229.2587571	-182.9799306	1046.386345
1400	1000	0	-279.17	214.010448	-169.7172178	1120.173915
1500	1000	0	-279.17	114.629937	-179.7976678	1160.989009
1600	1000	0	-279.17	63.0365815	-179.4747524	1167.740249
1700	1000	0	-279.81	26.2777399	-176.5322348	1177.809605
1800	1000	0	-279.81	-45.9886442	-187.7290657	1179.733195
1900	1000	0	-279.81	-118.774232	-198.2066503	1154.996534
2000	1000	0	-278.04	-137.5358975	-165.2512115	1098.864815
2100	1000	0	-278.04	-177.9298093	-176.7645588	1066.607133
2200	1000	0	-278.04	-288.691314	-224.0959892	1011.324267
2300	1000	0	-274.11	-300.9584841	-143.9895251	870.3181913
2400	1000	0	-274.11	-348.8356341	-144.9758901	793.5016669
2500	1000	0	-269.52	-381.1334442	-239.9694437	693.7563762
2600	1000	0	-269.52	-244.9915419	-75.4753099	585.7746069
2700	1000	0	-269.52	-396.3899087	-41.8242185	573.0580075
2800	1000	0	-264.94	-372.368482	-119.6807092	400.0219447
2900	1000	0	-264.94	-66.1132735	-35.8205752	365.6498574
3000	1000	0	-264.94	0	-45.6054971	520.9824891
0	1100	0	-263.07	0	-60.8845484	291.0320488
100	1100	0	-263.07	13.1455204	-60.4267769	290.618277
200	1100	0	-263.07	62.9458088	-59.3950935	288.972251
300	1100	0	-263.96	92.3704529	-103.3121252	334.8317873
400	1100	0	-263.96	182.4979956	-89.0802707	350.227901
500	1100	0	-266.86	238.7943286	-25.2619825	403.2661142
600	1100	0	-266.86	194.1171883	-117.0010691	462.8466197
700	1100	0	-266.86	287.673992	-144.6753224	499.9790834
800	1100	0	-270.69	297.6067884	-142.3128584	605.8954218
900	1100	0	-270.69	217.7355433	-186.1244118	654.9921781
1000	1100	0	-270.69	306.2973555	-209.9124129	699.4003917
1100	1100	0	-274.89	307.7299501	-227.157655	840.6185478
1200	1100	0	-274.89	209.8882531	-228.8538102	909.4880153
1300	1100	0	-274.89	233.6402454	-212.1887463	942.5082295
1400	1100	0	-278.01	217.0328656	-219.4717192	1030.729762
1500	1100	0	-278.01	121.9243129	-219.9785216	1079.361685
1600	1100	0	-278.01	69.9828834	-201.8160037	1089.484902
1700	1100	0	-278.91	17.5044915	-204.7297364	1101.780678
1800	1100	0	-278.91	-63.8374616	-221.5774977	1093.522834
1900	1100	0	-277.48	-109.1667693	-232.2148767	1054.156606
2000	1100	0	-277.48	-128.4027954	-202.5486648	1016.939118
2100	1100	0	-277.48	-217.5494074	-212.4887074	983.7408282
2200	1100	0	-273.86	-265.3468008	-249.8962313	895.7252463
2300	1100	0	-273.86	-233.2115288	-165.0302268	812.1504712
2400	1100	0	-273.86	-361.7497819	-141.3529405	760.3473604
2500	1100	0	-269.45	-348.4134268	-158.3263524	610.3164011
2600	1100	0	-269.45	-170.8425726	-82.1715144	566.9142218
2700	1100	0	-269.45	-391.5686968	-70.9248999	623.0406948
2800	1100	0	-265.26	-366.6476032	-64.7466693	377.9017532
2900	1100	0	-265.26	-64.0242298	-48.9779838	352.1984195
3000	1100	0	-265.26	0	-127.5637603	539.3430046
0	1200	0	-262.91	0	-62.3719918	274.8129114
100	1200	0	-262.91	12.1026714	-63.0682559	274.4805607
200	1200	0	-263.29	33.8963822	-77.0126479	274.6499424
300	1200	0	-263.29	66.187564	-120.2660147	290.1668177
400	1200	0	-263.29	200.8603521	-118.7234929	295.9955683
500	1200	0	-265.8	221.8788413	-112.4568089	384.7813453
600	1200	0	-265.8	145.7923211	-156.4693841	406.1336268
700	1200	0	-265.8	262.6540042	-175.4889087	406.6433574
800	1200	0	-269.34	276.296239	-199.7269476	528.3534314
900	1200	0	-269.34	200.7965892	-208.0285483	572.0587284
1000	1200	0	-269.34	289.0826598	-205.0074524	598.1255251
1100	1200	0	-273.37	300.7423672	-241.9919827	734.3075258
1200	1200	0	-273.37	228.7394636	-233.8485056	810.6674867
1300	1200	0	-273.37	238.6408482	-196.9763669	857.8274768
1400	1200	0	-276.72	206.2206727	-236.5838881	946.4039382
1500	1200	0	-276.72	132.2856525	-256.4572795	998.8583498
1600	1200	0	-277.8	78.2853668	-239.9776228	1019.597764
1700	1200	0	-277.8	6.5162459	-243.0935154	1028.094424
1800	1200	0	-277.8	-73.4737846	-249.4977788	1011.078362
1900	1200	0	-276.42	-99.745399	-244.2607137	968.2570136
2000	1200	0	-276.42	-117.8097282	-227.4444404	949.9987965
2100	1200	0	-276.42	-225.2773758	-228.0366541	928.6880842
2200	1200	0	-273.45	-241.2328333	-230.461364	820.1202297
2300	1200	0	-273.45	-192.4151933	-200.752566	771.3128297
2400	1200	0	-273.45	-342.1317596	-208.7131233	753.4923302
2500	1200	0	-269.09	-321.9520181	-153.4489446	576.7897384
2600	1200	0	-269.09	-157.5900895	-129.1186055	542.5507309
2700	1200	0	-269.09	-378.9650636	-168.6415781	618.9267268
2800	1200	0	-264.64	-350.4215658	-82.7868746	355.1492047
2900	1200	0	-264.64	-128.9303645	-79.8250923	325.5367813
3000	1200	0	-264.64	0	-271.1353415	452.2979426
0	1300	0	-262.68	0	-86.6388879	256.3530513
100	1300	0	-262.68	-1.4951357	-87.1144952	254.230794
200	1300	0	-262.39	5.74805	-97.1168327	245.9222588
300	1300	0	-262.39	50.659608	-111.1197687	240.8339851
400	1300	0	-262.39	190.3072014	-99.1411581	223.3236927
500	1300	0	-265.11	201.0484374	-151.861226	331.5151746
600	1300	0	-265.11	131.0850884	-167.8406904	347.0313292
700	1300	0	-265.11	244.4164286	-157.6607228	335.2122604
800	1300	0	-268.18	265.0671488	-191.6120621	458.4914863
900	1300	0	-268.18	212.4550385	-178.2667003	510.3671522
1000	1300	0	-268.18	272.333921	-143.8402713	541.8796039
1100	1300	0	-271.84	278.8888969	-217.5997286	652.5459826
1200	1300	0	-271.84	254.9038689	-238.9530874	733.3685738
1300	1300	0	-275.06	230.9048629	-217.3504908	806.6217072
1400	1300	0	-275.06	157.5519531	-266.6458131	869.632126
1500	1300	0	-275.06	118.5305782	-295.3925499	906.1105654
1600	1300	0	-276.34	83.3466475	-287.7222972	934.0877658
1700	1300	0	-276.34	7.9843354	-284.9417581	943.9220771
1800	1300	0	-276.34	-65.0046599	-279.2783106	927.2263188
1900	1300	0	-275.31	-87.1134308	-263.714008	889.8734403
2000	1300	0	-275.31	-112.1787358	-261.2053727	878.9394948
2100	1300	0	-275.31	-220.566331	-268.7450222	860.7806923
2200	1300	0	-272.19	-238.0627127	-243.9852096	747.3325429
2300	1300	0	-272.19	-211.4632881	-257.6908171	698.5065201
2400	1300	0	-272.19	-314.4461604	-321.9704264	674.7102776
2500	1300	0	-268.22	-268.818909	-197.74951	524.6751484
2600	1300	0	-268.22	-186.0352061	-182.3453784	490.393941
2700	1300	0	-268.22	-345.2369659	-298.3292087	525.6227908
2800	1300	0	-264.35	-277.8311174	-106.0624038	322.9889996
2900	1300	0	-264.35	-252.3726967	-88.420433	302.8037397
3000	1300	0	-261.22	0	-264.9750589	292.8746229
0	1400	0	-261.99	0	-108.3140957	222.8661293
100	1400	0	-261.99	1.6247266	-107.4253296	217.3847373
200	1400	0	-262.1	9.8911087	-103.1850112	216.0253826
300	1400	0	-262.1	64.1632387	-92.3241049	211.5164326
400	1400	0	-262.1	160.1188948	-42.1826081	202.9897759
500	1400	0	-263.85	153.179309	-135.4644634	284.0409002
600	1400	0	-263.85	139.9928243	-139.4285719	295.6896409
700	1400	0	-263.85	238.8826325	-93.2842054	297.8806738
800	1400	0	-267.22	255.6902615	-169.3741416	405.0726699
900	1400	0	-267.22	248.5683801	-180.2612706	471.779418
1000	1400	0	-270.4	249.7496315	-152.4527514	537.6099716
1100	1400	0	-270.4	205.629551	-225.7866791	599.8885749
1200	1400	0	-270.4	228.9887014	-267.4442702	649.0815272
1300	1400	0	-273.3	210.9481225	-275.4669721	725.3796633
1400	1400	0	-273.3	128.1786135	-300.7260986	772.3334416
1500	1400	0	-273.3	111.2091683	-312.9652144	800.2298297
1600	1400	0	-274.75	88.7361586	-310.6969874	837.4883464
1700	1400	0	-274.75	14.9602325	-308.7704857	852.1652263
1800	1400	0	-274.75	-52.2460345	-301.2325553	836.0616957
1900	1400	0	-273.86	-81.6724611	-284.5834535	801.3139364
2000	1400	0	-273.86	-122.8407424	-299.8486373	782.9705403
2100	1400	0	-273.86	-208.0572127	-329.5720567	751.0693502
2200	1400	0	-271.09	-230.1786283	-265.5913131	654.136072
2300	1400	0	-271.09	-270.4004101	-260.7394877	595.7186342
2400	1400	0	-267.5	-282.1904525	-315.9518557	530.0852471
2500	1400	0	-267.5	-182.3269701	-198.0625638	455.9729415
2600	1400	0	-267.5	-258.1697882	-184.4342999	426.103174
2700	1400	0	-263.96	-302.682089	-290.8363389	357.3403576
2800	1400	0	-263.96	-140.5127901	-112.4567331	276.3777086
2900	1400	0	-263.96	-287.8430197	-94.9100887	310.7425011
3000	1400	0	-261.07	0	-135.7942609	209.806156
0	1500	0	-261.46	0	-107.9202965	187.3002429
100	1500	0	-261.46	3.6339488	-107.1835604	178.1034496
200	1500	0	-261.48	20.8492747	-107.0323099	179.4166188
300	1500	0	-261.48	111.6620111	-96.0135429	185.9334777
400	1500	0	-263.26	147.1668429	-53.5902204	227.9607109
500	1500	0	-263.26	103.8024736	-126.133488	259.8476707
600	1500	0	-263.26	173.2653465	-127.327275	262.3295803
700	1500	0	-265.94	214.4708589	-93.5911652	302.3100662
800	1500	0	-265.94	178.0900836	-178.4339077	353.6965502
900	1500	0	-265.94	229.3764287	-215.0187156	397.772671
1000	1500	0	-268.95	226.8085125	-223.9673598	482.8884216
1100	1500	0	-268.95	163.897378	-258.9334908	519.4212787
1200	1500	0	-268.95	205.2235759	-283.1627445	540.8821339
1300	1500	0	-271.8	197.6230345	-300.7795371	624.8364819
1400	1500	0	-271.8	120.0537108	-309.5667212	673.9486898
1500	1500	0	-271.8	108.5596893	-310.5336584	698.8393102
1600	1500	0	-273.25	87.5413762	-319.9025397	742.9226551
1700	1500	0	-273.25	17.4487676	-329.1421351	758.8886627
1800	1500	0	-273.25	-40.8176277	-328.8054894	738.3137627
1900	1500	0	-272.75	-85.7295128	-310.6630485	705.3830404
2000	1500	0	-272.75	-157.167339	-319.740208	669.2288978
2100	1500	0	-270.25	-186.3090069	-340.1879051	607.7509486
2200	1500	0	-270.25	-169.2301438	-273.0494581	556.3174976
2300	1500	0	-270.25	-261.8238306	-240.6742441	527.4514077
2400	1500	0	-266.94	-251.7692366	-235.8620298	452.897307
2500	1500	0	-266.94	-137.3013532	-185.2270968	421.0643653
2600	1500	0	-266.94	-278.8089812	-173.9486699	407.3893958
2700	1500	0	-263.52	-273.259399	-176.5889094	268.6068288
2800	1500	0	-263.52	-81.9048672	-110.0769716	245.0453773
2900	1500	0	-263.52	-275.7102245	-142.8122881	365.9728703
3000	1500	0	-260.77	0	-77.443851	176.8262973
0	1600	0	-260.83	0	-87.714427	162.1174674
100	1600	0	-260.87	2.5127132	-91.9141442	157.3456539
200	1600	0	-260.87	21.0611262	-94.0542106	156.9826801
300	1600	0	-260.87	117.6053282	-94.9878612	159.7140324
400	1600	0	-262.34	129.9989498	-102.9482863	214.6116575
500	1600	0	-262.34	79.4422543	-130.635492	217.0630303
600	1600	0	-262.34	172.5351471	-136.3957227	194.8486933
700	1600	0	-264.63	187.7759998	-143.1885089	273.5203937
800	1600	0	-264.63	134.262711	-175.6433849	301.7483798
900	1600	0	-264.63	203.0349279	-192.2714507	314.6399905
1000	1600	0	-267.48	205.8348563	-228.6066862	405.4967587
1100	1600	0	-267.48	146.4341664	-249.3683491	441.0025104
1200	1600	0	-267.48	187.1426551	-262.4944513	454.8585318
1300	1600	0	-270.15	184.5441459	-294.5315988	535.9468864
1400	1600	0	-270.15	118.4244923	-301.0092592	582.8506457
1500	1600	0	-270.15	100.8733498	-293.4434057	602.7713503
1600	1600	0	-271.53	70.1276819	-322.3464651	639.9172196
1700	1600	0	-271.53	6.0572828	-344.4246677	654.1310957
1800	1600	0	-271.05	-33.7669479	-345.9451206	638.6364854
1900	1600	0	-271.05	-72.6071796	-329.3830717	618.9505879
2000	1600	0	-271.05	-152.365599	-317.1891891	584.6829946
2100	1600	0	-268.85	-161.3664629	-299.6763697	518.755164
2200	1600	0	-268.85	-130.6649673	-265.0777643	499.7220281
2300	1600	0	-268.85	-233.2129818	-242.1982449	502.9739121
2400	1600	0	-265.9	-226.7433052	-213.7332556	396.7776195
2500	1600	0	-265.9	-120.4136102	-201.8692757	371.2590309
2600	1600	0	-265.9	-249.5316007	-206.9714558	400.7653106
2700	1600	0	-262.96	-238.8103907	-130.339526	247.4484731
2800	1600	0	-262.96	-106.7361688	-121.9278834	229.1137827
2900	1600	0	-262.96	-255.209899	-268.2710003	322.6199864
3000	1600	0	-260.4	0	-74.8262653	146.1020705
0	1700	0	-260.68	0	-95.5150587	148.2418217
100	1700	0	-260.62	-2.7058349	-99.3868118	143.653565
200	1700	0	-260.62	17.7755577	-100.3874363	140.7627899
300	1700	0	-260.62	102.7679353	-105.7589125	126.7952437
400	1700	0	-261.89	111.5192121	-133.8667734	195.2092777
500	1700	0	-261.89	70.3550372	-140.6195028	195.646774
600	1700	0	-261.89	160.7123295	-138.4755164	170.8780128
700	1700	0	-264.03	175.2231967	-162.6943117	257.3542697
800	1700	0	-264.03	129.0071417	-154.445307	284.5309846
900	1700	0	-264.03	176.4131273	-131.3224396	290.8523437
1000	1700	0	-266.44	169.7116141	-203.2079562	360.5854367
1100	1700	0	-266.44	130.009613	-227.2505008	387.0329497
1200	1700	0	-266.44	160.0603262	-222.2094073	400.9686045
1300	1700	0	-268.57	159.1082267	-283.5826369	462.9989608
1400	1700	0	-268.57	121.1419039	-313.2383487	503.9784107
1500	1700	0	-269.73	87.2224834	-311.956431	530.5548653
1600	1700	0	-269.73	36.5601141	-338.4702581	551.0684827
1700	1700	0	-269.73	-6.149888	-353.5843597	558.3767878
1800	1700	0	-269.47	-25.7760317	-348.3962375	550.8762906
1900	1700	0	-269.47	-56.9735812	-340.1765866	542.1841612
2000	1700	0	-269.47	-127.4606371	-327.368065	515.1419641
2100	1700	0	-267.66	-134.1975822	-291.1829533	448.5688767
2200	1700	0	-267.66	-111.7520189	-271.1502803	438.094241
2300	1700	0	-267.66	-210.4793219	-257.5419783	456.9112717
2400	1700	0	-264.87	-211.4402673	-211.6576613	351.6392691
2500	1700	0	-264.87	-130.5395535	-224.1547429	328.0374816
2600	1700	0	-264.87	-207.2792315	-307.4762922	334.2971966
2700	1700	0	-262.64	-188.2158266	-171.0565487	218.7977084
2800	1700	0	-262.64	-219.8363415	-154.3993261	214.0366624
2900	1700	0	-260.07	-228.6086064	-271.9113005	168.6483976
3000	1700	0	-260.07	0	-93.653447	121.3464461
0	1800	0	-259.96	0	-115.7194837	109.1599314
100	1800	0	-259.93	-2.3596644	-114.0812619	106.4662663
200	1800	0	-259.93	14.6890256	-113.7973125	109.8560021
300	1800	0	-259.93	84.125991	-116.2326629	105.1076309
400	1800	0	-260.95	95.1383595	-146.8213437	165.5760697
500	1800	0	-260.95	74.8335113	-130.7908299	161.6143346
600	1800	0	-260.95	150.4603382	-76.6822583	166.3487174
700	1800	0	-262.86	171.8062092	-146.9838188	244.7047103
800	1800	0	-262.86	165.6345831	-161.8224842	274.0282343
900	1800	0	-264.83	154.2722787	-146.5437749	291.5141119
1000	1800	0	-264.83	109.9067952	-208.9013975	303.6535969
1100	1800	0	-264.83	127.4327154	-233.9527236	313.027333
1200	1800	0	-266.69	130.8105189	-238.510614	363.4280046
1300	1800	0	-266.69	93.5152044	-294.0503988	395.9069163
1400	1800	0	-266.69	90.0506982	-324.4397113	407.4424641
1500	1800	0	-267.77	75.6414404	-325.8070763	439.0979632
1600	1800	0	-267.77	28.4997531	-329.5197297	455.7076896
1700	1800	0	-267.77	-3.8686966	-329.1656565	451.1810121
1800	1800	0	-267.64	-20.3591747	-325.6136085	440.9908387
1900	1800	0	-267.64	-51.5790071	-340.0611621	432.2533551
2000	1800	0	-267.64	-103.3719657	-357.9495652	412.0577106
2100	1800	0	-266.23	-105.1486782	-311.0202505	365.7855487
2200	1800	0	-266.23	-97.0239923	-300.5136479	364.4265686
2300	1800	0	-266.23	-173.7203628	-314.4612709	372.2417452
2400	1800	0	-264.01	-193.3560699	-211.4272258	301.9984472
2500	1800	0	-264.01	-216.2322411	-199.2931266	299.3580593
2600	1800	0	-261.61	-196.4334065	-286.6528927	194.3095933
2700	1800	0	-261.61	-85.7334246	-187.5179473	163.1032036
2800	1800	0	-261.61	-207.5909206	-160.875401	250.7432518
2900	1800	0	-259.41	-194.46402	-133.4594229	108.7007235
3000	1800	0	-259.41	0	-87.2589917	95.6316502
0	1900	0	-259.4	0	-93.8107621	102.8589359
100	1900	0	-259.38	-0.7836637	-90.7046765	103.2135186
200	1900	0	-259.38	15.6241567	-84.5540879	134.9106051
300	1900	0	-259.38	69.7439041	-49.2575353	149.712784
400	1900	0	-260.19	96.9610451	-107.6644411	179.461604
500	1900	0	-260.19	140.4941226	-105.2297916	122.3984317
600	1900	0	-261.99	144.5193406	-68.5958377	186.2845031
700	1900	0	-261.99	90.0829708	-135.345738	205.0635692
800	1900	0	-261.99	129.4471856	-170.0769525	191.1053999
900	1900	0	-263.71	129.3342141	-190.0830572	243.0542761
1000	1900	0	-263.71	82.3026655	-210.3979011	260.2403895
1100	1900	0	-263.71	100.4003964	-222.1353514	256.3476577
1200	1900	0	-265.03	99.9626509	-234.8090252	293.9578004
1300	1900	0	-265.03	73.1791294	-251.8268154	310.8019199
1400	1900	0	-265.03	89.3852265	-265.8209916	317.3936806
1500	1900	0	-266.33	82.142465	-279.8391728	355.4666059
1600	1900	0	-266.33	33.201534	-285.7177343	375.8412608
1700	1900	0	-266.33	-2.2437668	-283.0948737	371.4769471
1800	1900	0	-266.29	-36.6715373	-278.8510137	351.0782729
1900	1900	0	-266.29	-89.3095379	-283.522147	303.1130805
2000	1900	0	-264.88	-98.4197254	-283.2593159	242.1739484
2100	1900	0	-264.88	-76.7616649	-242.0605249	238.4478144
2200	1900	0	-264.88	-115.1930393	-238.3045763	282.2997475
2300	1900	0	-263.35	-121.3928998	-260.4482319	248.4976073
2400	1900	0	-263.35	-96.272123	-179.5797666	234.6869117
2500	1900	0	-263.35	-205.7652203	-139.5726152	252.3037726
2600	1900	0	-260.8	-195.5040522	-112.4177484	122.0055953
2700	1900	0	-260.8	-62.4383349	-85.6139902	103.2399538
2800	1900	0	-260.8	-165.7778171	-77.9285805	196.0487879
2900	1900	0	-259.12	-154.9921972	-53.2532421	68.0417812
3000	1900	0	-259.12	0	-48.3320178	68.4896898
0	2000	0	-259.04	0	0	62
100	2000	0	-259.04	6.8970098	0	61.4243649
200	2000	0	-259.04	56.1361668	0	57.2921463
300	2000	0	-259.7	61.0156378	0	104.3784282
400	2000	0	-259.7	39.1661031	0	102.7184513
500	2000	0	-259.7	113.9021148	0	79.1162984
600	2000	0	-261.19	120.3443917	0	147.9687899
700	2000	0	-261.19	70.3250944	0	160.6452212
800	2000	0	-261.19	110.897264	0	147.9618355
900	2000	0	-262.7	113.9513301	0	198.7554704
1000	2000	0	-262.7	77.854501	0	215.1608121
1100	2000	0	-262.7	103.0215912	0	211.3292121
1200	2000	0	-264.13	101.1190549	0	243.2544295
1300	2000	0	-264.13	62.503238	0	249.814331
1400	2000	0	-264.13	62.0383408	0	260.804272
1500	2000	0	-264.95	55.7446977	0	289.0651305
1600	2000	0	-264.95	25.2440523	0	299.5551251
1700	2000	0	-264.99	2.998024	0	302.136759
1800	2000	0	-264.99	-20.7864481	0	306.3539493
1900	2000	0	-264.99	-55.9873093	0	303.9359077
2000	2000	0	-264.17	-61.9103435	0	277.3621025
2100	2000	0	-264.17	-60.1939386	0	272.2614378
2200	2000	0	-264.17	-115.4116994	0	275.5898399
2300	2000	0	-262.63	-114.9955531	0	216.5932086
2400	2000	0	-262.63	-72.4804532	0	206.1029578
2500	2000	0	-262.63	-149.0702229	0	236.4960447
2600	2000	0	-260.83	-142.4747815	0	146.8017348
2700	2000	0	-260.83	-51.2442567	0	138.0410948
2800	2000	0	-260.83	-175.2301725	0	224.2639842
2900	2000	0	-258.98	-164.8674573	0	91.799762
3000	2000	0	-258.98	0	0	198

