0	0	0	-258.95	0	0	7.035
100	0	0	-258.95	1.0188306358	0	6.1633600562
200	0	0	-258.95	8.4148918737	0	-5.7946326515
300	0	0	-260.4	10.856655612	0	0.0311298951
400	0	0	-260.4	11.7981219441	0	3.185150855
500	0	0	-262.37	11.3469386645	0	10.8647923131
600	0	0	-262.37	7.5636255847	0	13.4297967358
700	0	0	-262.37	15.3802378697	0	16.3978150025
800	0	0	-265.49	16.3472425382	0	23.195445024
900	0	0	-265.49	12.1859806025	0	26.7614737337
1000	0	0	-265.49	18.8512345499	0	31.310244159
1100	0	0	-269.42	19.7432948609	0	39.3380991226
1200	0	0	-269.42	16.1432662508	0	42.3580597825
1300	0	0	-269.42	22.6331008786	0	45.3050230848
1400	0	0	-274.24	21.079609211	0	56.8361219291
1500	0	0	-274.24	7.4220589397	0	64.653228319
1600	0	0	-274.24	-2.0014700424	0	67.574467514
1700	0	0	-273.37	-3.9937069019	0	66.7078790687
1800	0	0	-273.37	-3.4336621161	0	65.8956412914
1900	0	0	-273.37	-5.6224301024	0	65.1439113146
2000	0	0	-272.42	-9.7844088778	0	62.2335809725
2100	0	0	-272.42	-16.5256377097	0	58.4646645981
2200	0	0	-269.29	-15.7609849337	0	52.6361632456
2300	0	0	-269.29	-10.8487987364	0	49.6639004552
2400	0	0	-269.29	-20.3973285934	0	45.5921787935
2500	0	0	-265.49	-19.6316151605	0	34.582009867
2600	0	0	-265.49	-8.7553749661	0	31.0227093375
2700	0	0	-265.49	-22.7665061464	0	29.1048870598
2800	0	0	-261.72	-21.4645622067	0	20.4060482883
2900	0	0	-261.72	-2.6394033064	0	19.7641477868
3000	0	0	-261.72	0	0	28.609
0	100	0	-260.91	0	19.6711864392	12.7719380135
100	100	0	-260.91	3.6817054827	19.8528073257	12.8411271849
200	100	0	-261.58	4.6949006949	21.7872872171	14.4622844238
300	100	0	-261.58	4.1368932384	15.0655087197	15.3410973273
400	100	0	-261.58	13.5677769981	15.426854855	16.8793834655
500	100	0	-264.08	14.4042229139	21.2410042581	23.5676803946
600	100	0	-264.08	8.6307550264	23.2859271572	24.5554914173
700	100	0	-264.08	16.1027604896	23.198398853	24.5833326375
800	100	0	-267.52	16.336361296	18.5174826393	33.3877647088
900	100	0	-267.52	8.6992168592	17.0575292764	36.3277470868
1000	100	0	-267.52	9.430911223	17.8086202809	35.9015879588
1100	100	0	-268.84	11.5221209515	17.9961602757	39.3261981739
1200	100	0	-268.84	18.3024791301	21.6236263908	42.7523175707
1300	100	0	-268.84	34.2413490906	26.6518672947	52.0266333586
1400	100	0	-277.07	32.6578568933	22.3160735013	71.75212508
1500	100	0	-277.07	12.3812984531	20.7177737345	81.810205414
1600	100	0	-277.07	-1.7114531791	25.1356806844	81.93522594
1700	100	0	-275.88	-6.5828210066	29.070072895	78.330893873
1800	100	0	-275.88	-7.9894412975	29.2747768895	74.844109688
1900	100	0	-274.43	-7.5965555956	27.6289409376	70.931394711
2000	100	0	-274.43	-8.4260430388	28.6005842908	68.426051651
2100	100	0	-274.43	-16.0358755353	28.5217680502	64.9262731778
2200	100	0	-271.24	-16.4590050975	26.348932684	57.7412343694
2300	100	0	-271.24	-13.4048513159	24.8177270522	55.3727911431
2400	100	0	-271.24	-28.3275769721	24.3839231773	53.0731533323
2500	100	0	-265.43	-27.0884454989	29.644579135	34.8265284172
2600	100	0	-265.43	-7.9389806227	30.7104818536	30.5122184954
2700	100	0	-265.43	-5.397164833	27.4205909773	36.9553514298
2800	100	0	-265.43	-4.5816689395	24.3219967992	35.4742535168
2900	100	0	-265.43	-2.4546700689	22.770262957	35.7467479706
3000	100	0	-265.43	0	3.6658109856	44.5192747491
0	200	0	-261.93	0	12.3133165078	17.0145010121
100	200	0	-261.93	3.1349314137	12.2321051378	16.8090589456
200	200	0	-262.49	3.6275932677	10.1898016305	19.4787395654
300	200	0	-262.49	4.4962232499	9.662957214	19.3594566782
400	200	0	-262.49	17.9736174758	11.0641699818	19.0935596139
500	200	0	-266.27	19.2060109667	10.6864268159	31.4946191944
600	200	0	-266.27	9.5210201863	13.6930918618	34.3978659682
700	200	0	-266.27	10.6117933518	20.5500784965	33.6979110052
800	200	0	-267.66	10.2063729616	15.4493973936	37.4834029049
900	200	0	-267.66	11.4771182441	16.7353950921	39.2231898547
1000	200	0	-267.66	19.7898655559	25.6020130727	42.309845276
1100	200	0	-272.09	23.5583009641	28.9333208164	52.2923181468
1200	200	0	-272.09	24.7989732698	32.4546793531	61.1801304518
1300	200	0	-276.33	23.3255479891	33.1880773527	71.252634519
1400	200	0	-276.33	15.1455156441	19.3700733441	78.836349042
1500	200	0	-276.33	10.2416661295	13.3178566198	82.973230408
1600	200	0	-278.12	6.3508291248	18.198612628	86.352154643
1700	200	0	-278.12	0.1453892965	24.1089448861	87.033636098
1800	200	0	-278.12	-4.8747940735	27.3348699713	85.052568775
1900	200	0	-276.94	-6.2966226944	29.8074616022	81.713092532
2000	200	0	-276.94	-8.8915817652	30.3914764956	80.312902345
2100	200	0	-276.94	-18.7772893232	29.2682911421	77.52501995
2200	200	0	-272.87	-19.4650259317	28.6677809693	67.059077317
2300	200	0	-272.87	-12.8138082431	24.7912967917	63.0587663055
2400	200	0	-272.87	-15.5704765106	17.6286121246	63.0547345202
2500	200	0	-270.98	-13.3050564842	31.2121265785	55.992205386
2600	200	0	-270.98	-10.9793631238	32.3397407794	54.5476477454
2700	200	0	-270.98	-29.1549912008	15.3098621484	55.8162371756
2800	200	0	-265.02	-26.1148902203	10.2846761497	35.7940159614
2900	200	0	-265.02	-23.29558912	8.1468360158	34.1308548681
3000	200	0	-261.51	0	-13.5769960507	25.6037799833
0	300	0	-262.72	0	8.9590267591	21.1895562512
100	300	0	-262.72	1.5581906054	8.8203067364	21.0733409255
200	300	0	-262.94	2.1257527778	6.2966625259	22.3765332427
300	300	0	-262.94	5.0112615897	7.2011398598	22.0430588796
400	300	0	-262.94	14.5912466	11.6618381888	21.9557435684
500	300	0	-265.41	17.0331447939	2.3241067401	30.9020285221
600	300	0	-265.41	18.4944067137	3.028226939	35.453747068
700	300	0	-269.14	17.8590660214	12.1561617969	41.6823323746
800	300	0	-269.14	12.5216778849	12.4751222113	45.0360630485
900	300	0	-269.14	18.8518325383	15.8091076904	48.5492890113
1000	300	0	-273.44	21.628836954	22.2440762795	56.8999529631
1100	300	0	-273.44	18.3747872319	19.0721656496	63.4989034358
1200	300	0	-273.44	22.5572356597	18.0767108649	69.498063845
1300	300	0	-277.87	21.1567430816	17.2950505342	78.548668328
1400	300	0	-277.87	12.7876361671	15.2232731038	83.367674148
1500	300	0	-277.87	11.209837737	15.7631077148	86.053932283
1600	300	0	-280.01	9.0796350872	17.523374367	91.0020934
1700	300	0	-280.01	2.5534363367	18.7779614069	93.488009207
1800	300	0	-280.01	-2.2909245814	20.0405698342	93.048806318
1900	300	0	-279.47	-4.5399490713	22.0753933677	91.372405549
2000	300	0	-279.47	-8.9652134989	20.7773964181	90.294860897
2100	300	0	-279.47	-17.7595710683	17.8129915016	87.076324076
2200	300	0	-275.98	-20.9359994479	23.2720363889	77.615695271
2300	300	0	-275.98	-24.4440201673	21.7785875418	70.716323237
2400	300	0	-271.37	-21.9067471853	10.5185972697	61.8662786042
2500	300	0	-271.37	-12.3773168374	12.9677611178	57.6093068067
2600	300	0	-271.37	-23.8412450528	10.3434361011	55.8297943308
2700	300	0	-266.61	-27.4522294694	-3.4212152514	45.1120429513
2800	300	0	-266.61	-11.7446950654	13.2150878859	38.8574001588
2900	300	0	-266.61	-26.3163422693	11.552227569	46.2777924869
3000	300	0	-262.83	0	8.8387497594	25.8434855282
0	400	0	-263.3	0	6.5201838188	23.8084711385
100	400	0	-263.37	0.4725671805	5.2470991576	24.1772166667
200	400	0	-263.37	2.0084263911	3.9125818882	24.3283551997
300	400	0	-263.37	9.8613989061	5.0238400156	23.5228195597
400	400	0	-265.6	13.0965843628	9.8743961289	28.0241996723
500	400	0	-265.6	10.5723997236	2.8013985462	31.4884361329
600	400	0	-265.6	19.3530752431	1.7332737726	34.3686192086
700	400	0	-269.37	20.0586886241	3.765529176	42.7050442936
800	400	0	-269.37	13.8593188551	5.153583318	45.6434294653
900	400	0	-269.37	21.2460723123	8.2002202423	48.5707727757
1000	400	0	-273.69	23.0529235151	9.255555473	59.2759390896
1100	400	0	-273.69	19.3909355495	11.2397254655	65.3360930158
1200	400	0	-273.69	23.0218581477	15.8072971025	70.316361779
1300	400	0	-278.55	20.472110228	12.2470361749	79.540579878
1400	400	0	-278.55	13.6135728314	10.9225444907	84.907699834
1500	400	0	-278.55	12.5417673927	13.3938874493	88.621955987
1600	400	0	-281.17	9.3656828169	12.207468072	93.985132122
1700	400	0	-281.17	2.6625847637	10.8102729592	96.402810238
1800	400	0	-280.88	-1.5773621194	10.9004873738	96.038109339
1900	400	0	-280.88	-5.5597961105	11.5895659655	94.988250561
2000	400	0	-280.88	-13.1539836313	9.4851731562	92.503731905
2100	400	0	-277.67	-16.2826493524	6.3487674544	86.347820346
2200	400	0	-277.67	-15.4994298982	11.8283237485	81.215996886
2300	400	0	-277.67	-25.5672473623	13.603113917	76.584082134
2400	400	0	-272.85	-24.3813029346	11.3608196106	64.9109409246
2500	400	0	-272.85	-13.4802176528	10.3063242383	61.5554618857
2600	400	0	-272.85	-27.368339493	5.2468230774	62.1489864308
2700	400	0	-268.07	-26.283339416	5.5300194747	45.0030175296
2800	400	0	-268.07	-11.1414473999	9.1810313998	41.7648535812
2900	400	0	-268.07	-27.6719272465	-3.6146207478	48.7542443563
3000	400	0	-263.44	0	11.8182371464	28.0432483351
0	500	0	-263.52	0	5.6972871924	25.2578590503
100	500	0	-263.48	-1.0494113185	2.823755066	25.5056697996
200	500	0	-263.48	1.9024936291	2.3878163902	24.9312209853
300	500	0	-263.48	10.9730758304	2.8784028455	21.2806397161
400	500	0	-265.42	12.3688051306	3.6126555239	28.2719065716
500	500	0	-265.42	8.8920224376	2.4590304825	29.8543912162
600	500	0	-265.42	19.4585373435	4.2724197731	30.9463023231
700	500	0	-269.31	21.2793755668	2.7991880755	41.6227529998
800	500	0	-269.31	16.9563689512	5.4296829614	46.6275117236
900	500	0	-269.31	22.9538046933	11.4670084265	51.9676871137
1000	500	0	-273.84	24.6683421772	7.7438559733	62.7398978687
1100	500	0	-273.84	24.9265288614	8.2105632199	69.69003928
1200	500	0	-278.69	23.5645463691	12.5023039438	75.96691552
1300	500	0	-278.69	16.2719904765	8.117193581	81.420488256
1400	500	0	-278.69	13.9344874415	6.4900532287	85.606491945
1500	500	0	-281.46	12.4947613183	8.5580090394	91.556925291
1600	500	0	-281.46	6.4960205971	6.4423017994	95.816737721
1700	500	0	-281.46	1.2464556385	4.788638874	96.855288775
1800	500	0	-281.26	-1.5116315751	4.9335430235	96.386678447
1900	500	0	-281.26	-5.9552632822	4.7483435464	95.867599431
2000	500	0	-281.26	-14.20601201	3.5236859358	93.290280348
2100	500	0	-278.2	-15.4164204693	3.9964664242	85.801401511
2200	500	0	-278.2	-13.681652992	5.3707109818	82.691938747
2300	500	0	-278.2	-24.9115242985	4.7346916063	80.765646001
2400	500	0	-273.02	-25.203536864	8.5209178729	67.505986881
2500	500	0	-273.02	-18.4913133773	6.1725898221	62.2741743496
2600	500	0	-273.02	-28.6175498164	-6.4919069043	58.8516482365
2700	500	0	-268.21	-23.5180211403	4.0110218727	42.9049162682
2800	500	0	-268.21	-20.8893352879	5.2695877679	39.9428723379
2900	500	0	-264.86	-23.6791365227	-9.6590942218	38.1751294639
3000	500	0	-264.86	0	9.6334706547	31.0445432774
0	600	0	-264.35	0	3.2408257646	26.6429665256
100	600	0	-263.52	-2.8369036217	2.5938223354	24.4466647042
200	600	0	-263.52	2.0630741706	2.7404759755	23.8935218564
300	600	0	-263.52	11.0862380398	4.0606705879	21.973444754
400	600	0	-265.76	12.6772119998	1.707909797	29.8789631714
500	600	0	-265.76	11.2321639661	3.2985793425	31.5753019545
600	600	0	-265.76	19.6932328361	9.3905497999	33.0712419554
700	600	0	-269.46	21.2159518191	3.7379351389	42.5415573189
800	600	0	-269.46	22.5271392128	4.2722785438	48.8593422916
900	600	0	-274.1	23.5602453309	9.3542739966	57.2288475412
1000	600	0	-274.1	19.7964783085	4.4106420595	63.9998845458
1100	600	0	-274.1	24.1493835133	2.1761437994	69.391039251
1200	600	0	-278.86	22.9284885088	2.4473560943	77.924201796
1300	600	0	-278.86	14.4598595129	0.7110120333	82.327837096
1400	600	0	-278.86	14.0543882965	0.3944541116	84.950616081
1500	600	0	-281.61	12.4940159634	1.1034843653	91.232791016
1600	600	0	-281.61	5.5963126448	0.4706534059	94.83734559
1700	600	0	-281.61	1.1538259878	0.2862422575	95.234050714
1800	600	0	-281.74	-1.617657447	0.4231440275	94.961246881
1900	600	0	-281.74	-6.9696531982	-1.0334949861	94.243424023
2000	600	0	-281.74	-13.9058607468	-2.9851593457	91.00386421
2100	600	0	-278.63	-14.4356243064	0.4164224669	84.12163091
2200	600	0	-278.63	-14.7612047161	-0.2027419129	81.063421538
2300	600	0	-278.63	-22.4170404712	-5.1361629763	78.026578667
2400	600	0	-274.96	-22.9434047188	2.8796857816	67.39705406
2500	600	0	-274.96	-28.49304243	2.7983720624	61.1389781875
2600	600	0	-269.05	-29.5299074424	-8.1509573466	50.2461194069
2700	600	0	-269.05	-14.5218447438	3.2594075446	42.5603926537
2800	600	0	-269.05	-24.8115634944	4.3394828268	42.9460514944
2900	600	0	-264.99	-23.3080443597	-1.2180960661	32.9521559209
3000	600	0	-264.99	0	5.3290085939	31.0874971315
0	700	0	-264.24	0	-0.8938546447	25.6508197252
100	700	0	-264.04	-1.5497611143	1.3875439504	23.9868920849
200	700	0	-264.04	3.3693418816	2.0572442661	23.7270831431
300	700	0	-264.04	9.9405096519	5.170525675	24.6599823125
400	700	0	-265.67	11.6067138852	-0.3160216872	30.7354100411
500	700	0	-265.67	16.5746624405	0.7186374038	33.1224507924
600	700	0	-269.33	19.8978931399	6.516818784	38.253269038
700	700	0	-269.33	16.1611043107	0.6589778903	43.2787704325
800	700	0	-269.33	22.5727078156	-0.8615285785	47.5470003338
900	700	0	-273.73	23.0921682023	-0.0071336642	56.9709022781
1000	700	0	-273.73	17.4902119733	-1.1294399308	61.4976036873
1100	700	0	-273.73	22.9632429029	-0.740249232	65.2840354965
1200	700	0	-278.5	22.099414603	-2.8076896519	75.2978629
1300	700	0	-278.5	14.2190884938	-3.7148790051	80.350179604
1400	700	0	-278.5	14.3269597735	-2.8031316017	82.836563339
1500	700	0	-281.37	12.5709606059	-3.3111805752	89.016313163
1600	700	0	-281.37	5.6787784893	-3.7857567507	92.216420294
1700	700	0	-281.37	1.1989462668	-3.3884177196	92.098509674
1800	700	0	-281.51	-2.8313688254	-3.4495474744	91.504684185
1900	700	0	-281.51	-9.3635666554	-4.906190039	89.667714231
2000	700	0	-278.97	-12.756094557	-6.2335223222	85.080620603
2100	700	0	-278.97	-12.6340030432	-2.3595974575	80.866051531
2200	700	0	-278.97	-19.2342384352	-3.0057511056	77.780539659
2300	700	0	-274.42	-21.829096604	-8.1528192096	70.04562369
2400	700	0	-274.42	-17.2690018186	-1.8206418597	63.794801003
2500	700	0	-274.42	-29.5219565055	-0.3012898612	60.2424867109
2600	700	0	-269.34	-28.1565143342	-1.9987811649	46.4181173204
2700	700	0	-269.34	-11.0275809669	1.8807077081	42.9540151479
2800	700	0	-269.34	-25.3668388986	-2.2146745011	47.6419725658
2900	700	0	-265.49	-22.6896107556	1.1065435183	31.3705411976
3000	700	0	-265.49	0	2.5245133278	30.1771583495
0	800	0	-263.84	0	-2.4343933162	24.5901609559
100	800	0	-263.84	0.1141952891	-0.738218194	24.0080721852
200	800	0	-263.84	5.8460558952	-0.2437754264	23.4839293762
300	800	0	-265.37	8.7129720932	1.8573475484	26.837258767
400	800	0	-265.37	8.2253237286	-3.0202170153	29.3371453671
500	800	0	-265.37	18.0650044373	-3.1852218884	30.4330236378
600	800	0	-269.07	19.6335733159	-2.3193288227	38.1351532908
700	800	0	-269.07	13.8376044566	-4.0264573193	40.915194247
800	800	0	-269.07	21.8610276516	-3.0031955581	43.201066948
900	800	0	-273.4	23.2923339786	-4.7541196566	53.6349678561
1000	800	0	-273.4	19.0633627474	-3.3431415249	59.0308913332
1100	800	0	-273.4	22.4711337989	0.3534800405	63.614506683
1200	800	0	-278.01	19.953858729	-4.0892694106	72.745050943
1300	800	0	-278.01	14.4644175631	-5.4467581593	77.744043821
1400	800	0	-278.01	14.4580867197	-3.2772953721	81.004164326
1500	800	0	-280.94	11.5113908077	-5.4457275452	86.41102895
1600	800	0	-280.94	5.5190755004	-7.0255722022	88.771787015
1700	800	0	-281.25	1.4900352641	-6.6544368577	88.281285308
1800	800	0	-281.25	-3.1354297597	-6.4986785407	87.616445179
1900	800	0	-281.25	-9.753628046	-6.6479921277	85.714895868
2000	800	0	-278.98	-11.3592681653	-5.9553016598	80.956492754
2100	800	0	-278.98	-11.2078530898	-3.931504993	78.687927962
2200	800	0	-278.98	-20.5544264682	-3.9545088065	76.505110172
2300	800	0	-274.76	-21.2319312253	-4.6714294693	65.9748443699
2400	800	0	-274.76	-15.0918753771	-3.0516312718	61.9475859852
2500	800	0	-274.76	-28.6711817352	-5.2090084918	61.5317928694
2600	800	0	-269.76	-27.3479098664	-1.5299132353	45.5620335036
2700	800	0	-269.76	-14.7377380733	-1.7746766035	41.8165370261
2800	800	0	-269.76	-25.5857276909	-13.7756732009	44.0619554219
2900	800	0	-265.49	-18.5688565375	-1.3754712271	28.8187553992
3000	800	0	-265.49	0	-0.3387250526	28.5666860227
0	900	0	-263.86	0	-3.0310856548	23.8379701531
100	900	0	-263.86	0.6408567755	-2.4927705502	23.6259230792
200	900	0	-263.86	5.964907624	-2.4341954384	22.2179824059
300	900	0	-264.89	7.164068063	-3.1944505019	26.3786548354
400	900	0	-264.89	6.5641444484	-4.7236938645	26.7481510115
500	900	0	-264.89	17.2755506398	-3.191490194	25.6423066047
600	900	0	-268.08	19.056657709	-6.0521224486	34.6040477683
700	900	0	-268.08	15.4772375753	-5.0562842296	37.9600527505
800	900	0	-268.08	21.8450454783	-0.596018734	41.1630621205
900	900	0	-272.43	22.7522222422	-5.6283748717	50.7707907789
1000	900	0	-272.43	22.5978116771	-5.9058110847	57.4731566226
1100	900	0	-276.92	22.2171150105	-2.5739721181	64.8360538655
1200	900	0	-276.92	16.2991763965	-6.9581326554	71.279262262
1300	900	0	-276.92	15.0310625323	-8.2052036755	75.127873515
1400	900	0	-280.05	14.3279903876	-6.0622134928	79.276304944
1500	900	0	-280.05	8.8226837758	-8.3245903725	82.792465279
1600	900	0	-280.05	4.4700691768	-9.8933985215	83.832746407
1700	900	0	-280.54	1.7258399283	-9.6202149124	83.771584653
1800	900	0	-280.54	-2.8249240887	-9.6228252123	83.775610147
1900	900	0	-280.54	-8.8201897745	-9.5660243141	82.58404992
2000	900	0	-278.66	-10.039607429	-7.8270707103	78.241157289
2100	900	0	-278.66	-10.6332101899	-7.421661288	76.212009158
2200	900	0	-278.66	-19.9741629048	-8.5405148436	73.550508595
2300	900	0	-274.85	-20.9262190693	-6.2095528578	62.4625748053
2400	900	0	-274.85	-17.8065808411	-7.4728020597	58.2962336197
2500	900	0	-274.85	-28.000238469	-14.4896649654	56.7962782954
2600	900	0	-269.37	-24.7221824459	-4.3375610859	42.6280314719
2700	900	0	-269.37	-23.2733409325	-3.5561884063	38.5552287719
2800	900	0	-265.34	-24.9676335222	-16.1579468888	33.2020818736
2900	900	0	-265.34	-9.2526626073	-2.9191490094	26.2646691625
3000	900	0	-265.34	0	-2.0186796825	30.0520132839
0	1000	0	-263.54	0	-4.0159729516	21.6769049315
100	1000	0	-263.54	0.7110855055	-3.9065891201	21.5776734358
200	1000	0	-263.54	5.1443759435	-3.7760798603	20.6116453727
300	1000	0	-264.36	6.4234736604	-5.6541275545	24.5721382708
400	1000	0	-264.36	8.2282840365	-4.7513275723	24.8757739695
500	1000	0	-264.36	16.7365758599	0.0090936956	24.8224029018
600	1000	0	-267.56	17.768779287	-6.0276582026	32.7023692746
700	1000	0	-267.56	19.2937081645	-6.0417123973	36.9184248421
800	1000	0	-271.65	21.2889370028	-2.2307383072	42.7405956326
900	1000	0	-271.65	17.9825416279	-7.9471030528	48.5943385182
1000	1000	0	-271.65	22.117765501	-10.3946791416	53.6907732616
1100	1000	0	-276.05	21.4188122215	-10.0229919114	62.4131760001
1200	1000	0	-276.05	14.3226271783	-11.9938875021	67.292997432
1300	1000	0	-276.05	15.3603367257	-12.2596553502	70.107885115
1400	1000	0	-279.17	14.338700016	-11.3710535926	75.051652305
1500	1000	0	-279.17	7.680205779	-12.0464437426	77.786263603
1600	1000	0	-279.17	4.2234509605	-12.0248084108	78.238596683
1700	1000	0	-279.81	1.7606085733	-11.8276597316	78.913243535
1800	1000	0	-279.81	-3.0812391614	-12.5778474019	79.042124065
1900	1000	0	-279.81	-7.957873544	-13.2798455701	77.384767778
2000	1000	0	-278.04	-9.2149051325	-11.0718311705	73.623942605
2100	1000	0	-278.04	-11.9212972231	-11.8432254396	71.462677911
2200	1000	0	-278.04	-19.342318038	-15.0144312764	67.758725889
2300	1000	0	-274.11	-20.1642184347	-9.6472981817	58.3113188171
2400	1000	0	-274.11	-23.3719874847	-9.7133846367	53.1646116823
2500	1000	0	-269.52	-25.5359407614	-16.0779527279	46.4816772054
2600	1000	0	-269.52	-16.4144333073	-5.0568457633	39.2468986623
2700	1000	0	-269.52	-26.5581238829	-2.8022226395	38.3948865025
2800	1000	0	-264.94	-24.948688294	-8.0186075164	26.8014702949
2900	1000	0	-264.94	-4.4295893245	-2.3999785384	24.4985404458
3000	1000	0	-264.94	0	-3.0555683057	34.9058267697
0	1100	0	-263.07	0	-4.0792647428	19.4991472696
100	1100	0	-263.07	0.8807498668	-4.0485940523	19.471424559
200	1100	0	-263.07	4.2173691896	-3.9794712645	19.361140817
300	1100	0	-263.96	6.1888203443	-6.9219123884	22.4337297491
400	1100	0	-263.96	12.2273657052	-5.9683781369	23.465269367
500	1100	0	-266.86	15.9992200162	-1.6925528275	27.0188296514
600	1100	0	-266.86	13.0058516161	-7.8390716297	31.0107235199
700	1100	0	-266.86	19.274157464	-9.6932466008	33.4985985878
800	1100	0	-270.69	19.9396548228	-9.5349615128	40.5949932606
900	1100	0	-270.69	14.5882814011	-12.4703355906	43.8844759327
1000	1100	0	-270.69	20.5219228185	-14.0641316643	46.8598262439
1100	1100	0	-274.89	20.6179066567	-15.219562885	56.3214427026
1200	1100	0	-274.89	14.0625129577	-15.3332052834	60.9356970251
1300	1100	0	-274.89	15.6538964418	-14.2166460021	63.1480513765
1400	1100	0	-278.01	14.5412019952	-14.7046051864	69.058894054
1500	1100	0	-278.01	8.1689289643	-14.7385609472	72.317232895
1600	1100	0	-278.01	4.6888531878	-13.5216722479	72.995488434
1700	1100	0	-278.91	1.1728009305	-13.7168923388	73.819305426
1800	1100	0	-278.91	-4.2771099272	-14.8456923459	73.266029878
1900	1100	0	-277.48	-7.3141735431	-15.5583967389	70.628492602
2000	1100	0	-277.48	-8.6029872918	-13.5707605416	68.134920906
2100	1100	0	-277.48	-14.5758102958	-14.2367433958	65.9106354894
2200	1100	0	-273.86	-17.7782356536	-16.7430474971	60.0135915021
2300	1100	0	-273.86	-15.6251724296	-11.0570251956	54.4140815704
2400	1100	0	-273.86	-24.2372353873	-9.4706470135	50.9432731468
2500	1100	0	-269.45	-23.3436995956	-10.6078656108	40.8911988737
2600	1100	0	-269.45	-11.4464523642	-5.5054914648	37.9832528606
2700	1100	0	-269.45	-26.2351026856	-4.7519682933	41.7437265516
2800	1100	0	-265.26	-24.5653894144	-4.3380268431	25.3194174644
2900	1100	0	-265.26	-4.2896233966	-3.2815249146	23.5972941065
3000	1100	0	-265.26	0	-8.5467719401	36.1359813082
0	1200	0	-262.91	0	-4.1789234506	18.4124650638
100	1200	0	-262.91	0.8108789838	-4.2255731453	18.3901975669
200	1200	0	-263.29	2.2710576074	-5.1598474093	18.4015461408
300	1200	0	-263.29	4.434566788	-8.0578229849	19.4411767859
400	1200	0	-263.29	13.4576435907	-7.9544740243	19.8317030761
500	1200	0	-265.8	14.8658823671	-7.5346061963	25.7803501351
600	1200	0	-265.8	9.7680855137	-10.4834487347	27.2109529956
700	1200	0	-265.8	17.5978182814	-11.7577568829	27.2451049458
800	1200	0	-269.34	18.511848013	-13.3817054892	35.3996799038
900	1200	0	-269.34	13.4533714764	-13.9379127361	38.3279348028
1000	1200	0	-269.34	19.3685382066	-13.7354993108	40.0744101817
1100	1200	0	-273.37	20.1497386024	-16.2134628409	49.1986042286
1200	1200	0	-273.37	15.3255440612	-15.6678498752	54.3147216089
1300	1200	0	-273.37	15.9889368294	-13.1974165823	57.4744409456
1400	1200	0	-276.72	13.8167850709	-15.8511205027	63.4090638594
1500	1200	0	-276.72	8.8631387175	-17.1826377265	66.9235094366
1600	1200	0	-277.8	5.2451195756	-16.0785007276	68.313050188
1700	1200	0	-277.8	0.4365884753	-16.2872655318	68.882326408
1800	1200	0	-277.8	-4.9227435682	-16.7163511796	67.742250254
1900	1200	0	-276.42	-6.682941733	-16.3654678179	64.8732199112
2000	1200	0	-276.42	-7.8932517894	-15.2387775068	63.6499193655
2100	1200	0	-276.42	-15.0935841786	-15.2784558247	62.2221016414
2200	1200	0	-273.45	-16.1625998311	-15.440911388	54.9480553899
2300	1200	0	-273.45	-12.8918179511	-13.450421922	51.6779595899
2400	1200	0	-273.45	-22.9228278932	-13.9837792611	50.4839861234
2500	1200	0	-269.09	-21.5707852127	-10.2810792882	38.6449124728
2600	1200	0	-269.09	-10.5585359965	-8.6509465685	36.3508989703
2700	1200	0	-269.09	-25.3906592612	-11.2989857327	41.4680906956
2800	1200	0	-264.64	-23.4782449086	-5.5467205982	23.7949967149
2900	1200	0	-264.64	-8.6383344215	-5.3482811841	21.8109643471
3000	1200	0	-264.64	0	-18.1660678805	30.3039621542
0	1300	0	-262.68	0	-5.8048054893	17.1756544371
100	1300	0	-262.68	-0.1001740919	-5.8366711784	17.033463198
200	1300	0	-262.39	0.38511935	-6.5068277909	16.4767913396
300	1300	0	-262.39	3.394193736	-7.4450245029	16.1358770017
400	1300	0	-262.39	12.7505824938	-6.6424575927	14.9626874109
500	1300	0	-265.11	13.4702453058	-10.174702142	22.2115166982
600	1300	0	-265.11	8.7827009228	-11.2453262568	23.2510990564
700	1300	0	-265.11	16.3759007162	-10.5632684276	22.4592214468
800	1300	0	-268.18	17.7594989696	-12.8380081607	30.7189295821
900	1300	0	-268.18	14.2344875795	-11.9438689201	34.1945991974
1000	1300	0	-268.18	18.246372707	-9.6372981771	36.3059334613
1100	1300	0	-271.84	18.6855560923	-14.5791818162	43.7205808342
1200	1300	0	-271.84	17.0785592163	-16.0098568558	49.1356944446
1300	1300	0	-275.06	15.4706258143	-14.5624828836	54.0436543824
1400	1300	0	-275.06	10.5559808577	-17.8652694777	58.265352442
1500	1300	0	-275.06	7.9415487394	-19.7913008433	60.7094078818
1600	1300	0	-276.34	5.5842253825	-19.2773939124	62.5838803086
1700	1300	0	-276.34	0.5349504718	-19.0910977927	63.2427791657
1800	1300	0	-276.34	-4.3553122133	-18.7116468102	62.1241633596
1900	1300	0	-275.31	-5.8365998636	-17.668838536	59.6215205001
2000	1300	0	-275.31	-7.5159752986	-17.5007599709	58.8889461516
2100	1300	0	-275.31	-14.777944177	-18.0059164874	57.6723063841
2200	1300	0	-272.19	-15.9502017509	-16.3470090432	50.0712803743
2300	1300	0	-272.19	-14.1680403027	-17.2652847457	46.7999368467
2400	1300	0	-272.19	-21.0678927468	-21.5720185688	45.2055885992
2500	1300	0	-268.22	-18.010866903	-13.24921717	35.1532349428
2600	1300	0	-268.22	-12.4643588087	-12.2171403528	32.856394047
2700	1300	0	-268.22	-23.1308767153	-19.9880569829	35.2167269836
2800	1300	0	-264.35	-18.6146848658	-7.1061810546	21.6402629732
2900	1300	0	-264.35	-16.9089706789	-5.924169011	20.2878505599
3000	1300	0	-261.22	0	-17.7533289463	19.6225997343
0	1400	0	-261.99	0	-7.2570444119	14.9320306631
100	1400	0	-261.99	0.1088566822	-7.1974970832	14.5647773991
200	1400	0	-262.1	0.6627042829	-6.9133957504	14.4737006342
300	1400	0	-262.1	4.2989369929	-6.1857150283	14.1716009842
400	1400	0	-262.1	10.7279659516	-2.8262347427	13.6003149853
500	1400	0	-263.85	10.263013703	-9.0761190478	19.0307403134
600	1400	0	-263.85	9.3795192281	-9.3417143173	19.8112059403
700	1400	0	-263.85	16.0051363775	-6.2500417618	19.9580051446
800	1400	0	-267.22	17.1312475205	-11.3480674872	27.1398688833
900	1400	0	-267.22	16.6540814667	-12.0775051302	31.609221006
1000	1400	0	-270.4	16.7332253105	-10.2143343438	36.0198680972
1100	1400	0	-270.4	13.777179917	-15.1277074997	40.1925345183
1200	1400	0	-270.4	15.3422429938	-17.9187661034	43.4884623224
1300	1400	0	-273.3	14.1335242075	-18.4562871307	48.6004374411
1400	1400	0	-273.3	8.5879671045	-20.1486486062	51.7463405872
1500	1400	0	-273.3	7.4510142761	-20.9686693648	53.6153985899
1600	1400	0	-274.75	5.9453226262	-20.8166981558	56.1117192088
1700	1400	0	-274.75	1.0023355775	-20.6876225419	57.0950701621
1800	1400	0	-274.75	-3.5004843115	-20.1825812051	56.0161336119
1900	1400	0	-273.86	-5.4720548937	-19.0670913845	53.6880337388
2000	1400	0	-273.86	-8.2303297408	-20.0898586991	52.4590262001
2100	1400	0	-273.86	-13.9398332509	-22.0813277989	50.3216464634
2200	1400	0	-271.09	-15.4219680961	-17.7946179777	43.827116824
2300	1400	0	-271.09	-18.1168274767	-17.4695456759	39.9131484914
2400	1400	0	-267.5	-18.9067603175	-21.1687743319	35.5157115557
2500	1400	0	-267.5	-12.2159069967	-13.2701917746	30.5501870805
2600	1400	0	-267.5	-17.2973758094	-12.3570980933	28.548912658
2700	1400	0	-263.96	-20.279699963	-19.4860347063	23.9418039592
2800	1400	0	-263.96	-9.4143569367	-7.5346011177	18.5173064762
2900	1400	0	-263.96	-19.2854823199	-6.3589759429	20.8197475737
3000	1400	0	-261.07	0	-9.0982154803	14.057012452
0	1500	0	-261.46	0	-7.2306598655	12.5491162743
100	1500	0	-261.46	0.2434745696	-7.1812985468	11.9329311232
200	1500	0	-261.48	1.3969014049	-7.1711647633	12.0209134596
300	1500	0	-261.48	7.4813547437	-6.4329073743	12.4575430059
400	1500	0	-263.26	9.8601784743	-3.5905447668	15.2733676303
500	1500	0	-263.26	6.9547657312	-8.450943696	17.4097939369
600	1500	0	-263.26	11.6087782155	-8.530927425	17.5760818801
700	1500	0	-265.94	14.3695475463	-6.2706080684	20.2547744354
800	1500	0	-265.94	11.9320356012	-11.9550718159	23.6976688634
900	1500	0	-265.94	15.3682207229	-14.4062539452	26.650768957
1000	1500	0	-268.95	15.1961703375	-15.0058131066	32.3535242472
1100	1500	0	-268.95	10.981124326	-17.3485438836	34.8012256729
1200	1500	0	-268.95	13.7499795853	-18.9719038815	36.2391029713
1300	1500	0	-271.8	13.2407433115	-20.1522289857	41.8640442873
1400	1500	0	-271.8	8.0435986236	-20.7409703204	45.1545622166
1500	1500	0	-271.8	7.2734991831	-20.8057551128	46.8222337834
1600	1500	0	-273.25	5.8652722054	-21.4334701599	49.7758178917
1700	1500	0	-273.25	1.1690674292	-22.0525230517	50.8455404009
1800	1500	0	-273.25	-2.7347810559	-22.0299677898	49.4670221009
1900	1500	0	-272.75	-5.7438773576	-20.8144242495	47.2606637068
2000	1500	0	-272.75	-10.530211713	-21.422593936	44.8383361526
2100	1500	0	-270.25	-12.4827034623	-22.7925896417	40.7193135562
2200	1500	0	-270.25	-11.3384196346	-18.2943136927	37.2732723392
2300	1500	0	-270.25	-17.5421966502	-16.1251743547	35.3392443159
2400	1500	0	-266.94	-16.8685388522	-15.8027559966	30.344119569
2500	1500	0	-266.94	-9.1991906644	-12.4102154856	28.2113124751
2600	1500	0	-266.94	-18.6802017404	-11.6545608833	27.2950895186
2700	1500	0	-263.52	-18.308379733	-11.8314569298	17.9966575296
2800	1500	0	-263.52	-5.4876261024	-7.3751570972	16.4180402791
2900	1500	0	-263.52	-18.4725850415	-9.5684233027	24.5201823101
3000	1500	0	-260.77	0	-5.188738017	11.8473619191
0	1600	0	-260.83	0	-5.876866609	10.8618703158
100	1600	0	-260.87	0.1683517844	-6.1582476614	10.5421588113
200	1600	0	-260.87	1.4110954554	-6.3016321102	10.5178395667
300	1600	0	-260.87	7.8795569894	-6.3641867004	10.7008401708
400	1600	0	-262.34	8.7099296366	-6.8975351821	14.3789810525
500	1600	0	-262.34	5.3226310381	-8.752577964	14.5432230301
600	1600	0	-262.34	11.5598548557	-9.1385134209	13.0548624511
700	1600	0	-264.63	12.5809919866	-9.5936300963	18.3258663779
800	1600	0	-264.63	8.995601637	-11.7681067883	20.2171414466
900	1600	0	-264.63	13.6033401693	-12.8821871969	21.0808793635
1000	1600	0	-267.48	13.7909353721	-15.3166479754	27.1682828329
1100	1600	0	-267.48	9.8110891488	-16.7076793897	29.5471681968
1200	1600	0	-267.48	12.5385578917	-17.5871282371	30.4755216306
1300	1600	0	-270.15	12.3644577753	-19.7336171196	35.9084413888
1400	1600	0	-270.15	7.9344409841	-20.1676203664	39.0509932619
1500	1600	0	-270.15	6.7585144366	-19.6607081819	40.3856804701
1600	1600	0	-271.53	4.6985546873	-21.5972131617	42.8744537132
1700	1600	0	-271.53	0.4058379476	-23.0764527359	43.8267834119
1800	1600	0	-271.05	-2.2623855093	-23.1783230802	42.7886445218
1900	1600	0	-271.05	-4.8646810332	-22.0686658039	41.4696893893
2000	1600	0	-271.05	-10.208495133	-21.2516756697	39.1737606382
2100	1600	0	-268.85	-10.8115530143	-20.0783167699	34.756595988
2200	1600	0	-268.85	-8.7545528091	-17.7602102081	33.4813758827
2300	1600	0	-268.85	-15.6252697806	-16.2272824083	33.6992521107
2400	1600	0	-265.9	-15.1918014484	-14.3201281252	26.5841005065
2500	1600	0	-265.9	-8.0677118834	-13.5252414719	24.8743550703
2600	1600	0	-265.9	-16.7186172469	-13.8670875386	26.8512758102
2700	1600	0	-262.96	-16.0002961769	-8.732748242	16.5790476977
2800	1600	0	-262.96	-7.1513233096	-8.1691681878	15.3506234409
2900	1600	0	-262.96	-17.099063233	-17.9741570201	21.6155390888
3000	1600	0	-260.4	0	-5.0133597751	9.7888387235
0	1700	0	-260.68	0	-6.3995089329	9.9322020539
100	1700	0	-260.62	-0.1812909383	-6.6589163906	9.624788855
200	1700	0	-260.62	1.1909623659	-6.7259582321	9.4311069233
300	1700	0	-260.62	6.8854516651	-7.0858471375	8.4952813279
400	1700	0	-261.89	7.4717872107	-8.9690738178	13.0790216059
500	1700	0	-261.89	4.7137874924	-9.4215066876	13.108333858
600	1700	0	-261.89	10.7677260765	-9.2778595988	11.4488268576
700	1700	0	-264.03	11.7399541789	-10.9005188839	17.2427360699
800	1700	0	-264.03	8.6434784939	-10.347835569	19.0635759682
900	1700	0	-264.03	11.8196795291	-8.7986034532	19.4871070279
1000	1700	0	-266.44	11.3706781447	-13.6149330654	24.1592242589
1100	1700	0	-266.44	8.710644071	-15.2257835536	25.9312076299
1200	1700	0	-266.44	10.7240418554	-14.8880302891	26.8648965015
1300	1700	0	-268.57	10.6602511889	-19.0000366723	31.0209303736
1400	1700	0	-268.57	8.1165075613	-20.9869693629	33.7665535169
1500	1700	0	-269.73	5.8439063878	-20.901080877	35.5471759751
1600	1700	0	-269.73	2.4495276447	-22.6775072927	36.9215883409
1700	1700	0	-269.73	-0.412042496	-23.6901520999	37.4112447826
1800	1700	0	-269.47	-1.7269941239	-23.3425479125	36.9087114702
1900	1700	0	-269.47	-3.8172299404	-22.7918313022	36.3263388004
2000	1700	0	-269.47	-8.5398626857	-21.933660355	34.5145115947
2100	1700	0	-267.66	-8.9912380074	-19.5092578711	30.0541147389
2200	1700	0	-267.66	-7.4873852663	-18.1670687801	29.352314147
2300	1700	0	-267.66	-14.1021145673	-17.2553125461	30.6130552039
2400	1700	0	-264.87	-14.1664979091	-14.1810633071	23.5598310297
2500	1700	0	-264.87	-8.7461500845	-15.0183677743	21.9785112672
2600	1700	0	-264.87	-13.8877085105	-20.6009115774	22.3979121722
2700	1700	0	-262.64	-12.6104603822	-11.4607887629	14.6594464628
2800	1700	0	-262.64	-14.7290348805	-10.3447548487	14.3404563808
2900	1700	0	-260.07	-15.3167766288	-18.2180571335	11.2994426392
3000	1700	0	-260.07	0	-6.274780949	8.1302118887
0	1800	0	-259.96	0	-7.7532054079	7.3137154038
100	1800	0	-259.93	-0.1580975148	-7.6434445473	7.1332398421
200	1800	0	-259.93	0.9841647152	-7.6244199375	7.3603521407
300	1800	0	-259.93	5.636441397	-7.7875884143	7.0422112703
400	1800	0	-260.95	6.3742700865	-9.8370300279	11.0935966699
500	1800	0	-260.95	5.0138452571	-8.7629856033	10.8281604182
600	1800	0	-260.95	10.0808426594	-5.1377113061	11.1453640658
700	1800	0	-262.86	11.5110160164	-9.8479158596	16.3952155901
800	1800	0	-262.86	11.0975170677	-10.8421064414	18.3598916981
900	1800	0	-264.83	10.3362426729	-9.8184329183	19.5314454973
1000	1800	0	-264.83	7.3637552784	-13.9963936325	20.3447909923
1100	1800	0	-264.83	8.5379919318	-15.6748324812	20.972831311
1200	1800	0	-266.69	8.7643047663	-15.980211138	24.3496763082
1300	1800	0	-266.69	6.2655186948	-19.7013767196	26.5257633921
1400	1800	0	-266.69	6.0333967794	-21.7374606571	27.2986450947
1500	1800	0	-267.77	5.0679765068	-21.8290741121	29.4195635344
1600	1800	0	-267.77	1.9094834577	-22.0778218899	30.5324152032
1700	1800	0	-267.77	-0.2592026722	-22.0540989855	30.2291278107
1800	1800	0	-267.64	-1.3640647049	-21.8161117695	29.5463861929
1900	1800	0	-267.64	-3.4557934757	-22.7840978607	28.9609747917
2000	1800	0	-267.64	-6.9259217019	-23.9826208684	27.6078666102
2100	1800	0	-266.23	-7.0449614394	-20.8383567835	24.5076317629
2200	1800	0	-266.23	-6.5006074841	-20.1344144093	24.4165800962
2300	1800	0	-266.23	-11.6392643076	-21.0689051503	24.9401969284
2400	1800	0	-264.01	-12.9548566833	-14.1656241286	20.2338959624
2500	1800	0	-264.01	-14.4875601537	-13.3526394822	20.0569899731
2600	1800	0	-261.61	-13.1610382355	-19.2057438109	13.0187427511
2700	1800	0	-261.61	-5.7441394482	-12.5637024691	10.9279146412
2800	1800	0	-261.61	-13.9085916802	-10.778651867	16.7997978706
2900	1800	0	-259.41	-13.02908934	-8.9417813343	7.2829484745
3000	1800	0	-259.41	0	-5.8463524439	6.4073205634
0	1900	0	-259.4	0	-6.2853210607	6.8915487053
100	1900	0	-259.38	-0.0525054679	-6.0772133255	6.9153057462
200	1900	0	-259.38	1.0468184989	-5.6651238893	9.0390105417
300	1900	0	-259.38	4.6728415747	-3.3002548651	10.030756528
400	1900	0	-260.19	6.4963900217	-7.2135175537	12.023927468
500	1900	0	-260.19	9.4131062142	-7.0503960372	8.2006949239
600	1900	0	-261.99	9.6827958202	-4.5959211259	12.4810617077
700	1900	0	-261.99	6.0355590436	-9.068164446	13.7392591364
800	1900	0	-261.99	8.6729614352	-11.3951558175	12.8040617933
900	1900	0	-263.71	8.6653923447	-12.7355648324	16.2846364987
1000	1900	0	-263.71	5.5142785885	-14.0966593737	17.4361060965
1100	1900	0	-263.71	6.7268265588	-14.8830685438	17.1752930659
1200	1900	0	-265.03	6.6974976103	-15.7322046884	19.6951726268
1300	1900	0	-265.03	4.9030016698	-16.8723966318	20.8237286333
1400	1900	0	-265.03	5.9888101755	-17.8100064372	21.2653766002
1500	1900	0	-266.33	5.503545155	-18.7492245776	23.8162625953
1600	1900	0	-266.33	2.224502778	-19.1430881981	25.1813644736
1700	1900	0	-266.33	-0.1503323756	-18.9673565379	24.8889554557
1800	1900	0	-266.29	-2.4569929991	-18.6830179179	23.5222442843
1900	1900	0	-266.29	-5.9837390393	-18.995983849	20.3085763935
2000	1900	0	-264.88	-6.5941216018	-18.9783741653	16.2256545428
2100	1900	0	-264.88	-5.1430315483	-16.2180551683	15.9760035648
2200	1900	0	-264.88	-7.7179336331	-15.9664066121	18.9140830825
2300	1900	0	-263.35	-8.1333242866	-17.4500315373	16.6493396891
2400	1900	0	-263.35	-6.450232241	-12.0318443622	15.7240230839
2500	1900	0	-263.35	-13.7862697601	-9.3513652184	16.9043527642
2600	1900	0	-260.8	-13.0987714974	-7.5319891428	8.1743748851
2700	1900	0	-260.8	-4.1833684383	-5.7361373434	6.9170769046
2800	1900	0	-260.8	-11.1071137457	-5.2212148935	13.1352687893
2900	1900	0	-259.12	-10.3844772124	-3.5679672207	4.5587993404
3000	1900	0	-259.12	0	-3.2382451926	4.5888092166
0	2000	0	-259.04	0	0	4.154
100	2000	0	-259.04	0.4620996566	0	4.1154324483
200	2000	0	-259.04	3.7611231756	0	3.8385738021
300	2000	0	-259.7	4.0880477326	0	6.9933546894
400	2000	0	-259.7	2.6241289077	0	6.8821362371
500	2000	0	-259.7	7.6314416916	0	5.3007919928
600	2000	0	-261.19	8.0630742439	0	9.9139089233
700	2000	0	-261.19	4.7117813248	0	10.7632298204
800	2000	0	-261.19	7.430116688	0	9.9134429785
900	2000	0	-262.7	7.6347391167	0	13.3166165168
1000	2000	0	-262.7	5.216251567	0	14.4157744107
1100	2000	0	-262.7	6.9024466104	0	14.1590572107
1200	2000	0	-264.13	6.7749766783	0	16.2980467765
1300	2000	0	-264.13	4.187716946	0	16.737560177
1400	2000	0	-264.13	4.1565688336	0	17.473886224
1500	2000	0	-264.95	3.7348947459	0	19.3673637435
1600	2000	0	-264.95	1.6913515041	0	20.0701933817
1700	2000	0	-264.99	0.200867608	0	20.243162853
1800	2000	0	-264.99	-1.3926920227	0	20.5257146031
1900	2000	0	-264.99	-3.7511497231	0	20.3637058159
2000	2000	0	-264.17	-4.1479930145	0	18.5832608675
2100	2000	0	-264.17	-4.0329938862	0	18.2415163326
2200	2000	0	-264.17	-7.7325838598	0	18.4645192733
2300	2000	0	-262.63	-7.7047020577	0	14.5117449762
2400	2000	0	-262.63	-4.8561903644	0	13.8088981726
2500	2000	0	-262.63	-9.9877049343	0	15.8452349949
2600	2000	0	-260.83	-9.5458103605	0	9.8357162316
2700	2000	0	-260.83	-3.4333651989	0	9.2487533516
2800	2000	0	-260.83	-11.7404215575	0	15.0256869414
2900	2000	0	-258.98	-11.0461196391	0	6.150584054
3000	2000	0	-258.98	0	0	13.266

