0	0	0	-277.44	0	0	19.698
100	0	0	-277.44	-0.07790693	0	19.6356442792
200	0	0	-277.44	-0.8231224432	0	19.7151008187
300	0	0	-277.3	-0.7976427653	0	20.6183572987
400	0	0	-277.3	0.6488969363	0	21.70532938
500	0	0	-277.3	3.617874777	0	21.1919824954
600	0	0	-277.98	3.7284130386	0	18.2446851579
700	0	0	-277.98	1.1497403412	0	17.2758855125
800	0	0	-277.98	1.0422501977	0	16.9276482354
900	0	0	-278.17	1.0424836525	0	16.5026922599
1000	0	0	-278.17	0.8677949545	0	16.9088593852
1100	0	0	-278.17	1.6534766721	0	16.8624898912
1200	0	0	-278.51	1.8444480719	0	16.854510888
1300	0	0	-278.51	1.9444643587	0	18.7434223307
1400	0	0	-278.51	3.7074857293	0	20.3906106776
1500	0	0	-279.25	4.7330744608	0	21.8492950337
1600	0	0	-279.25	4.7083851886	0	22.014312811
1700	0	0	-280	3.8618448987	0	22.4694624035
1800	0	0	-280	2.704955356	0	25.9136188502
1900	0	0	-280	3.3052301846	0	27.4916979031
2000	0	0	-280.68	3.3329294787	0	27.6261993713
2100	0	0	-280.68	2.8200715534	0	29.3016207544
2200	0	0	-280.68	3.9065841822	0	29.5817190985
2300	0	0	-281.5	3.8502634529	0	28.453059242
2400	0	0	-281.5	2.5713807524	0	28.8481446544
2500	0	0	-281.5	2.887076029	0	28.7607375599
2600	0	0	-282.07	2.6912630685	0	27.7929841664
2700	0	0	-282.07	1.5636496381	0	28.0863929918
2800	0	0	-282.07	1.6506144656	0	28.2193788798
2900	0	0	-282.38	1.5580736502	0	28.2754269325
3000	0	0	-282.38	1.1473148407	0	30.0361135541
3100	0	0	-282.38	2.0785288529	0	30.4018933407
3200	0	0	-282.78	1.9995156926	0	29.30695977
3300	0	0	-282.78	0.7517605891	0	29.3976487858
3400	0	0	-282.78	0.7682332962	0	29.1291066687
3500	0	0	-282.91	0.6072708212	0	27.6105386439
3600	0	0	-282.91	-0.3804141477	0	27.28449643
3700	0	0	-282.82	-0.5024594315	0	27.2079145925
3800	0	0	-282.82	-0.1192211467	0	23.74944511
3900	0	0	-282.82	-1.072874819	0	23.4397505477
4000	0	0	-282.66	0	0	24.455
0	100	0	-277.25	0	-5.007821133	23.9782999647
100	100	0	-277.25	-0.1000152148	-4.646063142	23.7887572662
200	100	0	-277.23	-0.1236076903	-4.5474285493	21.7339425072
300	100	0	-277.23	0.0590201057	-3.5179671776	21.5385349905
400	100	0	-277.25	0.150058962	-3.743560613	21.5278848581
500	100	0	-277.25	0.3929544573	-4.4598991061	21.5628213649
600	100	0	-277.25	0.861858386	-7.1734721964	21.3902088428
700	100	0	-277.38	0.8246613327	-7.5165206518	21.6424952591
800	100	0	-277.38	0.7508326659	-6.7862475121	23.8307498713
900	100	0	-277.38	1.5094586043	-6.8347536763	24.4478221359
1000	100	0	-277.69	1.722480488	-6.1605485151	24.5341461151
1100	100	0	-277.69	1.6347457635	-4.6535622309	26.1526078033
1200	100	0	-277.69	2.7175493594	-4.3977892485	26.5799828942
1300	100	0	-278.27	2.9569275155	-3.6272434674	26.7321993634
1400	100	0	-278.27	2.6242151166	-2.5666166102	29.2039947797
1500	100	0	-278.27	3.7347080705	-3.5323684323	30.9729358683
1600	100	0	-279.05	3.8938851429	-4.1015985228	31.7675459188
1700	100	0	-279.05	3.0969537099	-4.0404365946	31.9902677208
1800	100	0	-279.05	3.9352455963	-3.5786981752	32.171934174
1900	100	0	-279.84	4.7295004932	-2.9883658719	32.0147694533
2000	100	0	-279.84	4.5443755737	-2.3267737756	31.2557380979
2100	100	0	-280.55	3.5884731871	-1.6488704221	30.8338085794
2200	100	0	-280.55	2.6560772078	-1.4703937116	32.2680254199
2300	100	0	-280.55	3.0910410872	-1.5591744468	32.7026711096
2400	100	0	-281.15	2.9013575882	-1.0530159587	32.0924179509
2500	100	0	-281.15	2.1217059376	-0.3998431695	32.4631338754
2600	100	0	-281.15	2.4954976445	-0.9867477327	32.5215102719
2700	100	0	-281.65	2.3681335255	-0.8395715194	31.9362565284
2800	100	0	-281.65	1.5791669587	0.0811082101	32.4020019967
2900	100	0	-281.65	1.877993183	-0.0809377487	32.5220781706
3000	100	0	-282.02	1.7671726437	0.0382692141	31.8500549917
3100	100	0	-282.02	1.0407180417	0.3741278861	31.8116384982
3200	100	0	-282.02	1.2639925334	-0.715312033	31.7386227491
3300	100	0	-282.25	1.093474572	-1.0898353531	31.342559264
3400	100	0	-282.25	0.4209771872	-1.1930699581	31.1653762565
3500	100	0	-282.25	0.4972688276	-1.6827979089	30.9669536393
3600	100	0	-282.34	0.2891272842	-1.8940608617	30.5467168892
3700	100	0	-282.34	-0.3125200729	-2.6114796293	30.29778927
3800	100	0	-282.29	-0.2995413756	-2.7766718813	30.4178572163
3900	100	0	-282.29	-0.1186760749	-3.074264247	31.8351109901
4000	100	0	-282.29	0	-2.2592742504	32.0660398767
0	200	0	-276.63	0	-4.4990939654	26.3927743283
100	200	0	-276.63	0.3824856604	-1.8896353844	25.0204809849
200	200	0	-276.63	0.3049735279	-1.9515525299	24.7873985709
300	200	0	-276.71	0.0062251643	-2.2730079171	24.166778261
400	200	0	-276.71	-0.2930349922	-4.7900944222	24.4940662997
500	200	0	-276.71	0.1879632003	-5.2678374197	24.6918219855
600	200	0	-276.75	0.6717914929	-5.430266116	25.1720544752
700	200	0	-276.75	1.5369650255	-5.2884226471	25.1287466869
800	200	0	-277.07	1.7240171732	-4.8060849169	24.9131270591
900	200	0	-277.07	1.6681826495	-3.8868817669	25.8818699823
1000	200	0	-277.07	3.0489863932	-3.7638548192	25.9118896137
1100	200	0	-277.75	3.4162359454	-2.8019422914	24.9402372691
1200	200	0	-277.75	2.8707668354	-1.0617305281	25.1151413252
1300	200	0	-277.75	3.7756369903	-1.123880914	24.8639957849
1400	200	0	-278.59	3.8023607711	-1.0508587597	24.4725704418
1500	200	0	-278.59	3.1980925482	-1.0617973405	26.0476389368
1600	200	0	-278.59	4.2003170196	-1.9905883647	26.7711253517
1700	200	0	-279.51	4.3847452463	-1.569430445	25.9332194389
1800	200	0	-279.51	3.7570260787	-0.1630528817	25.0995339432
1900	200	0	-279.51	4.5571545842	-0.3613364002	24.2333793899
2000	200	0	-280.45	4.6724249352	-0.239747105	22.5473422655
2100	200	0	-280.45	3.6764516174	1.0205095084	21.6735067585
2200	200	0	-280.45	3.9962801575	2.8971038587	21.9246840836
2300	200	0	-281.18	4.2676412058	4.8251459479	22.4859109437
2400	200	0	-281.18	3.7307120364	5.1141138257	22.6628354116
2500	200	0	-281.74	2.953344255	5.6190861659	23.42734261
2600	200	0	-281.74	2.2515347186	6.7123458153	26.3981179803
2700	200	0	-281.74	2.6315055742	6.5966355423	27.7798104254
2800	200	0	-282.29	2.4092482363	6.6345736022	28.0978763831
2900	200	0	-282.29	1.5152346609	6.8635990322	30.0945617947
3000	200	0	-282.29	1.6023804688	6.2705080642	30.9234517654
3100	200	0	-282.61	1.3249476058	5.9429436974	30.6923898972
3200	200	0	-282.61	0.5355524534	5.4837854279	31.3753080667
3300	200	0	-282.61	0.2740026707	4.7347077801	31.6191147888
3400	200	0	-282.63	0.1752707404	4.5965190674	31.4260191272
3500	200	0	-282.63	-0.0937200824	4.7970181285	31.2649700078
3600	200	0	-282.63	-1.3090958748	4.2996739259	30.7032331571
3700	200	0	-282.36	-1.3850704511	3.3930199362	27.7361328172
3800	200	0	-282.36	-0.5820057644	3.4685869582	27.2610364805
3900	200	0	-282.29	-0.5554771881	3.216348065	27.7828452507
4000	200	0	-282.29	0	1.8878155438	29.3016428979
0	300	0	-276.6	0	-3.2884590595	20.5222726456
100	300	0	-277.18	2.447526214	-3.1221339983	17.7917041075
200	300	0	-277.18	-0.506980223	-4.5263564195	18.8764633932
300	300	0	-277.18	-2.7795217933	-5.1374034344	19.3052030329
400	300	0	-276.48	-2.8447705473	-5.4512531692	22.3367855597
500	300	0	-276.48	-0.2472172298	-5.3986674755	22.9145313033
600	300	0	-276.48	0.8412731586	-5.2334416766	23.0757742135
700	300	0	-276.59	1.4488425251	-4.3269318776	23.159561968
800	300	0	-276.59	2.1523735461	-4.6663884831	22.9136085793
900	300	0	-277.01	2.551688702	-3.8863518103	22.7243678766
1000	300	0	-277.01	2.8074199702	-2.3277839681	24.0690953631
1100	300	0	-277.01	4.3368700546	-2.5632313414	24.0026170184
1200	300	0	-278.01	4.3956107301	-2.1363541945	22.6510232915
1300	300	0	-278.01	2.9677992839	-1.2956160443	22.8629035622
1400	300	0	-278.01	2.6862986901	-1.7870124358	23.1681821947
1500	300	0	-278.43	2.7949784722	-1.5626649391	23.7606488299
1600	300	0	-278.43	3.3862520384	-0.8162929121	25.2723629423
1700	300	0	-278.43	4.9244891996	-1.2561484146	25.4646517899
1800	300	0	-279.58	5.1433396411	-0.9894558392	24.8950489181
1900	300	0	-279.58	4.6528062699	-0.3209658249	26.4127887023
2000	300	0	-279.58	5.9262214823	-0.8271428385	27.5881846232
2100	300	0	-280.9	6.7253241441	-0.4630557734	27.8289010842
2200	300	0	-280.9	6.4607136473	1.0154005239	27.1493481974
2300	300	0	-281.93	5.3080510542	1.8439536923	26.0696001901
2400	300	0	-281.93	3.6952978129	2.7355898129	26.6655522792
2500	300	0	-281.93	3.7199379272	2.7153856212	27.2227412972
2600	300	0	-282.72	3.4730470209	3.445793786	27.2428521177
2700	300	0	-282.72	2.2903613124	4.539741445	28.2784698581
2800	300	0	-282.72	1.8461304486	4.3847500033	29.1000660614
2900	300	0	-283.01	1.513927645	4.4701432386	29.7413910396
3000	300	0	-283.01	0.8465173089	4.9934806205	31.1097069548
3100	300	0	-283.01	0.2539954054	4.7315265933	31.8977491494
3200	300	0	-282.96	0.0557566161	4.6621118664	32.4629250699
3300	300	0	-282.96	0.2062082115	4.9508420617	32.928486717
3400	300	0	-282.96	0.4832875356	5.096500859	32.9643245748
3500	300	0	-283.08	0.2004236861	5.0897285057	32.6740610979
3600	300	0	-283.08	-1.1148709081	4.9232070675	32.8712013083
3700	300	0	-282.86	-1.1436070406	5.7324599479	33.0426344696
3800	300	0	-282.86	-0.4762132468	5.7924517948	32.3868513336
3900	300	0	-282.86	-1.699447496	5.227984205	32.2403655486
4000	300	0	-282.56	0	4.7443853673	33.7688483607
0	400	0	-276.28	0	-6.60416521	22.3625048363
100	400	0	-276.28	-0.8554117063	-9.3602288561	22.0272929756
200	400	0	-275.91	-1.7102959082	-9.6605164241	23.5939861222
300	400	0	-275.91	-0.9186715854	-9.8388722934	23.688165771
400	400	0	-275.91	-0.5542990333	-7.6878529915	24.3800182565
500	400	0	-275.95	0.4057746929	-7.3217302855	24.4359686433
600	400	0	-275.95	1.7435270908	-7.4558895378	24.06362821
700	400	0	-276.43	2.1040182123	-7.5825987452	22.9751253529
800	400	0	-276.43	2.1645972405	-7.6975696129	22.74659648
900	400	0	-276.43	4.0067871712	-7.4269767665	21.9016754997
1000	400	0	-277.34	4.3721068688	-6.2108096572	20.8642908487
1100	400	0	-277.34	3.607665719	-4.9835265377	21.701303283
1200	400	0	-277.34	4.1383821392	-5.4764440972	21.8550371146
1300	400	0	-278.15	4.124978749	-4.8963424393	21.2928450123
1400	400	0	-278.15	3.5353118763	-3.102967918	21.8192282879
1500	400	0	-278.15	4.1688120719	-2.1241233646	22.0886028264
1600	400	0	-279.1	4.5068335441	-1.1473177686	21.9344686698
1700	400	0	-279.1	4.2115823259	-0.208606778	22.9132867582
1800	400	0	-279.1	4.6922086684	-0.6699394387	23.5455375512
1900	400	0	-280.04	4.7194675849	-0.5503143155	23.7480548265
2000	400	0	-280.04	4.5303349867	-0.1488402387	24.8739461425
2100	400	0	-280.04	5.5189949798	-1.2134260053	25.6527638977
2200	400	0	-281.07	6.3032896232	-1.9673740037	25.7134797734
2300	400	0	-281.07	5.9878304948	-2.1357342636	25.0460582885
2400	400	0	-282.06	4.6021439653	-1.6812692168	24.848470029
2500	400	0	-282.06	3.6635482281	-1.3214849989	26.6520417359
2600	400	0	-282.06	4.0758905424	-0.6994791759	27.3501687714
2700	400	0	-282.79	3.5704617982	0.5932916933	27.4385394197
2800	400	0	-282.79	2.3396500366	2.1103751321	29.0458121682
2900	400	0	-282.79	2.1239652781	2.6028620826	30.0098488104
3000	400	0	-283.22	1.8637638235	3.0306202326	30.2258542041
3100	400	0	-283.22	0.9935788517	4.0366914219	31.2183949377
3200	400	0	-283.22	0.7548679218	4.8116124839	31.7795122461
3300	400	0	-283.38	0.7083916633	5.1568715775	31.687183747
3400	400	0	-283.38	0.3141571777	5.4991217212	31.7035568251
3500	400	0	-283.38	-0.2670138806	5.230898839	31.5377937867
3600	400	0	-283.28	-0.6663644326	5.2281229687	30.9536762962
3700	400	0	-283.28	-0.5158257171	5.7937192807	30.9801042385
3800	400	0	-283.28	-1.0864815006	5.4301961077	30.7338597817
3900	400	0	-283.05	-1.6035436223	5.2895433561	29.6119389326
4000	400	0	-283.05	0	5.3682926235	29.16526951
0	500	0	-275.57	0	-8.8118446297	21.975226619
100	500	0	-275.57	-0.6088250001	-9.9478460648	22.8697650121
200	500	0	-275.57	-0.9856236536	-8.7756524491	23.1231511932
300	500	0	-275.43	-0.806858354	-8.6906791229	22.8138950253
400	500	0	-275.43	-0.3276285394	-8.6649093149	22.8242434567
500	500	0	-275.43	-0.0152537761	-8.8861090913	22.7500256271
600	500	0	-275.38	0.5804046922	-9.1788961567	22.4051277439
700	500	0	-275.38	1.2071624567	-9.8693026013	22.0209987075
800	500	0	-275.38	2.3079955248	-9.7702933111	21.7410866435
900	500	0	-275.85	4.038448651	-9.8093911946	20.7440547927
1000	500	0	-275.85	5.250870199	-9.6510761844	19.5890442918
1100	500	0	-276.77	5.0712356146	-8.1346404949	18.9050901281
1200	500	0	-276.77	4.4827948352	-6.1565062376	20.0985384352
1300	500	0	-276.77	5.3412754631	-5.618988031	20.3699729557
1400	500	0	-278.01	5.4585177648	-4.7431857658	19.7212084248
1500	500	0	-278.01	4.7506286216	-3.2357650268	20.5271080959
1600	500	0	-278.01	5.3017686183	-2.9555979876	21.138725589
1700	500	0	-279.18	5.4018675295	-2.3188616786	21.7244042532
1800	500	0	-279.18	4.8016321103	-1.0913713951	24.3099100997
1900	500	0	-279.18	5.1739054699	-0.8461451239	26.7627633229
2000	500	0	-280.28	5.2631097925	-0.2646157228	28.6670307301
2100	500	0	-280.28	4.9067903791	0.6322538147	29.4239203367
2200	500	0	-280.28	5.5384053823	0.2217499268	29.7278814946
2300	500	0	-281.4	5.5941558411	-0.3157383375	29.963446406
2400	500	0	-281.4	4.5095470843	-0.1695966913	30.1190487805
2500	500	0	-281.4	4.7017279681	0.4966559116	30.8373893877
2600	500	0	-282.44	5.3878237131	0.9321840382	31.3373985287
2700	500	0	-282.44	5.1002156271	1.5696602885	31.1361324315
2800	500	0	-283.24	3.8557008312	2.8426499504	30.8717865378
2900	500	0	-283.24	2.4341727522	3.9989632931	31.8266659818
3000	500	0	-283.24	2.2803466482	3.9020546137	32.4223649583
3100	500	0	-283.7	2.0349876567	4.3938430825	32.3245469013
3200	500	0	-283.7	1.1759367784	5.3690166925	32.7875690675
3300	500	0	-283.7	0.8937174488	5.41180976	32.9489302193
3400	500	0	-283.88	0.5573147904	5.3173958256	32.6581926906
3500	500	0	-283.88	-0.0705750664	5.102330663	32.6148999907
3600	500	0	-283.88	-0.5520504664	5.2793542507	32.3522984688
3700	500	0	-283.78	-0.9415339016	5.19080758	32.4251097741
3800	500	0	-283.78	-0.9803891781	3.7962001211	32.3552724849
3900	500	0	-283.78	-1.7613509802	3.8120731313	31.9031125999
4000	500	0	-283.45	0	3.9338129085	29.1056839913
0	600	0	-274.89	0	-9.0978758506	23.054359104
100	600	0	-274.72	-0.819219519	-9.2009989274	23.8884370723
200	600	0	-274.72	-0.4531289663	-9.0891660985	23.4621483194
300	600	0	-274.72	-0.8079284512	-8.643227398	23.2589039601
400	600	0	-274.53	-0.7497290017	-8.6193989619	23.1006200647
500	600	0	-274.53	-0.1082121489	-8.956324294	23.0273636181
600	600	0	-274.53	0.7603335808	-9.1037600385	22.9756883941
700	600	0	-274.75	1.5126210579	-9.0206783769	23.066932391
800	600	0	-274.75	2.2245086472	-8.133047188	23.2259643146
900	600	0	-274.75	4.1260042979	-8.1654205227	23.06848257
1000	600	0	-275.62	6.0468575685	-8.2953772804	22.7824110218
1100	600	0	-275.62	7.1022356658	-7.4801216891	21.8852117639
1200	600	0	-276.93	6.6540346031	-5.4448644512	20.9874643187
1300	600	0	-276.93	5.5382992208	-3.573666301	21.823803269
1400	600	0	-276.93	5.9185348738	-3.8280417773	22.3068896438
1500	600	0	-278.16	5.9563998501	-2.8208492023	22.435078372
1600	600	0	-278.16	5.4237368923	-1.5514546331	24.1718838084
1700	600	0	-278.16	6.0758089184	-1.7839995664	25.4355920742
1800	600	0	-279.53	6.1649252231	-0.8779764889	26.079523607
1900	600	0	-279.53	5.5462232572	0.5613621934	27.867779335
2000	600	0	-279.53	6.0087339253	0.7860890776	29.2246092057
2100	600	0	-280.9	6.0053606294	1.3070090392	29.3957698177
2200	600	0	-280.9	5.355297471	2.275204291	29.4129400953
2300	600	0	-280.9	5.59648387	2.3034424192	29.4888434372
2400	600	0	-282.05	5.4145382144	2.7332662194	29.6377186365
2500	600	0	-282.05	4.7653289576	4.1695600197	29.896123667
2600	600	0	-282.05	5.1488949126	4.4784683236	30.3147381729
2700	600	0	-282.98	5.4809277104	4.4752007738	30.7783176987
2800	600	0	-282.98	4.7689530412	5.0772053347	30.536688021
2900	600	0	-283.66	3.1833699481	5.9601691495	30.4445404554
3000	600	0	-283.66	2.2586436129	6.2158998482	31.6938842026
3100	600	0	-283.66	2.4605409238	6.3652546737	32.0039040097
3200	600	0	-284.13	1.7728345993	6.5727028341	31.5884933768
3300	600	0	-284.13	0.6567707964	6.526392548	31.821259926
3400	600	0	-284.13	0.0046780874	5.9462715874	31.8502309337
3500	600	0	-284.09	-0.3050554555	5.1356884689	31.897685888
3600	600	0	-284.09	-0.5778875223	4.7547655634	31.4845144018
3700	600	0	-284.09	-1.9989798467	4.2119818201	31.064664503
3800	600	0	-283.6	-2.465215956	3.7386709061	30.775928405
3900	600	0	-283.6	-1.4659308416	2.141517985	30.6256651064
4000	600	0	-283.6	0	2.5453754126	29.7837916948
0	700	0	-274.19	0	-8.4382407707	23.7790651668
100	700	0	-274.19	-0.600115248	-7.8899134541	24.062633729
200	700	0	-274.09	-0.4278521242	-8.0173449148	24.1643980391
300	700	0	-274.09	-0.3370912174	-7.8545041551	23.9353007449
400	700	0	-274.09	-0.6407254354	-7.4568022654	23.1602478135
500	700	0	-273.99	-0.4996148594	-7.8987181854	22.9774887243
600	700	0	-273.99	0.516050616	-8.3721948775	23.1209512549
700	700	0	-273.99	2.1778753072	-8.2537587832	23.3626485423
800	700	0	-274.55	3.163253379	-7.5750624981	24.0610582642
900	700	0	-274.55	3.8761185586	-6.392959837	24.5136947537
1000	700	0	-274.55	5.9361690326	-6.4801352924	24.8304736615
1100	700	0	-275.76	7.9217484505	-6.6628852696	24.9782646132
1200	700	0	-275.76	8.3892502166	-6.0956286373	24.4206992696
1300	700	0	-277.37	6.958098137	-4.9135506054	24.0052148228
1400	700	0	-277.37	6.2113348635	-4.398878903	25.7202612521
1500	700	0	-277.37	7.0272157658	-3.5241306751	26.3324524528
1600	700	0	-278.81	6.3386182609	-2.4964800655	26.9908280198
1700	700	0	-278.81	6.0753456737	-2.1722478834	29.3384824928
1800	700	0	-278.81	7.1469938701	-1.4313616824	29.9717802412
1900	700	0	-280.16	6.8379710364	0.4360621635	29.4312287704
2000	700	0	-280.16	6.0087566383	1.9348616507	29.7533797784
2100	700	0	-280.16	6.3959055925	1.9063713546	30.7047780163
2200	700	0	-281.51	6.5348387556	2.498059959	31.2565588479
2300	700	0	-281.51	6.0522177695	4.087528228	31.0852588022
2400	700	0	-281.51	6.3756646848	4.6660919813	31.5670717549
2500	700	0	-282.84	6.4469300656	5.7444193273	32.0911814592
2600	700	0	-282.84	5.6934644672	7.880055858	32.2086583614
2700	700	0	-282.84	5.6989526382	8.5547425616	32.2764844915
2800	700	0	-283.97	5.3406692136	8.6902194828	32.3133627856
2900	700	0	-283.97	3.572867259	9.4053120707	32.4006692729
3000	700	0	-283.97	2.6854321657	10.0749214942	33.1308717678
3100	700	0	-284.54	2.3917906426	9.9139530897	33.681798269
3200	700	0	-284.54	1.3370746527	9.2399733031	33.564314908
3300	700	0	-284.62	0.2672862021	8.8333458543	33.4491948514
3400	700	0	-284.62	-0.8333892887	8.1302171549	33.4807355034
3500	700	0	-284.62	-1.2620810904	6.4124025067	33.7604240085
3600	700	0	-284.58	-1.4757571219	5.0084280391	33.7872888444
3700	700	0	-284.58	-1.9576285589	2.9952973971	33.085644597
3800	700	0	-284.58	-3.0508530132	3.0695914727	32.0538732328
3900	700	0	-283.95	-2.9546464737	2.9488257147	31.5665799615
4000	700	0	-283.95	0	1.410881377	32.1242242981
0	800	0	-273.48	0	-7.3637350846	20.3893046734
100	800	0	-273.48	-0.3983236631	-7.2239946921	20.4762994164
200	800	0	-273.48	-0.4177196673	-7.4261202854	20.721717656
300	800	0	-273.5	-0.2473858018	-7.9091880342	20.3129749435
400	800	0	-273.5	-0.793943032	-8.1305784993	18.4613176381
500	800	0	-273.5	-1.0236047543	-8.9112669615	18.2660230365
600	800	0	-273.31	0.405292983	-9.2130005369	18.5965930434
700	800	0	-273.31	2.3097534306	-8.1725875998	18.437872308
800	800	0	-273.31	4.0853076001	-7.8580476243	19.0468502691
900	800	0	-274.28	5.2209315103	-7.0541366003	20.1680844285
1000	800	0	-274.28	5.7769321292	-5.1903256758	21.1104685802
1100	800	0	-274.28	7.4867423209	-5.0155712843	21.9622293225
1200	800	0	-275.8	8.403369274	-5.2840010156	23.5137682282
1300	800	0	-275.8	7.2350489551	-4.6151512515	24.3981682282
1400	800	0	-275.8	7.3079548041	-3.2071784919	25.6570314828
1500	800	0	-277.51	7.8587986943	-2.6540545649	26.9171584445
1600	800	0	-277.51	6.775619684	-1.9982636033	27.981340114
1700	800	0	-277.51	7.1409273082	-0.7561610017	29.4410613353
1800	800	0	-279.01	8.7732352767	0.1334651189	30.0169339465
1900	800	0	-279.01	8.9124465836	1.7783806382	29.2662728073
2000	800	0	-280.35	7.4790431164	4.0485346836	28.5704191086
2100	800	0	-280.35	6.568558931	5.2912948098	29.6656584405
2200	800	0	-280.35	7.5364543377	5.0283042055	30.3145080949
2300	800	0	-282.22	7.764515899	5.9904106313	29.4412331099
2400	800	0	-282.22	7.0714293137	7.2556089503	30.5159634135
2500	800	0	-282.22	7.9792928343	7.1863675725	32.3837150033
2600	800	0	-284.2	7.9592181469	8.5624374848	32.5414176469
2700	800	0	-284.2	6.2910913352	10.6235607092	31.804916013
2800	800	0	-284.2	5.6195225503	11.0385713119	32.010287093
2900	800	0	-285.35	4.5680719528	11.2399794558	32.8027158714
3000	800	0	-285.35	2.7672846319	12.0694487554	33.6733380919
3100	800	0	-285.35	1.6255927394	11.7599198506	34.0851634543
3200	800	0	-285.52	0.6922273706	11.1420068834	34.0650237635
3300	800	0	-285.52	-0.4529853585	10.5311645066	33.5396619029
3400	800	0	-285.52	-2.4162652669	9.7195029963	33.5374651739
3500	800	0	-284.76	-3.4268445713	8.9732107261	34.341583851
3600	800	0	-284.76	-3.9949926252	7.1817713792	35.5276701579
3700	800	0	-283.99	-3.9378164131	5.3692256789	36.6434945564
3800	800	0	-283.99	-2.5116876384	3.4627302202	35.000085445
3900	800	0	-283.99	-3.1246409306	4.9498766051	32.705265899
4000	800	0	-283.41	0	3.8303069401	34.2369920337
0	900	0	-273.48	0	-9.5247363614	13.101555267
100	900	0	-273.48	-0.6625004488	-9.8925028052	13.1545751944
200	900	0	-273.31	-1.1130454596	-10.0134546021	13.5523650015
300	900	0	-273.31	-1.041549438	-11.2076428237	13.0355529506
400	900	0	-273.31	-1.6428043694	-12.4061756067	12.1545585003
500	900	0	-272.87	-1.582036897	-12.8369160875	12.2709981554
600	900	0	-272.87	1.2547299844	-13.3005693267	12.3905066115
700	900	0	-273.62	3.5328282198	-12.6400138477	11.2659522939
800	900	0	-273.62	4.2817043718	-11.5506113682	11.6068762664
900	900	0	-273.62	6.5438405071	-11.8509278333	13.9234556436
1000	900	0	-275.19	7.9747343486	-9.7846975406	15.6116963578
1100	900	0	-275.19	7.828073104	-6.9823496044	16.0563955114
1200	900	0	-275.19	8.7896702494	-6.5138740201	18.6805177392
1300	900	0	-277.09	9.0349206674	-5.9118710337	20.7619934933
1400	900	0	-277.09	8.1724315501	-3.3019997394	21.3929027922
1500	900	0	-277.09	8.2361306544	-2.6167551758	23.5592737773
1600	900	0	-278.66	8.2365118241	-1.9442094974	26.0133524707
1700	900	0	-278.66	8.2070743959	0.3564052806	27.1814842717
1800	900	0	-278.66	9.68153551	1.0474224637	27.5696334153
1900	900	0	-280.78	10.7530406011	1.2976765623	27.568693412
2000	900	0	-280.78	9.5216708099	2.7899006896	26.8056519257
2100	900	0	-282.16	7.3756751144	4.4097608353	26.7316147817
2200	900	0	-282.16	7.2339545771	4.7745505629	27.9416562887
2300	900	0	-282.16	8.2795225143	5.0918795005	28.0120211024
2400	900	0	-283.79	7.571621626	6.081106595	28.6712468257
2500	900	0	-283.79	7.7537586001	6.3352199137	31.6785011165
2600	900	0	-283.79	9.1306576039	6.8453138076	32.4257858108
2700	900	0	-285.44	8.175086472	8.8965305393	30.8293715781
2800	900	0	-285.44	5.9570879602	11.1192390104	30.9520574556
2900	900	0	-285.44	4.6037447025	11.4519868456	33.0123409891
3000	900	0	-286.27	3.2053725605	11.5285558392	35.0220485006
3100	900	0	-286.27	1.4643487706	11.8881911898	35.6647064974
3200	900	0	-286.27	0.1083193087	11.7646833563	35.9995370946
3300	900	0	-286.2	-1.1552176917	11.2540520755	34.9617832401
3400	900	0	-286.2	-2.3913430692	10.0557962236	34.7076127771
3500	900	0	-286.2	-3.7998127008	10.1861497955	35.4545111896
3600	900	0	-285.45	-5.0797421624	9.7110616797	37.1600696283
3700	900	0	-285.45	-5.6766697179	8.7328341896	37.3947867485
3800	900	0	-284.57	-3.4702020803	7.0060280677	37.8717580467
3900	900	0	-284.57	-2.5870697538	7.1346656423	32.9342235987
4000	900	0	-284.57	0	6.4143087505	32.4285060242
0	1000	0	-272.09	0	-12.1765055898	9.864731734
100	1000	0	-272.09	-0.8870419038	-13.1255041557	9.9553569524
200	1000	0	-272.09	-1.7328596858	-13.2358712323	10.1300251082
300	1000	0	-271.66	-2.6401068064	-13.8086967304	8.9032676037
400	1000	0	-271.66	-2.4232162958	-15.8294652384	8.3127135371
500	1000	0	-271.66	-1.917998481	-16.0983453973	8.5048919084
600	1000	0	-271.13	0.6021952228	-16.1092047774	8.5990937074
700	1000	0	-271.13	4.0597113891	-16.3546592908	7.9027612736
800	1000	0	-272.19	4.8743936078	-15.7223198903	7.78025373
900	1000	0	-272.19	6.9868453379	-15.4496964883	11.3448248212
1000	1000	0	-272.19	10.6455103581	-13.9236566168	12.9993864779
1100	1000	0	-274.34	10.7575658347	-10.7555899511	12.4475757442
1200	1000	0	-274.34	9.4738478447	-8.2441346285	15.5965515438
1300	1000	0	-274.34	10.4469232358	-8.4258991027	18.2391571152
1400	1000	0	-276.81	10.6030706687	-6.5531416146	18.1174385167
1500	1000	0	-276.81	9.2165889363	-4.5367024925	20.8723678662
1600	1000	0	-276.81	9.7487801404	-4.4205009219	24.5190555108
1700	1000	0	-279.21	10.1325592693	-2.9850302903	25.735425342
1800	1000	0	-279.21	9.7145065517	-1.5097536522	25.8450487253
1900	1000	0	-279.21	10.6549248095	-2.1619710951	27.046362417
2000	1000	0	-281.59	10.5911273894	-2.6423827227	27.6222290987
2100	1000	0	-281.59	8.5532088043	-1.2790187641	27.8574987344
2200	1000	0	-281.59	8.2185730029	0.3983310398	28.735737267
2300	1000	0	-283.34	9.0710719311	1.1249100072	29.7170527536
2400	1000	0	-283.34	8.3147697269	2.3902226148	30.7033161902
2500	1000	0	-283.34	8.7435000402	3.9328734881	32.5588848752
2600	1000	0	-285.25	10.5205287792	4.4594558073	33.3509000693
2700	1000	0	-285.25	10.565016538	5.7278809803	32.5710778903
2800	1000	0	-286.96	8.1749788566	8.3297665714	32.0442249782
2900	1000	0	-286.96	4.9773887816	10.2930160283	34.5536450954
3000	1000	0	-286.96	3.2034889694	10.4350403704	37.3347481088
3100	1000	0	-287.39	1.8617202498	11.3517040127	38.2444078793
3200	1000	0	-287.39	0.0580882563	11.9085673571	39.5143354469
3300	1000	0	-287.39	-2.1618724845	11.8505798554	39.2794266799
3400	1000	0	-286.7	-3.4841675536	10.8275120123	39.2078969037
3500	1000	0	-286.7	-3.7715791085	9.2912738564	39.8369280988
3600	1000	0	-286.7	-5.4483082311	8.4964975186	38.9718232345
3700	1000	0	-285.55	-6.6428500251	8.8655136397	36.3703757296
3800	1000	0	-285.55	-4.1098561857	7.1960951618	35.9221882679
3900	1000	0	-285.55	-3.7163602545	4.9924592457	33.8618499954
4000	1000	0	-284.67	0	5.107493616	31.2914619351
0	1100	0	-271.3	0	-11.1381586245	9.4647956087
100	1100	0	-271.02	-1.7218660846	-12.2165281269	9.6868601072
200	1100	0	-271.02	-1.7962380343	-12.988291298	9.9444035579
300	1100	0	-271.02	-3.6351434374	-13.1204308353	7.6130984718
400	1100	0	-270.02	-3.9324530363	-13.4129745031	6.1141923139
500	1100	0	-270.02	-1.861776436	-14.4576105306	6.081426922
600	1100	0	-270.02	0.9984160909	-14.0281991958	4.0612146882
700	1100	0	-270.48	3.9197131069	-14.3566297587	3.5501418774
800	1100	0	-270.48	5.1866671676	-13.8636858012	3.9325457911
900	1100	0	-270.48	8.3425037806	-12.4419479251	6.1665345899
1000	1100	0	-272.56	12.6688408925	-12.0445528619	8.8852960128
1100	1100	0	-272.56	13.5075950923	-10.6303925853	9.9514665036
1200	1100	0	-275.05	11.1193610978	-8.5283905236	11.2897988535
1300	1100	0	-275.05	10.7259136746	-7.9392878311	14.9259952562
1400	1100	0	-275.05	12.061628167	-6.948060465	16.3903997507
1500	1100	0	-277.42	10.3687713538	-5.499071699	18.0153381011
1600	1100	0	-277.42	9.7881840196	-5.215691246	22.2909682864
1700	1100	0	-277.42	11.1178216589	-4.7554725943	24.4151056607
1800	1100	0	-279.47	10.5045947052	-3.2272427273	24.695693882
1900	1100	0	-279.47	9.6204115306	-2.7446860679	27.4711335462
2000	1100	0	-279.47	10.4046231409	-4.1745293628	30.4037654949
2100	1100	0	-281.77	10.4163888769	-3.4214077893	31.620597338
2200	1100	0	-281.77	9.6378833484	-0.696477194	31.7879263004
2300	1100	0	-281.77	10.271414096	0.3818163371	33.3198582122
2400	1100	0	-284.14	10.3795851069	1.2251912723	35.4462541766
2500	1100	0	-284.14	9.8229917859	3.8345238196	37.0600211212
2600	1100	0	-284.14	10.9256650894	4.8714001215	38.0244799639
2700	1100	0	-286.24	12.0453972294	5.1885777865	39.3290617673
2800	1100	0	-286.24	10.5222230082	6.9151421121	40.0010192728
2900	1100	0	-287.69	6.7090185015	9.1465677053	40.9691897011
3000	1100	0	-287.69	4.2640605382	10.4043550404	44.2826938832
3100	1100	0	-287.69	2.9378757573	12.2756196948	45.6567743511
3200	1100	0	-287.82	0.6071951514	13.3153397782	46.1179994165
3300	1100	0	-287.82	-2.2362730298	13.344298478	45.6887774371
3400	1100	0	-287.82	-4.9506490615	12.7332239328	45.433013426
3500	1100	0	-286.91	-6.1308272012	10.5132064899	46.1449153265
3600	1100	0	-286.91	-5.5055023858	7.1088445793	43.7654921737
3700	1100	0	-286.91	-6.977072068	8.560043012	38.6471067429
3800	1100	0	-285.51	-7.343256481	6.7812512685	36.588947498
3900	1100	0	-285.51	-4.6756712996	2.1010941983	37.9023033467
4000	1100	0	-285.51	0	1.9825929398	35.2488810273
0	1200	0	-270.22	0	-8.4552633401	9.6066028574
100	1200	0	-270.22	-2.7371745773	-9.5707661252	9.9734566406
200	1200	0	-269.85	-2.6367623875	-10.1242893521	10.2157561642
300	1200	0	-269.85	-3.0647900115	-11.2835040159	6.5405967557
400	1200	0	-269.85	-3.7603959911	-9.7664449718	2.3160353104
500	1200	0	-269.07	-2.5332231737	-10.5109453002	1.383643063
600	1200	0	-269.07	0.7031760014	-10.7119852925	-3.5912921451
700	1200	0	-269.07	4.224224777	-11.4293309028	-5.3519508076
800	1200	0	-270.16	6.7890754414	-10.6794485649	-4.8026084276
900	1200	0	-270.16	8.8059782839	-7.8202572592	-4.054436526
1000	1200	0	-270.16	12.4570656979	-8.036441295	0.9426834407
1100	1200	0	-272.94	14.2737281663	-8.9976839903	6.6769969503
1200	1200	0	-272.94	12.1649525922	-7.5098178445	10.1059101935
1300	1200	0	-272.94	12.0272532944	-5.3759345028	13.5862852456
1400	1200	0	-275.84	13.0432868008	-5.0458431908	17.3441919187
1500	1200	0	-275.84	10.948958162	-4.3438868708	20.1269280973
1600	1200	0	-275.84	10.4923792451	-3.0633807737	23.6314510549
1700	1200	0	-278.08	12.121007788	-2.8621237818	26.3623449986
1800	1200	0	-278.08	11.7252930781	-2.1787148641	27.2180058511
1900	1200	0	-280.01	9.7076381673	-1.1864012739	28.6681157348
2000	1200	0	-280.01	9.914405668	-1.4188366622	31.711141272
2100	1200	0	-280.01	12.0312609798	-0.9790589467	32.8346158444
2200	1200	0	-282.41	12.0217971293	1.4638798108	31.8452306567
2300	1200	0	-282.41	10.9927404041	3.5592159889	33.4131581644
2400	1200	0	-282.41	11.7674772094	3.4996924653	36.996034741
2500	1200	0	-284.96	12.3897088894	5.7295468884	39.0924844323
2600	1200	0	-284.96	11.8745827461	9.0704690182	39.7643187717
2700	1200	0	-284.96	12.6087585286	9.8377309685	43.2643139028
2800	1200	0	-287.76	12.1329687821	9.6775185786	46.7527938042
2900	1200	0	-287.76	8.4666017166	11.4479741955	47.9764280099
3000	1200	0	-287.76	6.3325409589	13.3550334592	52.0344248623
3100	1200	0	-289.45	4.7727049876	14.0356031849	53.7231479296
3200	1200	0	-289.45	1.1267670395	14.405811303	53.3794416481
3300	1200	0	-289.45	-2.7439883299	13.8166700386	52.6040317407
3400	1200	0	-288.67	-6.315259535	13.4045634236	51.3950469376
3500	1200	0	-288.67	-9.3959584687	11.7446063842	50.3291872196
3600	1200	0	-286.62	-7.401471709	9.2336688711	50.2001203358
3700	1200	0	-286.62	-6.9704433359	9.0653497157	42.7241096528
3800	1200	0	-286.62	-10.5688049927	7.3146963709	39.9550118133
3900	1200	0	-284.93	-8.5150185832	3.9763337349	43.26547311
4000	1200	0	-284.93	0	0.335853915	41.2333889653
0	1300	0	-270.32	0	-7.8233956062	7.3798616094
100	1300	0	-269.59	-3.3908920966	-7.5531697054	7.8464565171
200	1300	0	-269.59	-3.508975925	-7.4862206857	6.5385331423
300	1300	0	-268.77	-3.2772990571	-8.2471717787	4.5710429003
400	1300	0	-268.77	-3.1598943139	-7.6655983988	-3.0761426925
500	1300	0	-268.77	-2.8073167567	-8.2843425881	-6.7503621982
600	1300	0	-268.69	0.0800304816	-8.886137171	-10.6786328332
700	1300	0	-268.69	3.9522498412	-9.4011141187	-13.0916628443
800	1300	0	-268.69	8.7957408112	-9.2654942798	-13.2993823413
900	1300	0	-270.83	10.9855110505	-6.8454614957	-13.8057629947
1000	1300	0	-270.83	11.4914141614	-5.1392566946	-7.1690483271
1100	1300	0	-270.83	14.0342185428	-7.1212181661	2.3939328805
1200	1300	0	-273.96	14.741110592	-5.6790076226	8.5613494517
1300	1300	0	-273.96	13.1898883283	-1.708132907	11.2283800741
1400	1300	0	-273.96	13.0936757923	-1.2790209148	16.5599883618
1500	1300	0	-276.63	12.3512337776	-1.2707957134	21.7097968328
1600	1300	0	-276.63	11.2699471086	1.0183080827	25.1143121734
1700	1300	0	-276.63	12.0024875685	1.4269109193	27.5555767215
1800	1300	0	-279.06	12.1803172198	1.0738617022	29.2639108362
1900	1300	0	-279.06	10.3802897392	2.0299249692	30.5115066606
2000	1300	0	-279.06	10.6119654681	3.231341727	32.5100892375
2100	1300	0	-281.25	13.2991053499	3.3662641763	33.6785891365
2200	1300	0	-281.25	14.176158284	4.1192624363	32.9058087446
2300	1300	0	-284.09	12.3072267505	5.4912254898	33.1786023601
2400	1300	0	-284.09	12.5499160064	5.9205352593	37.0487433663
2500	1300	0	-284.09	15.3937683455	7.4045733869	39.0119332133
2600	1300	0	-287.31	15.0338491695	10.7509678757	38.7407202283
2700	1300	0	-287.31	12.6524467831	13.2197022496	43.4830365619
2800	1300	0	-287.31	12.1324662352	12.0775325935	49.6589815363
2900	1300	0	-289.81	10.3865333888	13.1341132671	52.5467680065
3000	1300	0	-289.81	6.8516895276	15.4613650743	59.3130453579
3100	1300	0	-289.81	3.9886535944	14.7994474451	61.9408835732
3200	1300	0	-290.39	0.3882620051	13.6239545149	61.3725245296
3300	1300	0	-290.39	-3.2375209092	11.9080761265	60.2541465735
3400	1300	0	-290.39	-7.0227127159	11.0921998338	58.4885483159
3500	1300	0	-288.77	-10.3017217537	11.0032659433	54.4727224963
3600	1300	0	-288.77	-8.1847590543	9.9804887127	52.0599327271
3700	1300	0	-288.77	-8.8960445749	7.0767374222	47.2214198571
3800	1300	0	-286.52	-12.4322724618	7.3291031732	43.8037467081
3900	1300	0	-286.52	-11.6545137555	5.9171672229	43.0938341046
4000	1300	0	-284.89	0	2.8670680602	44.8783994056
0	1400	0	-269.37	0	-8.1258965393	5.7761794311
100	1400	0	-269.37	-2.3999996501	-6.7283960673	5.7934498804
200	1400	0	-269.06	-3.3307644608	-6.3217569337	2.454083839
300	1400	0	-269.06	-3.2441677246	-6.424270143	-0.516761955
400	1400	0	-269.06	-3.7975668072	-7.145243207	-6.0898930353
500	1400	0	-267.88	-3.7537619392	-6.7982724443	-11.9497839816
600	1400	0	-267.88	-0.4135955292	-7.2339684059	-15.9435175361
700	1400	0	-267.88	3.8448676682	-7.2223702704	-17.4529430759
800	1400	0	-268.73	9.3447280644	-7.6069586387	-16.8069144565
900	1400	0	-268.73	12.9322158691	-6.947013389	-16.9209614947
1000	1400	0	-271.5	12.1813090342	-5.511244393	-13.1955854053
1100	1400	0	-271.5	13.7339772383	-5.8851207075	-2.4716550111
1200	1400	0	-271.5	17.5780378513	-4.6732861532	4.1525848126
1300	1400	0	-274.91	16.4272400022	-1.0858481697	5.635657698
1400	1400	0	-274.91	13.4806240011	1.2635653414	11.9386586048
1500	1400	0	-274.91	13.2462871595	0.7708506177	19.5214977996
1600	1400	0	-277.84	13.1900858778	2.5251056681	24.0838804407
1700	1400	0	-277.84	12.1765614008	4.4186030732	26.5430256741
1800	1400	0	-277.84	12.3283071213	4.2561811305	28.1777444366
1900	1400	0	-280.63	11.8651181988	4.4005632696	29.4910376537
2000	1400	0	-280.63	11.2507448751	6.0113995605	30.8560513533
2100	1400	0	-280.63	12.9191816824	5.9005588207	32.0133646643
2200	1400	0	-283.33	14.1467584428	4.9824204079	32.5337855429
2300	1400	0	-283.33	12.7940132271	5.4503851976	33.1958316312
2400	1400	0	-283.33	13.6808251065	6.8401742376	35.8633810011
2500	1400	0	-286.32	17.2201415058	7.1430702898	37.9684247355
2600	1400	0	-286.32	17.6897116088	8.0997228821	38.310874097
2700	1400	0	-289.58	13.9353232464	9.9013116972	41.3252632513
2800	1400	0	-289.58	12.0473797929	10.2426228292	49.8796476309
2900	1400	0	-289.58	11.8504341974	11.4754712032	56.4122407542
3000	1400	0	-291.37	7.9978751369	13.5618714037	63.3573208649
3100	1400	0	-291.37	2.9352944282	13.9742151518	65.9243063771
3200	1400	0	-291.37	-1.7646042791	12.762438184	67.030166482
3300	1400	0	-290.38	-5.2757430177	11.4124013026	66.1643883347
3400	1400	0	-290.38	-7.2200697182	9.1391711532	64.3752314634
3500	1400	0	-290.38	-10.5076695831	8.9642266157	60.6815957865
3600	1400	0	-288.01	-11.3280002301	9.3046242161	55.4328155386
3700	1400	0	-288.01	-9.6218288754	4.3408645075	51.3201839114
3800	1400	0	-288.01	-11.7283751987	5.1813756148	48.4098980238
3900	1400	0	-285.72	-12.9770536962	6.4766618516	43.5712026324
4000	1400	0	-285.72	0	5.0273142671	43.1470072074
0	1500	0	-268.37	0	-3.6834930494	5.5733256885
100	1500	0	-268.37	-1.586752491	-3.5462121599	5.126697424
200	1500	0	-268.37	-3.2048500007	-3.2420597706	3.0145214391
300	1500	0	-267.54	-4.1007853371	-2.7526252396	-2.4844734109
400	1500	0	-267.54	-3.5338966152	-4.1379448302	-7.394857
500	1500	0	-267.54	-2.8960419556	-2.7984458227	-11.4697251224
600	1500	0	-267.05	-0.3440673445	-2.1891797013	-16.5631842216
700	1500	0	-267.05	3.5792596017	-1.471487165	-18.1373184619
800	1500	0	-267.05	9.0710976926	-1.8667340474	-17.2382678667
900	1500	0	-269.32	13.0812253029	-3.0113599838	-15.6527427085
1000	1500	0	-269.32	12.5533068429	-2.5186322219	-12.2877068231
1100	1500	0	-269.32	14.8721767759	-1.2903115203	-4.7945524012
1200	1500	0	-273.01	19.5403831298	-1.8308038636	1.9234701633
1300	1500	0	-273.01	19.1267398162	-1.1697297577	4.4875244389
1400	1500	0	-276.42	14.9503745797	0.3178332935	8.100759553
1500	1500	0	-276.42	13.6127740976	0.7829969673	15.7038528143
1600	1500	0	-276.42	14.9176995708	2.084421389	21.0059511597
1700	1500	0	-279.29	13.7335630309	3.2787793752	24.0982560277
1800	1500	0	-279.29	12.1622774162	4.2677053918	25.6350699213
1900	1500	0	-279.29	12.1355081625	3.8774462708	26.6022258423
2000	1500	0	-281.92	12.1119610125	4.1961456532	27.9611826079
2100	1500	0	-281.92	12.2701261973	4.8689537505	29.1680665121
2200	1500	0	-281.92	13.7259846676	4.0479505843	30.0991201397
2300	1500	0	-285.01	14.1649805802	3.9707381361	31.67840534
2400	1500	0	-285.01	14.2426010986	6.1349539188	33.9637867166
2500	1500	0	-285.01	16.65331699	6.0556515932	36.4075314104
2600	1500	0	-288.5	17.7920905836	4.799042098	38.9175211147
2700	1500	0	-288.5	14.7953467302	5.6098441658	42.3363563787
2800	1500	0	-288.5	13.7066257345	7.7860600572	48.9439224149
2900	1500	0	-291.85	13.7057819633	8.1592412467	55.9103461461
3000	1500	0	-291.85	9.3504334762	9.1411877527	61.449741842
3100	1500	0	-292.61	3.1892203747	10.3109718742	63.6790681778
3200	1500	0	-292.61	-2.1735518441	9.9426243528	67.045550888
3300	1500	0	-292.61	-6.86078794	9.8923848249	67.295139355
3400	1500	0	-290.67	-9.4708873961	9.2784487231	64.7376674274
3500	1500	0	-290.67	-10.1362686908	6.4142786474	61.0046591469
3600	1500	0	-290.67	-12.8081211692	6.8171220166	57.651919001
3700	1500	0	-287.76	-13.0192931695	5.8567707898	51.5638824821
3800	1500	0	-287.76	-10.2964751177	2.8518671002	47.3271127725
3900	1500	0	-287.76	-11.8085751032	4.1409488757	44.9623109292
4000	1500	0	-285.5	0	5.8470874339	40.5589786568
0	1600	0	-268.65	0	3.8454432853	4.8125981544
100	1600	0	-268.32	-1.9585663713	3.493742537	4.0585479408
200	1600	0	-268.32	-2.5371775338	2.9399099979	3.761477552
300	1600	0	-268.32	-4.1400527909	3.6697226868	-0.7616349821
400	1600	0	-267.33	-3.843387397	3.8199048484	-7.3412039427
500	1600	0	-267.33	-1.804996817	4.0958326569	-9.3652773597
600	1600	0	-267.33	0.9133631285	4.9184646333	-13.2188437585
700	1600	0	-267.84	4.1673133288	5.6456490864	-14.6600115609
800	1600	0	-267.84	7.8048552456	6.3719638862	-13.5187107005
900	1600	0	-267.84	12.2803176879	4.5366649993	-11.275225047
1000	1600	0	-270.87	13.902357491	3.6057942884	-5.9439314784
1100	1600	0	-270.87	14.4218056033	5.4499628631	-0.0103626622
1200	1600	0	-270.87	17.6986196072	3.4548092189	5.5067495104
1300	1600	0	-274.68	18.5758771526	0.7773761765	10.1515383995
1400	1600	0	-274.68	15.4333507261	0.5369661065	13.5261876794
1500	1600	0	-274.68	15.0128752617	2.0810120806	17.814585244
1600	1600	0	-277.83	15.6858682857	2.3704518126	21.1522571904
1700	1600	0	-277.83	14.3598454103	0.7525567568	24.5754660201
1800	1600	0	-280.59	12.9269740169	1.1356720028	26.1318647842
1900	1600	0	-280.59	11.7935584535	2.1237914265	26.3990320144
2000	1600	0	-280.59	12.2422523548	1.8393678505	28.0825099599
2100	1600	0	-283.3	12.7709866135	1.8573237902	29.564667364
2200	1600	0	-283.3	13.2485428217	2.5585088799	30.1467844958
2300	1600	0	-283.3	14.8810165683	2.2214041888	32.8624467935
2400	1600	0	-286.73	15.7657385703	2.9505934695	36.5542857783
2500	1600	0	-286.73	15.8842296783	4.2389510554	39.8026610962
2600	1600	0	-286.73	17.2439041814	3.0953270236	43.0973315649
2700	1600	0	-290.48	16.9223412056	2.8168250818	48.2765899194
2800	1600	0	-290.48	14.5967768738	5.8252411995	53.7146911494
2900	1600	0	-290.48	13.2055618996	5.3726250177	58.9523427911
3000	1600	0	-292.97	10.1496057644	4.3663864959	63.9046636366
3100	1600	0	-292.97	3.7367310283	5.3982361362	66.4227663173
3200	1600	0	-292.54	-2.1831913284	5.8248072271	69.217412168
3300	1600	0	-292.54	-5.9399186474	5.5885477267	69.664835957
3400	1600	0	-292.54	-10.6981758957	7.5846377696	65.1476678773
3500	1600	0	-289.89	-12.9689962896	5.833430844	59.7275526298
3600	1600	0	-289.89	-11.8855080944	2.3412587803	59.6181132821
3700	1600	0	-289.89	-13.5870837851	3.7944974434	50.9252039503
3800	1600	0	-287.02	-13.4441971061	4.3305415696	43.2808824601
3900	1600	0	-287.02	-9.9818333692	0.1383492447	45.5824277475
4000	1600	0	-287.02	0	2.8539506461	39.1723230661
0	1700	0	-268.95	0	10.3935992825	3.8079257241
100	1700	0	-268.95	-2.4922857851	10.2003411794	3.5858809035
200	1700	0	-268.53	-3.0288698576	9.7496496798	4.1493773819
300	1700	0	-268.53	-3.2207904799	8.9588384087	1.2039431737
400	1700	0	-268.53	-3.1077866451	10.5824059458	-4.841432797
500	1700	0	-267.97	-1.7974821707	10.5634387751	-5.9660569688
600	1700	0	-267.97	1.205749085	10.7513407441	-9.115604265
700	1700	0	-267.97	5.0327588546	10.8138171453	-9.8819126713
800	1700	0	-269.45	7.9621136055	10.9013282707	-8.1192821318
900	1700	0	-269.45	10.3150557051	10.9884686717	-6.7535944323
1000	1700	0	-269.45	13.4666047067	8.8757116628	-0.5682426378
1100	1700	0	-272.63	14.7211916997	8.313900958	6.5633415003
1200	1700	0	-272.63	14.8677964432	8.2348645353	11.5073429156
1300	1700	0	-272.63	16.2088967038	5.2827182738	15.4137362684
1400	1700	0	-276.04	16.2540104771	3.4468716887	19.316070386
1500	1700	0	-276.04	15.4462598104	4.3220731649	21.4725986155
1600	1700	0	-278.29	13.589244247	2.7798324388	22.5647228226
1700	1700	0	-278.29	12.4987832211	0.6546982921	26.4881216531
1800	1700	0	-278.29	13.5335120859	0.4923318254	28.2605950085
1900	1700	0	-280.72	12.8392040169	2.0392315908	27.6125029834
2000	1700	0	-280.72	11.8454933762	2.9243823057	29.203721882
2100	1700	0	-280.72	12.9892672267	1.9272254463	31.0271079545
2200	1700	0	-283.65	14.0900650662	2.687917323	31.0039660741
2300	1700	0	-283.65	14.5570651698	3.9963264478	34.2791555156
2400	1700	0	-283.65	16.2601479585	3.3703741171	39.9176503889
2500	1700	0	-287.55	16.7980505441	3.0647112262	44.4242347734
2600	1700	0	-287.55	16.3699646167	3.6246590563	47.1516683614
2700	1700	0	-287.55	17.5252609061	2.2076093444	53.679784672
2800	1700	0	-291.88	16.2624256704	1.7360904794	60.8059226213
2900	1700	0	-291.88	12.2469272597	2.2870596663	65.8783596263
3000	1700	0	-291.88	9.3760445947	0.7725608932	69.155981811
3100	1700	0	-293.85	4.6476411059	-0.0988257035	71.438251118
3200	1700	0	-293.85	-1.9832402469	0.5831142526	73.092711263
3300	1700	0	-292.53	-5.1009573975	0.9753749182	73.485377694
3400	1700	0	-292.53	-9.2260042788	2.4131963989	66.6358585041
3500	1700	0	-292.53	-15.3796476801	2.8607789377	61.0163409587
3600	1700	0	-289.43	-14.8470545698	0.529745483	64.0721038726
3700	1700	0	-289.43	-11.0300103802	-2.0507389078	52.5668194181
3800	1700	0	-289.43	-13.9526233164	3.0597921867	42.3059196857
3900	1700	0	-286.41	-13.2851660267	1.0061986702	48.0954721359
4000	1700	0	-286.41	0	-1.629997775	40.9179138775
0	1800	0	-270.76	0	11.8568752223	6.9033511908
100	1800	0	-270.36	-2.602515974	12.2605690359	7.1908420134
200	1800	0	-270.36	-3.7786803112	12.3809677009	6.9302199998
300	1800	0	-269.44	-3.3072965182	12.1868896786	6.6714318767
400	1800	0	-269.44	-2.2387870239	13.1279205978	-0.3375031066
500	1800	0	-269.44	-1.6360620187	13.0663982096	-2.7660881861
600	1800	0	-269.34	1.1637414987	13.1286339803	-4.4574554553
700	1800	0	-269.34	4.3173008487	13.4934917129	-4.9998836497
800	1800	0	-269.34	7.979506772	11.9428307685	-3.6532056525
900	1800	0	-271.31	10.25470108	12.1762804765	-3.6587771983
1000	1800	0	-271.31	11.227789784	11.9178016656	2.5314284849
1100	1800	0	-271.31	13.7809584691	8.9175570153	10.6049998466
1200	1800	0	-274.5	14.667436923	8.6707044464	15.591235268
1300	1800	0	-274.5	13.787884306	8.721171379	17.5948585564
1400	1800	0	-274.5	14.4727056172	6.4781310745	21.4076420351
1500	1800	0	-277.48	14.3458360118	4.7931532402	23.7809080152
1600	1800	0	-277.48	12.0184934196	3.5358684788	24.2821387337
1700	1800	0	-277.48	12.0723447969	3.1794360632	27.6618484164
1800	1800	0	-280.23	14.3115073156	2.3411457647	30.0029902616
1900	1800	0	-280.23	14.2256089338	2.2982989096	29.4696651227
2000	1800	0	-282.92	12.1302462103	2.6018500074	29.448110412
2100	1800	0	-282.92	12.5345216241	1.9321276152	31.991769834
2200	1800	0	-282.92	15.3176438232	2.0783978143	32.4197524273
2300	1800	0	-286.03	15.5634733691	3.5910991382	33.0799982591
2400	1800	0	-286.03	14.8341233487	3.965195742	38.1145475078
2500	1800	0	-286.03	16.1385146175	1.4752638612	43.1091850173
2600	1800	0	-289.6	16.3868022996	1.2840042274	45.1578582079
2700	1800	0	-289.6	15.0337726287	1.1176499609	52.9310213413
2800	1800	0	-289.6	14.6762272024	-2.3398544938	62.9820998068
2900	1800	0	-292.57	12.2420323067	-2.8718282829	69.699177477
3000	1800	0	-292.57	7.7637203946	-2.903965523	71.983708369
3100	1800	0	-292.57	3.5472843877	-4.6598523651	74.610479348
3200	1800	0	-292.93	-1.1089907067	-4.9127223983	75.860145325
3300	1800	0	-292.93	-4.1098365011	-4.3267422006	75.864138927
3400	1800	0	-292.93	-8.8127718762	-4.4770237098	69.423395427
3500	1800	0	-290.67	-14.8524472055	-2.3584484477	62.2974936259
3600	1800	0	-290.67	-16.7970259466	-1.3708431016	65.0520682841
3700	1800	0	-287.74	-11.0570370814	-2.57962529	58.1694390409
3800	1800	0	-287.74	-10.3872595214	0.139112435	43.5496630235
3900	1800	0	-287.74	-14.6716233242	1.2473861144	44.2591864307
4000	1800	0	-285.66	0	-0.7471617627	45.4942557743
0	1900	0	-271.09	0	9.969020785	11.7490019728
100	1900	0	-271.09	-1.9681932998	10.6838524682	12.3732351103
200	1900	0	-270.74	-3.1025492149	11.275701015	10.7269750082
300	1900	0	-270.74	-2.473837583	12.1289642055	11.1400083672
400	1900	0	-270.74	-2.2282781141	12.4088560489	5.4895974166
500	1900	0	-270.05	-1.7967687882	12.9347367106	1.6661566566
600	1900	0	-270.05	1.632842595	12.8763315242	0.6963928075
700	1900	0	-270.93	3.8469556361	12.8263613899	0.2701341108
800	1900	0	-270.93	6.6449023691	11.6254948562	2.5982332536
900	1900	0	-270.93	10.2900266022	10.7516949865	2.7173336261
1000	1900	0	-273.32	10.2078812388	10.1534915031	4.8898825807
1100	1900	0	-273.32	11.4740944805	8.0052505237	12.5038310413
1200	1900	0	-273.32	14.6714108069	6.8647167262	16.4564076616
1300	1900	0	-276.2	14.0163233386	7.5461401257	16.4472554817
1400	1900	0	-276.2	12.3259923383	7.7820982802	20.0562131885
1500	1900	0	-276.2	12.5039972147	5.7982513818	23.0077271844
1600	1900	0	-278.83	11.9755270767	4.458028714	23.2341915126
1700	1900	0	-278.83	11.3040605003	5.0710226551	26.1954692979
1800	1900	0	-278.83	12.6523749256	3.5741837219	29.5252221458
1900	1900	0	-281.4	13.0999082596	1.4297642349	30.3826405423
2000	1900	0	-281.4	11.4793220818	0.6506841144	30.1098910999
2100	1900	0	-281.4	12.4658150336	0.5467224589	32.4439653362
2200	1900	0	-284.2	15.7490365892	-0.6231146462	33.5223857117
2300	1900	0	-284.2	16.4438630908	-1.3875897985	32.5125546901
2400	1900	0	-287.41	14.1443126815	-1.8560810273	35.4170490575
2500	1900	0	-287.41	14.1168590295	-3.7165324981	42.2628822491
2600	1900	0	-287.41	16.0123507164	-4.8725411784	45.8297156958
2700	1900	0	-290.76	13.9014021916	-5.3276682053	50.5315777912
2800	1900	0	-290.76	12.2729474199	-7.0716786274	60.6439085545
2900	1900	0	-290.76	11.6828162305	-7.2793905333	67.110833075
3000	1900	0	-292.58	7.5880205125	-7.6329563606	68.709845226
3100	1900	0	-292.58	2.6388842306	-8.2603563335	72.498388768
3200	1900	0	-292.58	-1.6501300824	-8.6307650295	74.548107976
3300	1900	0	-291.84	-4.665258709	-8.4264175956	74.579818808
3400	1900	0	-291.84	-7.2577105259	-10.0042601921	69.018092796
3500	1900	0	-291.84	-12.2734670719	-7.3478530428	62.5997383711
3600	1900	0	-289.25	-15.0682314121	-3.6718105944	64.5942757091
3700	1900	0	-289.25	-9.5200548369	-2.4129769605	56.3273782326
3800	1900	0	-289.25	-10.125611912	-3.483089202	43.7332328931
3900	1900	0	-286.71	-14.1714402244	-0.0250326204	39.2913805586
4000	1900	0	-286.71	0	0.0707758989	43.7920199795
0	2000	0	-271.92	0	9.4004410099	14.0187544336
100	2000	0	-271.92	-1.295835744	9.1693621304	15.3773399924
200	2000	0	-271.92	-2.3335685739	9.8065730942	13.5218774019
300	2000	0	-271.39	-2.1741414843	10.914095047	13.8796204514
400	2000	0	-271.39	-1.4330145188	10.8910257477	8.4544001925
500	2000	0	-271.39	-1.1685865434	12.0700844849	5.1979229398
600	2000	0	-271.14	1.0553661847	12.3956169896	4.9070183466
700	2000	0	-271.14	3.0664641874	12.0961799732	5.1733338058
800	2000	0	-271.14	5.9048403686	11.7236107483	7.3519489538
900	2000	0	-272.64	8.7826977202	9.9896628753	8.3641119037
1000	2000	0	-272.64	8.4813453145	8.5731968607	8.733580047
1100	2000	0	-272.64	10.4921836989	7.8300278156	13.9820307889
1200	2000	0	-275.13	14.208326525	5.7164230021	18.0009809726
1300	2000	0	-275.13	14.7052658667	4.6795933657	18.4320712738
1400	2000	0	-277.59	12.7248168733	5.3311613441	19.1063304906
1500	2000	0	-277.59	11.0217664389	5.7156288176	21.8139450699
1600	2000	0	-277.59	11.2912646929	4.289176051	23.0983796986
1700	2000	0	-280.1	11.1884998115	3.588907796	23.9686453786
1800	2000	0	-280.1	10.6702489021	3.2242032991	26.5770008381
1900	2000	0	-280.1	11.3021093263	1.1084824715	28.3366885031
2000	2000	0	-282.52	11.2472044276	-0.2989046344	28.1526664103
2100	2000	0	-282.52	11.2607228635	0.1865538285	30.2413110237
2200	2000	0	-282.52	13.3833315658	-1.6463740356	32.0199366072
2300	2000	0	-285.25	14.330506988	-4.4846839136	31.6172919399
2400	2000	0	-285.25	12.5051806491	-5.9746316288	35.129297089
2500	2000	0	-285.25	13.1220544664	-6.636181227	42.63331538
2600	2000	0	-288.31	14.7756665924	-8.6097133749	48.7731810621
2700	2000	0	-288.31	12.8346351797	-9.8350880195	53.0922805392
2800	2000	0	-288.31	12.7245048677	-9.6053678196	58.7736179595
2900	2000	0	-291.03	11.6807545802	-9.7510336318	63.7352290719
3000	2000	0	-291.03	6.7827545944	-11.7238515664	66.8496098637
3100	2000	0	-291.71	2.5494757121	-12.2555076951	69.021690294
3200	2000	0	-291.71	-1.2750519621	-12.0995650946	70.230996007
3300	2000	0	-291.71	-5.483331657	-10.964627921	69.801448421
3400	2000	0	-290.11	-7.7342073234	-11.1496051859	67.965187327
3500	2000	0	-290.11	-8.5199976078	-11.4985533598	61.211306798
3600	2000	0	-290.11	-11.8621498576	-7.2292404102	58.027445157
3700	2000	0	-287.68	-10.868315689	-3.7822557863	55.7406651353
3800	2000	0	-287.68	-7.999315188	-7.5069241882	45.1192572366
3900	2000	0	-287.68	-11.1177582233	-3.0220010913	38.4100596776
4000	2000	0	-285.64	0	-0.0084057195	43.9813483919
0	2100	0	-272.44	0	10.1122186589	14.7094159204
100	2100	0	-272.14	-1.5620612155	10.2450847308	15.9555188307
200	2100	0	-272.14	-1.3578162983	9.9811502506	13.424295942
300	2100	0	-272.14	-1.3893849295	11.277347339	12.7240428759
400	2100	0	-271.98	-1.0722886829	10.9664081646	10.3457611351
500	2100	0	-271.98	-0.2921775396	11.3140136719	7.4604051569
600	2100	0	-271.98	1.65893809	11.9626876121	6.454719968
700	2100	0	-272.58	3.1749493948	11.7407636193	6.0444568379
800	2100	0	-272.58	4.5383852645	12.062495415	7.7638198159
900	2100	0	-272.58	7.1396127079	10.2368231082	9.1179725408
1000	2100	0	-274.17	8.0482461791	8.7728693361	8.9553047751
1100	2100	0	-274.17	8.6173206286	9.1573914146	13.3301191608
1200	2100	0	-274.17	11.5209763637	6.3693331647	18.2968735014
1300	2100	0	-276.5	13.6310616806	3.2183947542	21.0675122605
1400	2100	0	-276.5	13.3620277902	1.9429137844	21.0771526359
1500	2100	0	-278.8	11.4620119216	2.1613679879	20.9537288137
1600	2100	0	-278.8	9.8488060484	2.0381933588	22.8761033997
1700	2100	0	-278.8	10.2390877484	0.0784573417	24.1091566664
1800	2100	0	-281.04	10.1719496078	-0.5468411695	24.8349486652
1900	2100	0	-281.04	9.5768003261	-1.090606436	27.3397610718
2000	2100	0	-281.04	10.5573934388	-2.980492521	28.7107297247
2100	2100	0	-283.38	11.1183456391	-2.9372074055	29.4905835344
2200	2100	0	-283.38	11.0777988471	-2.6496466282	31.9385664539
2300	2100	0	-283.38	12.1156054976	-4.6844908379	33.4082277684
2400	2100	0	-285.95	11.9928153681	-6.2851181981	35.3214292906
2500	2100	0	-285.95	11.4817772834	-5.9406852212	41.4099725841
2600	2100	0	-285.95	12.8134439239	-8.3156460802	48.704763992
2700	2100	0	-288.72	12.9057477402	-10.7223990422	54.2870384953
2800	2100	0	-288.72	12.3570018143	-11.0192169281	56.7214238586
2900	2100	0	-290.66	9.5643324837	-13.7388680976	59.9610341963
3000	2100	0	-290.66	5.0835464425	-15.8323385736	65.5142943764
3100	2100	0	-290.66	2.2631707024	-15.6735435955	67.626132956
3200	2100	0	-290.6	-0.359250315	-15.0629856002	67.458001883
3300	2100	0	-290.6	-3.7152988003	-13.863201217	64.7974913254
3400	2100	0	-290.6	-7.7916359647	-12.0124076086	63.0951529201
3500	2100	0	-288.84	-8.3531022895	-11.8304617453	61.0142458017
3600	2100	0	-288.84	-7.3519338319	-11.4414822774	53.2936103132
3700	2100	0	-288.84	-9.7977386216	-6.0558971281	49.6625004165
3800	2100	0	-286.88	-9.3653572237	-6.6921121436	48.0482021016
3900	2100	0	-286.88	-6.672921749	-7.7865143775	39.5261219395
4000	2100	0	-286.88	0	-3.3744615928	38.9790823562
0	2200	0	-273.47	0	10.1119597776	17.0273906798
100	2200	0	-273.47	-1.4269041456	10.976611809	17.4776605551
200	2200	0	-273.15	-1.301305959	11.1276714294	16.9138630792
300	2200	0	-273.15	-1.1888835703	11.5790135526	15.1569701651
400	2200	0	-273.15	-1.3963481926	10.6948788391	14.5445536769
500	2200	0	-272.96	-0.1723071026	10.7470055627	13.6137223955
600	2200	0	-272.96	1.4821161254	11.4082106737	12.2825140953
700	2200	0	-272.96	3.1662719903	10.8335319422	11.9030895309
800	2200	0	-273.67	4.4008998575	10.8054013758	12.3203581609
900	2200	0	-273.67	5.493071648	11.0064130137	14.4113150381
1000	2200	0	-273.67	7.4019136276	9.3305486266	15.0903469262
1100	2200	0	-275.41	8.0886475208	8.509329439	16.3621519142
1200	2200	0	-275.41	8.2693298579	7.6187250648	20.8651582173
1300	2200	0	-275.41	10.2788464864	4.3536679663	24.9222605259
1400	2200	0	-277.44	11.6677901003	0.9848574014	26.2307382654
1500	2200	0	-277.44	11.1170460133	-1.1872863104	25.3788736128
1600	2200	0	-279.55	9.2083540467	-2.2628331966	26.1753617403
1700	2200	0	-279.55	8.6034652765	-3.663177564	28.5923339108
1800	2200	0	-279.55	9.5011851244	-4.4899509846	28.9506413817
1900	2200	0	-281.44	8.8684579681	-4.9108213537	30.3928705378
2000	2200	0	-281.44	9.4006034581	-5.8761102527	33.2558144599
2100	2200	0	-281.44	11.591568763	-5.9626670703	33.9078235395
2200	2200	0	-283.71	11.6360481334	-4.7968981449	34.0552124175
2300	2200	0	-283.71	10.6950354181	-3.9385562673	36.1639406092
2400	2200	0	-283.71	11.2489862725	-5.4503845008	37.9459074358
2500	2200	0	-286.19	11.0915265776	-6.3916139544	40.1075210993
2600	2200	0	-286.19	9.9939527714	-6.9212571284	45.5256316733
2700	2200	0	-286.19	10.1310643318	-9.6080601409	50.093911574
2800	2200	0	-288.01	9.7080358123	-12.0312137783	51.5465564362
2900	2200	0	-288.01	6.8676329347	-14.4197832016	56.0298582403
3000	2200	0	-288.01	4.8480790965	-15.2587790503	61.0774227884
3100	2200	0	-289.17	3.3188286855	-15.6710075718	62.5493981489
3200	2200	0	-289.17	0.5352904164	-15.3276094769	62.0290320294
3300	2200	0	-289.17	-2.4327536654	-14.768050756	59.5055793652
3400	2200	0	-288.63	-5.7014678517	-13.0308124661	55.5882486443
3500	2200	0	-288.63	-7.9490722766	-11.2234777377	54.1977848473
3600	2200	0	-287.15	-6.0875852471	-10.5959260098	52.1695178199
3700	2200	0	-287.15	-6.1189455552	-8.0237358036	44.2474765258
3800	2200	0	-287.15	-9.7299324374	-6.6617002473	43.1591464148
3900	2200	0	-285.56	-7.8001076725	-7.1245312022	43.0329577036
4000	2200	0	-285.56	0	-8.2157560951	37.9449270181
0	2300	0	-274.1	0	8.4611256123	20.0505270727
100	2300	0	-274.1	-0.5463495637	8.8881284981	20.0682923237
200	2300	0	-274.1	-0.7554145547	9.585148908	19.9083828207
300	2300	0	-274.1	-1.8221775131	9.6601033959	18.9012274977
400	2300	0	-273.54	-1.9042966728	9.9280906793	18.7469578336
500	2300	0	-273.54	0.421154295	10.1300298853	18.7608569702
600	2300	0	-273.86	1.7454644695	10.3599605121	17.9605571591
700	2300	0	-273.86	2.5721400969	10.4777824509	18.5214541715
800	2300	0	-273.86	4.711266336	9.4473874677	19.1294808867
900	2300	0	-275.08	5.6647599654	9.3400085978	19.0843874211
1000	2300	0	-275.08	5.5511626044	9.0493172991	20.6407585075
1100	2300	0	-275.08	6.9054970601	6.8271824485	21.8186712834
1200	2300	0	-276.56	7.365314891	6.2086332627	23.1426027605
1300	2300	0	-276.56	6.9971940105	5.8259444382	26.6462028467
1400	2300	0	-276.56	7.8210735202	3.1318728771	28.7867472346
1500	2300	0	-277.85	8.2143213236	0.3739740876	28.9488925142
1600	2300	0	-277.85	7.3729147948	-0.9009716125	30.9634421291
1700	2300	0	-277.85	8.0119699604	-1.3937885179	33.0541714274
1800	2300	0	-279.71	8.9243058181	-2.4763416276	33.2187917004
1900	2300	0	-279.71	8.190641058	-2.9626041106	35.3166333703
2000	2300	0	-279.71	9.5055477222	-3.3596792153	37.7723348171
2100	2300	0	-281.89	12.1975577402	-4.6927795419	38.4864238857
2200	2300	0	-281.89	13.1019096434	-5.4163406953	37.2614057883
2300	2300	0	-284.38	11.4621191484	-5.1273038946	36.4690816773
2400	2300	0	-284.38	9.539757681	-5.4664034705	38.6914879851
2500	2300	0	-284.38	10.0109046558	-7.9210376207	40.4261120355
2600	2300	0	-286.57	9.5969977441	-8.8803930466	41.7967934929
2700	2300	0	-286.57	7.7957910903	-9.2274101197	45.3970671555
2800	2300	0	-286.57	7.5452787536	-11.706566625	47.5399944252
2900	2300	0	-288.1	6.336767205	-13.3620221086	49.0910790508
3000	2300	0	-288.1	3.8323220723	-13.2561247561	52.5702791708
3100	2300	0	-288.1	2.1943402825	-14.5899231557	54.259069017
3200	2300	0	-288.32	0.5437065008	-15.0590014653	53.8853330608
3300	2300	0	-288.32	-1.4185017895	-15.1233698527	52.233431954
3400	2300	0	-288.32	-4.2470629397	-13.866834627	49.2895242135
3500	2300	0	-287.38	-5.9182158332	-11.737610405	46.4691014796
3600	2300	0	-287.38	-4.1521918911	-10.3575053172	46.5208961512
3700	2300	0	-287.38	-5.8635128658	-10.2070103661	41.8764440845
3800	2300	0	-285.99	-8.466152629	-7.8253946115	38.6368119651
3900	2300	0	-285.99	-8.2269775968	-6.8037323815	39.3871844817
4000	2300	0	-284.8	0	-7.1659813217	40.7331478904
0	2400	0	-274.74	0	5.8660449834	19.5250123181
100	2400	0	-274.74	-0.3028808566	5.9412231642	19.2144639279
200	2400	0	-274.68	-0.5293310612	6.1454575624	19.2469629412
300	2400	0	-274.68	-0.845941799	6.0256101064	18.3898542053
400	2400	0	-274.68	-0.9264217032	7.4374370075	18.2581755677
500	2400	0	-274.55	0.2595627235	7.8975996807	18.8983136811
600	2400	0	-274.55	1.8298686977	7.6356382165	18.7531135457
700	2400	0	-275.01	2.2536989459	7.3915576654	18.9704653245
800	2400	0	-275.01	3.2631260044	6.5914092475	21.5296136725
900	2400	0	-275.01	5.0950014794	5.6260045792	21.9881815313
1000	2400	0	-276.07	4.889087485	4.958455064	22.3246861905
1100	2400	0	-276.07	5.2479634844	3.7121509728	25.2841779032
1200	2400	0	-276.07	7.2680918476	3.1198346052	26.2722665203
1300	2400	0	-277.55	7.2020861075	3.6169073171	26.624121516
1400	2400	0	-277.55	6.2158197497	3.8650956851	28.8304204409
1500	2400	0	-277.55	7.0842015237	2.3351450169	30.0663041561
1600	2400	0	-279.09	7.4405914412	1.9894586308	30.4965986648
1700	2400	0	-279.09	7.0280952681	2.7587548016	32.4961125819
1800	2400	0	-279.09	7.9323695317	1.0877790427	34.3470481767
1900	2400	0	-280.84	7.9851203804	-0.0285082454	35.9192311894
2000	2400	0	-280.84	7.6704280201	-0.2014795123	36.7367885188
2100	2400	0	-280.84	9.534907283	-2.8407923285	37.5614286929
2200	2400	0	-282.65	11.2015237807	-5.5738006984	37.1070390412
2300	2400	0	-282.65	10.6449726429	-7.6600593413	35.5714159319
2400	2400	0	-284.46	8.4552525397	-9.2685467529	36.2058158236
2500	2400	0	-284.46	7.6775370015	-10.8592364587	39.272233446
2600	2400	0	-284.46	8.6875802791	-12.2560715872	40.1958883373
2700	2400	0	-286.26	7.3048907534	-13.2052425843	40.5398542907
2800	2400	0	-286.26	5.5734238234	-14.5974641933	43.2161314491
2900	2400	0	-286.26	5.3180747969	-15.7100715466	44.2259019965
3000	2400	0	-287.14	3.6201780494	-16.1199520866	44.5990449692
3100	2400	0	-287.14	1.5159519763	-16.6519338688	46.0053109373
3200	2400	0	-287.14	0.0018437194	-16.4504843591	46.4377321198
3300	2400	0	-286.92	-1.2405868271	-16.1932515003	46.0212479325
3400	2400	0	-286.92	-2.315708404	-16.0253950201	43.9831206826
3500	2400	0	-286.92	-4.4397429601	-13.6370885986	42.4046859468
3600	2400	0	-286	-4.5569852149	-12.1753933295	43.7033386522
3700	2400	0	-286	-3.5868348562	-13.7993559589	40.1865815482
3800	2400	0	-286	-6.3266544461	-10.0125026326	37.3238187472
3900	2400	0	-284.87	-7.1406943827	-8.7550764208	37.0476202788
4000	2400	0	-284.87	0	-8.1506166583	39.1886859468
0	2500	0	-274.98	0	3.2173207777	22.595119664
100	2500	0	-274.98	-0.2669369847	3.205906785	21.6282365469
200	2500	0	-274.98	-0.6710276192	2.9715931857	21.7155785509
300	2500	0	-274.85	-0.530198068	3.3184498474	21.7648369978
400	2500	0	-274.85	-0.0323070985	3.9942490391	21.4099912159
500	2500	0	-274.85	0.619355504	4.7855916001	21.7160672489
600	2500	0	-274.97	1.2394224542	5.028994138	21.89087114
700	2500	0	-274.97	1.5279111279	4.7173002019	21.939795813
800	2500	0	-274.97	2.9457132498	4.3537019152	23.4138995089
900	2500	0	-275.66	4.0318057819	3.6683125445	24.5886628828
1000	2500	0	-275.66	3.637308998	3.0031959735	24.8614362911
1100	2500	0	-275.66	5.0668766013	2.4629858409	26.7860869073
1200	2500	0	-276.76	7.2700712353	1.5505078829	28.398569214
1300	2500	0	-276.76	7.7424550971	1.2376694461	28.160829898
1400	2500	0	-278.15	6.53931122	0.8623521425	28.2170653564
1500	2500	0	-278.15	6.3386842693	0.3561820768	30.5376352536
1600	2500	0	-278.15	7.7965245728	0.5242707924	30.7774924664
1700	2500	0	-279.83	7.1102903723	0.5735792213	30.3851467443
1800	2500	0	-279.83	6.1370427644	-0.7042023275	32.3451970986
1900	2500	0	-279.83	6.901382503	-2.3314009966	33.3492305968
2000	2500	0	-281.3	6.6932636391	-3.2600152212	33.1895054041
2100	2500	0	-281.3	6.8252365541	-4.5099619081	34.9745093876
2200	2500	0	-281.3	8.2826426306	-6.0388329651	35.3806636288
2300	2500	0	-282.84	7.7673730939	-8.5298629558	34.5834010483
2400	2500	0	-282.84	6.3405805636	-11.041735742	36.663330764
2500	2500	0	-282.84	7.0233798215	-11.3075956213	39.4256544814
2600	2500	0	-284.25	7.2509916185	-12.2166847394	40.6548861619
2700	2500	0	-284.25	5.4543984909	-13.4132001591	40.7331621279
2800	2500	0	-284.25	5.0404497913	-14.1215821878	42.1744538602
2900	2500	0	-285.36	4.8142793117	-15.2773883539	43.0048349293
3000	2500	0	-285.36	2.8904597501	-15.9515510304	42.9818095083
3100	2500	0	-285.36	1.8638080033	-15.7854961065	43.7397380638
3200	2500	0	-285.75	1.0023888693	-15.4496825255	44.0704469416
3300	2500	0	-285.75	-0.9934124572	-14.1923849604	43.9834567211
3400	2500	0	-285.3	-1.690900038	-13.2577829257	43.8146877947
3500	2500	0	-285.3	-2.0682141426	-11.9262645897	41.8311430864
3600	2500	0	-285.3	-4.3144592514	-9.7778557016	41.6740522667
3700	2500	0	-284.41	-3.7006221689	-9.3971321412	42.4434342042
3800	2500	0	-284.41	-3.4218730909	-8.0537212583	38.3852461539
3900	2500	0	-284.41	-6.3650916225	-8.2240883759	38.1890738389
4000	2500	0	-283.52	0	-7.1567137477	41.7974450746
0	2600	0	-275.16	0	2.0182284107	28.4000800171
100	2600	0	-275.16	-0.5486084486	1.9992951621	27.9869547609
200	2600	0	-275.02	-0.4167879988	2.2502577991	28.2096153852
300	2600	0	-275.02	0.1767140544	3.7242992319	28.0357361544
400	2600	0	-275.02	0.5407200495	3.8796811764	27.9985210714
500	2600	0	-275.13	1.2943078291	4.3354395175	28.3706031259
600	2600	0	-275.13	1.7615772995	5.9142308005	28.0701475487
700	2600	0	-275.39	1.5784067231	6.2443844359	27.7560612235
800	2600	0	-275.39	2.214138347	6.3688043069	28.9941467463
900	2600	0	-275.39	3.7444955377	6.562227498	29.2305597504
1000	2600	0	-276.1	3.6837607747	6.3618680984	28.6632754538
1100	2600	0	-276.1	3.7952753938	6.3206978915	30.4737944577
1200	2600	0	-276.1	6.0427754528	4.2944923603	32.0983434242
1300	2600	0	-277.52	6.5139303604	1.8656167688	32.4886941275
1400	2600	0	-277.52	5.3343323871	-0.1012736892	32.4919466425
1500	2600	0	-277.52	6.7461201736	-1.0137055311	33.2517718005
1600	2600	0	-279.13	7.6579885857	-1.6807571827	32.8731122287
1700	2600	0	-279.13	5.7996221415	-1.4881063274	32.1657374713
1800	2600	0	-279.13	5.0273893138	-1.4200600219	33.3040707409
1900	2600	0	-279.99	5.4293074867	-1.8900000453	34.6654172022
2000	2600	0	-279.99	5.4918671153	-1.831824689	34.9674356884
2100	2600	0	-279.99	6.7560895458	-2.0290880253	35.9423936924
2200	2600	0	-281.6	7.181622733	-3.3626897397	36.6482677905
2300	2600	0	-281.6	5.642069866	-4.9088439291	36.9746592419
2400	2600	0	-281.6	5.6775198809	-6.1946590794	38.0912546764
2500	2600	0	-282.81	6.5025880041	-7.7038352318	39.5601643983
2600	2600	0	-282.81	6.5819757346	-9.8605220503	39.96659545
2700	2600	0	-283.93	5.3999933117	-10.7293397866	39.3734041629
2800	2600	0	-283.93	3.7092356286	-10.1991369214	41.1582624683
2900	2600	0	-283.93	3.488105961	-11.4071883207	42.2811503686
3000	2600	0	-284.51	3.1120702901	-11.8632280216	42.0649000765
3100	2600	0	-284.51	2.0178204745	-10.3228853988	43.1799675827
3200	2600	0	-284.51	1.5949548655	-10.2939772438	43.5127302785
3300	2600	0	-284.82	0.9513127727	-9.8737967134	42.4739943112
3400	2600	0	-284.82	-0.0495880333	-8.1150390017	41.8565785108
3500	2600	0	-284.82	-0.959815736	-7.4865818291	40.4096023846
3600	2600	0	-284.65	-2.0278527664	-6.5233577964	38.2960493353
3700	2600	0	-284.65	-1.8627004129	-5.5417801924	38.6056664925
3800	2600	0	-284.65	-5.1536106808	-5.3474220163	37.0539531188
3900	2600	0	-283.5	-6.2436868654	-3.7946084088	37.4711875855
4000	2600	0	-283.5	0	-2.6866087996	38.9768862637
0	2700	0	-275.02	0	8.0117387032	33.026817257
100	2700	0	-275.02	-0.0349075963	7.8752686276	32.2428999241
200	2700	0	-275.02	1.0539764506	8.2861428111	32.0702119131
300	2700	0	-275.31	1.0992253093	8.1904202729	30.9639434834
400	2700	0	-275.31	0.5788331938	7.249202149	30.9561488575
500	2700	0	-275.31	2.6539051281	6.720618513	30.7592613912
600	2700	0	-275.96	3.1483673726	6.5819681167	29.3700881549
700	2700	0	-275.96	1.9824846276	7.2629509979	28.7859369634
800	2700	0	-275.96	3.2635563119	7.3069498644	29.1380140708
900	2700	0	-276.74	4.0248695734	6.3940943413	29.1536458274
1000	2700	0	-276.74	3.3957793915	5.2712327854	28.7630003107
1100	2700	0	-277.22	2.9995008699	5.2709626012	29.1789923897
1200	2700	0	-277.22	2.8149901126	5.2888881698	31.2134256281
1300	2700	0	-277.22	3.3466890409	3.0371351049	32.2548968972
1400	2700	0	-277.75	3.6599889201	1.9511826229	32.5809856091
1500	2700	0	-277.75	4.7592007825	2.0894865756	34.1080727777
1600	2700	0	-277.75	7.3221237765	-0.0264121772	33.8296000546
1700	2700	0	-279.5	7.3709875264	-1.2855110909	31.8565136979
1800	2700	0	-279.5	5.7351490532	-0.608200071	32.4191466669
1900	2700	0	-279.5	6.4896178359	-1.071122032	32.6150974464
2000	2700	0	-281	6.5541756591	-1.3410505935	31.5012495546
2100	2700	0	-281	5.2943715034	-0.7793663713	32.7109941578
2200	2700	0	-281	5.4028867201	-2.3934762219	34.5587497517
2300	2700	0	-282.04	4.9354037542	-3.4502267003	35.9026449374
2400	2700	0	-282.04	3.5455892676	-3.0167188783	36.668074833
2500	2700	0	-282.04	3.3575168506	-4.2661602981	38.2367177265
2600	2700	0	-282.42	4.2254870704	-5.5460731102	40.219887007
2700	2700	0	-282.42	5.1157836265	-5.5488463474	40.1716435163
2800	2700	0	-283.3	4.3626012572	-4.8917602423	39.8013691218
2900	2700	0	-283.3	3.1501882115	-4.194667794	40.8593053327
3000	2700	0	-283.3	3.9747626653	-4.975915599	40.7031313209
3100	2700	0	-284.23	3.4330587878	-5.5797783714	39.407928077
3200	2700	0	-284.23	1.4514775547	-6.3412218608	39.4946094074
3300	2700	0	-284.23	1.1855257849	-7.1819530095	39.1942481595
3400	2700	0	-284.48	0.696314853	-7.4369626073	37.9381744499
3500	2700	0	-284.48	-0.4765329373	-8.1323478018	35.7110132258
3600	2700	0	-284.48	-2.3696576147	-7.6779020041	34.7422927342
3700	2700	0	-283.97	-2.5246863888	-6.9173931379	35.9800988737
3800	2700	0	-283.97	-1.674701314	-7.7923519602	33.4783878502
3900	2700	0	-283.97	-3.7042784058	-3.7439357393	33.0512141345
4000	2700	0	-283.41	0	-2.4069009449	35.6211416368
0	2800	0	-276.47	0	7.8677040127	27.1430809638
100	2800	0	-276.44	-0.2742043407	7.6229666204	26.907540762
200	2800	0	-276.44	-0.1016363535	6.7455800598	26.5432135756
300	2800	0	-276.44	-0.8602266077	5.624968987	26.5408665723
400	2800	0	-276.21	-0.9290817171	5.5068589549	27.4466680138
500	2800	0	-276.21	0.6270737968	4.904749673	27.729931458
600	2800	0	-276.21	2.3039097844	2.9220493657	27.4005947201
700	2800	0	-276.68	2.3033884708	2.2515299415	26.3671681946
800	2800	0	-276.68	1.3452816837	2.087630957	27.3611996715
900	2800	0	-276.68	1.708778452	0.239917687	27.8409214939
1000	2800	0	-276.91	2.5606290413	-0.6598132262	27.9231543459
1100	2800	0	-276.91	3.8129307849	-0.447605091	28.8779918613
1200	2800	0	-277.67	3.8089479565	0.1115161333	29.2338012841
1300	2800	0	-277.67	3.1762248135	1.0002774983	30.9240148401
1400	2800	0	-277.67	4.3866838645	0.5858796575	31.096342103
1500	2800	0	-278.66	4.7685253735	0.5022280671	30.4017955475
1600	2800	0	-278.66	4.2829909192	0.1934793639	31.1989011805
1700	2800	0	-278.66	5.2178342544	-2.3749512713	31.0145517123
1800	2800	0	-279.71	5.241778366	-3.3405286053	30.5586417703
1900	2800	0	-279.71	4.6964569642	-2.9752249207	31.7352808762
2000	2800	0	-279.71	5.783622776	-4.53007837	31.8570462407
2100	2800	0	-280.94	5.7036639174	-5.119023579	31.1058412424
2200	2800	0	-280.94	4.5107623973	-4.4079049487	32.3333610126
2300	2800	0	-280.94	5.0188272096	-5.1506767977	32.8950978901
2400	2800	0	-281.99	4.8615862831	-5.1425161843	32.3202536887
2500	2800	0	-281.99	3.9732337655	-3.7012319493	33.6596769996
2600	2800	0	-281.99	5.2992896786	-3.615517516	34.1442325571
2700	2800	0	-283.12	6.0543061796	-4.0912413546	32.8268352416
2800	2800	0	-283.12	5.0634141887	-3.7180529894	33.1433689696
2900	2800	0	-283.8	3.4039506043	-3.6144883156	32.7505429915
3000	2800	0	-283.8	1.7269597127	-3.827912608	32.8326231572
3100	2800	0	-283.8	0.6525142194	-3.8676412496	34.0041027271
3200	2800	0	-283.71	-0.0072197793	-3.8202333628	34.9044853694
3300	2800	0	-283.71	-0.1444279738	-3.86807683	35.1066854332
3400	2800	0	-283.71	-0.9999828256	-4.4809846158	35.1088268939
3500	2800	0	-283.45	-1.2007551261	-4.6302334942	35.0811344673
3600	2800	0	-283.45	-0.8128981025	-4.6765754378	33.0417198057
3700	2800	0	-283.45	-1.9771503757	-2.9725668163	32.7570097511
3800	2800	0	-283.11	-1.9801532822	-2.6784661891	33.5657939665
3900	2800	0	-283.11	-0.8582358501	-3.9052541317	31.6634498479
4000	2800	0	-283.11	0	-1.5252581892	31.6738723411
0	2900	0	-276.4	0	3.4641254148	27.883211981
100	2900	0	-276.4	-1.1570315492	-0.0104924948	25.9035213807
200	2900	0	-276.23	-0.9440211895	-0.0299734751	26.7216369541
300	2900	0	-276.23	-0.1394957956	0.3857420078	27.2053946622
400	2900	0	-276.23	-0.1413861135	1.3394725559	27.372249546
500	2900	0	-276.21	0.0690955389	1.7700719213	27.8264355646
600	2900	0	-276.21	0.4951476344	2.5853496293	29.2423719643
700	2900	0	-276.21	1.1480662189	1.4394211057	29.4831815419
800	2900	0	-276.42	1.2519440574	1.3306925811	29.5332590303
900	2900	0	-276.42	1.2774253969	2.1758015031	30.997074233
1000	2900	0	-276.42	2.7082566135	1.7677759988	31.1616326248
1100	2900	0	-276.96	3.7708302227	0.8788129504	30.4431028163
1200	2900	0	-276.96	4.2628726952	-0.1964658822	30.7699649628
1300	2900	0	-277.72	3.8210525651	-0.9014086334	29.6995172188
1400	2900	0	-277.72	3.1619394822	-1.1585791554	29.1844953945
1500	2900	0	-277.72	4.3668004889	-1.0094142079	28.8382814437
1600	2900	0	-278.61	4.4449444448	-0.5400717374	27.4694926425
1700	2900	0	-278.61	3.8369795639	-0.0753475166	27.7942996913
1800	2900	0	-278.61	5.1348754038	-1.3573571272	29.8551049605
1900	2900	0	-279.71	5.3000680712	-1.3868738633	31.1070437249
2000	2900	0	-279.71	4.4103770008	-0.1190924464	33.7841900944
2100	2900	0	-279.71	5.4165449247	-1.0816569646	34.5052886293
2200	2900	0	-280.84	5.3712335014	-1.1038378439	33.991004743
2300	2900	0	-280.84	4.2007925186	0.4102494889	35.5711249576
2400	2900	0	-280.84	4.9950341093	-0.2843242887	35.9616168232
2500	2900	0	-281.87	4.8845155189	-0.5292960202	35.2200465187
2600	2900	0	-281.87	3.8354776584	0.1938994673	36.618795931
2700	2900	0	-281.87	5.0132481531	-1.630644124	36.7097729597
2800	2900	0	-282.89	4.8393542962	-3.2005876818	35.2558954918
2900	2900	0	-282.89	3.0403285929	-3.4915550741	36.0483832034
3000	2900	0	-282.89	3.7216097313	-3.674314639	36.0113925369
3100	2900	0	-283.66	3.440738033	-4.1176527948	34.3500401287
3200	2900	0	-283.66	1.4510419676	-3.9574866148	34.5546382699
3300	2900	0	-283.75	0.5247745319	-3.8322505833	34.5204818039
3400	2900	0	-283.75	-0.0658418112	-3.4917269693	34.2233063993
3500	2900	0	-283.75	-0.6721237526	-2.5851509542	33.3495826014
3600	2900	0	-283.63	-0.7119909368	-2.4550438753	33.0400900642
3700	2900	0	-283.63	-0.5265771401	-3.1106134354	31.1152434663
3800	2900	0	-283.63	-2.6073886294	-1.7882663475	30.9966178558
3900	2900	0	-283.19	-2.5510704059	-1.42682329	32.9947531139
4000	2900	0	-283.19	0	-3.4785830969	31.2308023595
0	3000	0	-276.83	0	0	30.418
100	3000	0	-276.26	-3.7683032306	0	34.0857954787
200	3000	0	-276.26	0.2945981491	0	34.7375166258
300	3000	0	-276.34	0.5092194166	0	34.3655651208
400	3000	0	-276.34	0.4552481964	0	34.3004360355
500	3000	0	-276.34	1.8729508702	0	34.0593807019
600	3000	0	-276.69	1.9732589688	0	32.9535847294
700	3000	0	-276.69	1.0487314226	0	33.8237146138
800	3000	0	-276.69	2.0816620878	0	33.7246587452
900	3000	0	-277.1	2.1458618697	0	32.8055302935
1000	3000	0	-277.1	1.2636404819	0	33.5354425042
1100	3000	0	-277.1	1.8486889039	0	33.6140906686
1200	3000	0	-277.47	2.0287263727	0	33.3244667134
1300	3000	0	-277.47	2.2141115403	0	34.3797611009
1400	3000	0	-277.47	4.27867829	0	34.0369514536
1500	3000	0	-278.33	5.3870327915	0	32.3727803353
1600	3000	0	-278.33	5.2170576105	0	31.910895407
1700	3000	0	-279.14	4.4005488579	0	30.5657928679
1800	3000	0	-279.14	3.930252026	0	30.4939783484
1900	3000	0	-279.14	5.934721645	0	30.9733750265
2000	3000	0	-280.41	6.0888396747	0	29.0165375098
2100	3000	0	-280.41	4.7189185199	0	28.4987659921
2200	3000	0	-280.41	6.0026688575	0	29.3591787325
2300	3000	0	-281.65	5.8383407648	0	28.7462875895
2400	3000	0	-281.65	3.922040774	0	29.9169374984
2500	3000	0	-281.65	4.4514575215	0	30.0612670894
2600	3000	0	-282.53	4.1979415815	0	29.1550908164
2700	3000	0	-282.53	2.6598190238	0	30.7172835194
2800	3000	0	-282.53	3.2025032386	0	31.1166872359
2900	3000	0	-283.15	2.9302236471	0	30.0042669868
3000	3000	0	-283.15	1.100861992	0	30.6406680412
3100	3000	0	-283.15	0.3693422369	0	31.0703845007
3200	3000	0	-283.19	0.2781824322	0	31.0430340756
3300	3000	0	-283.19	0.3213316717	0	31.049009149
3400	3000	0	-283.24	0.2471168035	0	30.8549160718
3500	3000	0	-283.24	-0.1640720388	0	30.5900398865
3600	3000	0	-283.24	-1.3383605837	0	29.7677293493
3700	3000	0	-283.01	-1.3103728479	0	30.4564446603
3800	3000	0	-283.01	-0.2963631368	0	28.8573028576
3900	3000	0	-283.01	-2.5485525995	0	28.7976956041
4000	3000	0	-282.63	0	0	31.222

