0	0	0	-280.38	0	0	19.698
100	0	0	-280.37	-0.0608061046	0	19.6356442792
200	0	0	-280.37	0.159590583	0	19.7151008187
300	0	0	-280.37	1.192585796	0	20.6183572987
400	0	0	-280.58	1.222522133	0	21.70532938
500	0	0	-280.58	0.1572305549	0	21.1919824954
600	0	0	-280.58	-0.1876839443	0	18.2446851579
700	0	0	-280.54	-0.1672965813	0	17.2758855125
800	0	0	-280.54	0.2690569451	0	16.9276482354
900	0	0	-280.54	1.0236948023	0	16.5026922599
1000	0	0	-280.75	1.2275925858	0	16.9088593852
1100	0	0	-280.75	1.5991281816	0	16.8624898912
1200	0	0	-280.75	3.7253805181	0	16.854510888
1300	0	0	-281.46	5.4805641416	0	18.7434223307
1400	0	0	-281.46	6.8133584323	0	20.3906106776
1500	0	0	-282.68	6.3567766009	0	21.8492950337
1600	0	0	-282.68	5.3285525517	0	22.014312811
1700	0	0	-282.68	7.7611509446	0	22.4694624035
1800	0	0	-284.33	7.7271908623	0	25.9136188502
1900	0	0	-284.33	5.0178107057	0	27.4916979031
2000	0	0	-284.33	5.14285233	0	27.6261993713
2100	0	0	-285.35	4.7755912806	0	29.3016207544
2200	0	0	-285.35	3.0580226765	0	29.5817190985
2300	0	0	-285.35	3.1166890088	0	28.453059242
2400	0	0	-285.96	2.8790590703	0	28.8481446544
2500	0	0	-285.96	1.831915541	0	28.7607375599
2600	0	0	-285.96	2.0169185004	0	27.7929841664
2700	0	0	-286.35	1.9900443515	0	28.0863929918
2800	0	0	-286.35	1.8396484063	0	28.2193788798
2900	0	0	-286.35	3.3748083245	0	28.2754269325
3000	0	0	-287.03	3.2737812489	0	30.0361135541
3100	0	0	-287.03	1.3493750688	0	30.4018933407
3200	0	0	-287.03	0.9952711377	0	29.30695977
3300	0	0	-287.2	0.5739074878	0	29.3976487858
3400	0	0	-287.2	-1.0188768457	0	29.1291066687
3500	0	0	-286.97	-1.2373394175	0	27.6105386439
3600	0	0	-286.97	-0.7830382058	0	27.28449643
3700	0	0	-286.97	-4.0375107515	0	27.2079145925
3800	0	0	-286.31	-3.8873851915	0	23.74944511
3900	0	0	-286.31	-0.367319929	0	23.4397505477
4000	0	0	-286.31	0	0	24.455
0	100	0	-280.84	0	1.6869531886	23.9782999647
100	100	0	-280.84	-2.344372679	0.7387735637	23.7887572662
200	100	0	-280.42	-2.373829966	0.5248692029	21.7339425072
300	100	0	-280.42	-0.1470375434	0.0304537847	21.5385349905
400	100	0	-280.42	0.1743453364	-0.9548236933	21.5278848581
500	100	0	-280.44	0.255278442	-0.960059616	21.5628213649
600	100	0	-280.44	0.9415322869	-0.2461028791	21.3902088428
700	100	0	-280.44	3.2652023545	0.3363405293	21.6424952591
800	100	0	-281.16	3.5561595427	1.1992313116	23.8307498713
900	100	0	-281.16	2.2128548548	2.5444240461	24.4478221359
1000	100	0	-281.16	3.4272661554	2.8424817134	24.5341461151
1100	100	0	-281.9	3.6805825426	3.424185147	26.1526078033
1200	100	0	-281.9	3.2971409128	3.8628411887	26.5799828942
1300	100	0	-281.9	5.580939401	2.4933299868	26.7321993634
1400	100	0	-283.05	6.8649516282	1.515343154	29.2039947797
1500	100	0	-283.05	6.2982592163	0.6659754708	30.9729358683
1600	100	0	-284	4.9112169887	0.6552140179	31.7675459188
1700	100	0	-284	3.5013419718	-0.5766795592	31.9902677208
1800	100	0	-284	3.9597473288	-4.3927830889	32.171934174
1900	100	0	-284.79	3.8133044171	-6.2466843851	32.0147694533
2000	100	0	-284.79	3.3634147065	-7.4056308814	31.2557380979
2100	100	0	-284.79	4.6007605091	-9.2769844113	30.8338085794
2200	100	0	-285.79	4.5249397313	-9.1274287265	32.2680254199
2300	100	0	-285.79	2.9154336182	-7.5263227451	32.7026711096
2400	100	0	-285.79	2.661820354	-7.2383252015	32.0924179509
2500	100	0	-286.26	2.5507982586	-5.7332381194	32.4631338754
2600	100	0	-286.26	1.9686203042	-2.3816139188	32.5215102719
2700	100	0	-286.26	2.2486252503	-1.1461540858	31.9362565284
2800	100	0	-286.68	2.1649886009	-0.0403942866	32.4020019967
2900	100	0	-286.68	1.326046178	1.7381971202	32.5220781706
3000	100	0	-286.68	1.0567329646	0.9256074254	31.8500549917
3100	100	0	-286.82	0.9292858058	0.6646244359	31.8116384982
3200	100	0	-286.82	0.7949132992	1.3530362637	31.7386227491
3300	100	0	-286.92	0.5202280794	1.1316306499	31.342559264
3400	100	0	-286.92	0.0453715625	1.1038425004	31.1653762565
3500	100	0	-286.92	-0.1213905397	1.971633455	30.9669536393
3600	100	0	-286.92	-0.3800370918	1.5246758654	30.5467168892
3700	100	0	-286.92	-0.4413797458	-2.0832614046	30.29778927
3800	100	0	-286.92	1.2377803445	0.7349194892	30.4178572163
3900	100	0	-287.19	1.5295065788	1.2688304627	31.8351109901
4000	100	0	-287.19	0	2.5873686408	32.0660398767
0	200	0	-280.77	0	-7.9551212778	26.3927743283
100	200	0	-280.57	-1.222890097	-7.8866885431	25.0204809849
200	200	0	-280.57	-0.548729196	-4.8090316439	24.7873985709
300	200	0	-280.49	-0.2871071069	-4.506339868	24.166778261
400	200	0	-280.49	0.2320087323	-3.9811937273	24.4940662997
500	200	0	-280.49	0.8659513758	-3.9161274813	24.6918219855
600	200	0	-280.68	1.1087161943	-3.7447007386	25.1720544752
700	200	0	-280.68	1.2780376094	-3.7713559382	25.1287466869
800	200	0	-280.68	2.4771404686	-5.7232262089	24.9131270591
900	200	0	-281.16	2.6669452041	-5.6103360262	25.8818699823
1000	200	0	-281.16	2.10735368	-4.2289055779	25.9118896137
1100	200	0	-281.16	2.6194876569	-4.9519330763	24.9402372691
1200	200	0	-281.65	2.7945253579	-4.9906901375	25.1151413252
1300	200	0	-281.65	3.1330661069	-4.9931767152	24.8639957849
1400	200	0	-281.65	4.9860039163	-7.0866713447	24.4725704418
1500	200	0	-282.68	5.4966474648	-8.2740843789	26.0476389368
1600	200	0	-282.68	4.0858975217	-8.4857713412	26.7711253517
1700	200	0	-283.11	2.7131538378	-8.0950463759	25.9332194389
1800	200	0	-283.11	2.0571860364	-7.4399381376	25.0995339432
1900	200	0	-283.11	2.0049629132	-5.9633171445	24.2333793899
2000	200	0	-283.25	2.1125523038	-3.9073005797	22.5473422655
2100	200	0	-283.25	3.0537934355	-1.9843979935	21.6735067585
2200	200	0	-283.25	4.808684336	-2.2215733638	21.9246840836
2300	200	0	-284.33	5.0057925338	-1.8079249716	22.4859109437
2400	200	0	-284.33	4.6721437027	-0.312751846	22.6628354116
2500	200	0	-284.33	6.6886268237	0.3786935877	23.42734261
2600	200	0	-285.95	6.6040025273	1.4336876611	26.3981179803
2700	200	0	-285.95	4.3312639837	2.938848872	27.7798104254
2800	200	0	-285.95	4.7239996056	3.3326376669	28.0978763831
2900	200	0	-286.98	4.3408100365	4.0829119012	30.0945617947
3000	200	0	-286.98	2.2002085713	5.5301600273	30.9234517654
3100	200	0	-286.98	1.7768039071	6.0290543553	30.6923898972
3200	200	0	-287.32	1.4622773517	6.2080877487	31.3753080667
3300	200	0	-287.32	0.3247137312	6.3206352398	31.6191147888
3400	200	0	-287.27	-0.1788740406	6.395467379	31.4260191272
3500	200	0	-287.27	-0.8165060525	6.5041255871	31.2649700078
3600	200	0	-287.27	-4.8379330654	6.6241583383	30.7032331571
3700	200	0	-286.21	-4.8272671277	6.1378651425	27.7361328172
3800	200	0	-286.21	-0.5352933309	5.4375810755	27.2610364805
3900	200	0	-286.21	1.4851292226	3.6216026235	27.7828452507
4000	200	0	-286.47	0	3.5906240278	29.3016428979
0	300	0	-279.36	0	-7.3187285515	20.5222726456
100	300	0	-279.36	0.8017169616	-6.1153220076	17.7917041075
200	300	0	-279.59	1.0065187091	-5.7197688749	18.8764633932
300	300	0	-279.59	0.6808003732	-5.6160159244	19.3052030329
400	300	0	-279.76	0.7645577298	-5.5653012191	22.3367855597
500	300	0	-279.76	0.491771424	-5.6545208177	22.9145313033
600	300	0	-279.76	1.0863038233	-6.3418679418	23.0757742135
700	300	0	-280	1.2866768909	-6.4805532183	23.159561968
800	300	0	-280	1.7171794547	-6.8329190689	22.9136085793
900	300	0	-280	3.7071754858	-7.8665462929	22.7243678766
1000	300	0	-280.89	4.0856691053	-7.3753827331	24.0690953631
1100	300	0	-280.89	2.918797983	-5.8021653275	24.0026170184
1200	300	0	-280.89	3.2558972739	-5.3964584051	22.6510232915
1300	300	0	-281.56	3.4849581938	-4.8667668169	22.8629035622
1400	300	0	-281.56	3.5840439645	-4.4403545897	23.1681821947
1500	300	0	-281.56	4.8991592198	-5.5217010495	23.7606488299
1600	300	0	-282.62	5.0902549984	-5.6529496007	25.2723629423
1700	300	0	-282.62	4.5471751687	-4.2760810953	25.4646517899
1800	300	0	-282.62	6.0914765535	-2.5434522245	24.8950489181
1900	300	0	-284.11	7.345941975	-0.806290395	26.4127887023
2000	300	0	-284.11	7.3423338642	1.4994610318	27.5881846232
2100	300	0	-285.51	6.286487725	3.5162013658	27.8289010842
2200	300	0	-285.51	4.7014127532	4.8041962137	27.1493481974
2300	300	0	-285.51	4.824255136	4.4041010371	26.0696001901
2400	300	0	-286.44	4.8484389133	4.9212244303	26.6655522792
2500	300	0	-286.44	4.2972377657	5.9400847471	27.2227412972
2600	300	0	-286.44	4.5287755818	4.3978445771	27.2428521177
2700	300	0	-287.21	4.1475752561	4.1984704393	28.2784698581
2800	300	0	-287.21	3.3090516301	5.3326857817	29.1000660614
2900	300	0	-287.21	3.5235685384	4.385430261	29.7413910396
3000	300	0	-287.86	3.0028754187	4.2958830659	31.1097069548
3100	300	0	-287.86	1.6072135272	5.2575316405	31.8977491494
3200	300	0	-287.86	1.0864941837	5.0663160525	32.4629250699
3300	300	0	-288.02	0.7076077164	5.0189110199	32.928486717
3400	300	0	-288.02	0.2288619098	5.3740385569	32.9643245748
3500	300	0	-288.02	0.1073004196	5.3625522846	32.6740610979
3600	300	0	-288.14	-0.7462975364	5.1736501999	32.8712013083
3700	300	0	-288.14	-1.6279570153	8.9764313692	33.0426344696
3800	300	0	-287.96	-1.2784821678	9.265275096	32.3868513336
3900	300	0	-287.96	-0.3174504689	7.0570778869	32.2403655486
4000	300	0	-287.96	0	4.6080119794	33.7688483607
0	400	0	-279.79	0	-5.1512112366	22.3625048363
100	400	0	-279.79	0.3760695796	-4.2821679515	22.0272929756
200	400	0	-279.79	-0.0494231128	-5.4138286241	23.5939861222
300	400	0	-279.77	-0.1326394511	-6.3301802943	23.688165771
400	400	0	-279.77	0.193503839	-7.2003950945	24.3800182565
500	400	0	-279.8	0.0893846531	-7.486235955	24.4359686433
600	400	0	-279.8	0.2826838004	-8.1265360074	24.06362821
700	400	0	-279.8	0.7869864823	-8.7211620124	22.9751253529
800	400	0	-279.95	1.091147394	-8.870091542	22.74659648
900	400	0	-279.95	2.1244815399	-9.4072898504	21.9016754997
1000	400	0	-279.95	4.1717346521	-10.6908607285	20.8642908487
1100	400	0	-280.89	4.5984119849	-10.081053428	21.701303283
1200	400	0	-280.89	3.7299238618	-8.0289289535	21.8550371146
1300	400	0	-280.89	4.0891699223	-7.3892730391	21.2928450123
1400	400	0	-281.72	4.3310696904	-6.5499416946	21.8192282879
1500	400	0	-281.72	4.2840524538	-5.3576640986	22.0886028264
1600	400	0	-281.72	5.3315174759	-5.2809551219	21.9344686698
1700	400	0	-282.79	5.822651214	-3.9488543214	22.9132867582
1800	400	0	-282.79	5.5269767367	-1.2550782571	23.5455375512
1900	400	0	-282.79	6.0478761695	-0.2003396949	23.7480548265
2000	400	0	-283.49	6.4350440646	0.9300058682	24.8739461425
2100	400	0	-283.49	6.3585286174	0.3815932539	25.6527638977
2200	400	0	-284.63	5.696584014	0.6111592935	25.7134797734
2300	400	0	-284.63	5.1228207437	1.7581119456	25.0460582885
2400	400	0	-284.63	6.208127406	1.7722272845	24.848470029
2500	400	0	-286.1	6.1652469705	2.2931630983	26.6520417359
2600	400	0	-286.1	4.8623882262	3.3950672284	27.3501687714
2700	400	0	-286.1	5.2661051883	3.4509542667	27.4385394197
2800	400	0	-287.29	4.9109594273	3.8820956085	29.0458121682
2900	400	0	-287.29	3.3040073207	4.6881370181	30.0098488104
3000	400	0	-287.29	3.0723099508	4.3432782428	30.2258542041
3100	400	0	-287.89	2.5472368937	4.4634891738	31.2183949377
3200	400	0	-287.89	1.2236567244	5.1362564815	31.7795122461
3300	400	0	-287.89	0.6324362356	5.1773150865	31.687183747
3400	400	0	-287.98	0.1647672241	5.192989837	31.7035568251
3500	400	0	-287.98	-1.0168944028	5.1717377318	31.5377937867
3600	400	0	-287.65	-1.2240539808	4.7092201359	30.9536762962
3700	400	0	-287.65	-0.7356422383	5.1761945852	30.9801042385
3800	400	0	-287.65	-2.4546468065	5.398617259	30.7338597817
3900	400	0	-287.13	-3.172133894	4.9522904074	29.6119389326
4000	400	0	-287.13	0	0.7051282474	29.16526951
0	500	0	-278.73	0	-8.119990362	21.975226619
100	500	0	-278.93	0.5390995741	-8.0867019748	22.8697650121
200	500	0	-278.93	-1.0414936337	-8.9074902519	23.1231511932
300	500	0	-278.69	-1.1057660972	-9.1199409405	22.8138950253
400	500	0	-278.69	-0.3914979376	-9.9443075	22.8242434567
500	500	0	-278.69	-0.4343694889	-10.2947141165	22.7500256271
600	500	0	-278.54	-0.1486222274	-10.2668359726	22.4051277439
700	500	0	-278.54	0.5431213563	-9.7774955632	22.0209987075
800	500	0	-278.54	1.0310516167	-9.2909254832	21.7410866435
900	500	0	-278.67	1.8864062993	-8.6425841243	20.7440547927
1000	500	0	-278.67	3.4119055277	-7.732956018	19.5890442918
1100	500	0	-278.67	5.580729758	-7.9507320207	18.9050901281
1200	500	0	-280.01	5.9476776695	-7.0240790335	20.0985384352
1300	500	0	-280.01	4.9639454594	-5.0880297676	20.3699729557
1400	500	0	-280.01	5.615652905	-4.2555244166	19.7212084248
1500	500	0	-281.22	6.1681457858	-2.8892894812	20.5271080959
1600	500	0	-281.22	6.4990647756	-0.718182849	21.138725589
1700	500	0	-281.22	8.5730520402	0.2034436374	21.7244042532
1800	500	0	-283.31	9.83999118	1.4426146607	24.3099100997
1900	500	0	-283.31	9.5310261003	3.2735793846	26.7627633229
2000	500	0	-285.04	7.924266813	4.0860473404	28.6670307301
2100	500	0	-285.04	5.9676411503	4.3752597347	29.4239203367
2200	500	0	-285.04	6.0779314449	3.9212102487	29.7278814946
2300	500	0	-286.4	5.985323127	4.1270468112	29.963446406
2400	500	0	-286.4	5.383490066	4.6196519162	30.1190487805
2500	500	0	-286.4	5.9200777163	3.7407378427	30.8373893877
2600	500	0	-287.62	5.6865667502	3.8967534397	31.3373985287
2700	500	0	-287.62	4.6346036362	4.9094385675	31.1361324315
2800	500	0	-287.62	4.5462343815	4.3335258099	30.8717865378
2900	500	0	-288.47	3.9847511727	4.4336549381	31.8266659818
3000	500	0	-288.47	2.7782275677	5.3700846189	32.4223649583
3100	500	0	-288.47	2.4001917592	5.1793521545	32.3245469013
3200	500	0	-288.9	1.8003200964	5.1779978165	32.7875690675
3300	500	0	-288.9	0.7643410652	5.545885939	32.9489302193
3400	500	0	-288.9	0.2232845618	5.4640699342	32.6581926906
3500	500	0	-288.94	-0.3764692815	5.4622227643	32.6148999907
3600	500	0	-288.94	-0.741840683	5.8101923563	32.3522984688
3700	500	0	-288.9	-0.9385598922	5.2753678445	32.4251097741
3800	500	0	-288.9	-1.5023863456	3.8382687511	32.3552724849
3900	500	0	-288.9	-5.0109394738	4.8257993051	31.9031125999
4000	500	0	-287.83	0	4.5523350933	29.1056839913
0	600	0	-278.32	0	-7.2940373028	23.054359104
100	600	0	-278.32	-0.4114303036	-8.0081302105	23.8884370723
200	600	0	-278.13	-1.0826620785	-8.0479192526	23.4621483194
300	600	0	-278.13	-1.1694567059	-7.5218216784	23.2589039601
400	600	0	-277.93	-0.9812693437	-8.2833945984	23.1006200647
500	600	0	-277.93	-0.2331438195	-8.7288612035	23.0273636181
600	600	0	-277.93	0.7999023537	-8.3879365342	22.9756883941
700	600	0	-278.19	1.7628969717	-7.6790285354	23.066932391
800	600	0	-278.19	2.2260588329	-5.8130755673	23.2259643146
900	600	0	-278.19	3.6824510051	-4.3957805684	23.06848257
1000	600	0	-279.12	4.8635867557	-3.0539479107	22.7824110218
1100	600	0	-279.12	5.3072889694	-1.4069471973	21.8852117639
1200	600	0	-279.12	6.5926261149	-1.1227036235	20.9874643187
1300	600	0	-280.52	6.8577245392	0.0615755661	21.823803269
1400	600	0	-280.52	6.5298099768	2.17101105	22.3068896438
1500	600	0	-280.52	7.8213940147	2.9844951546	22.435078372
1600	600	0	-282.33	8.4242505945	4.3006477977	24.1718838084
1700	600	0	-282.33	7.9834487237	5.8300786799	25.4355920742
1800	600	0	-282.33	8.5971124839	4.7838936526	26.079523607
1900	600	0	-284	8.6913088492	3.2298276409	27.867779335
2000	600	0	-284	7.536724408	1.8724381259	29.2246092057
2100	600	0	-284.95	6.193691519	2.5878667188	29.3957698177
2200	600	0	-284.95	5.4483710905	3.8038816376	29.4129400953
2300	600	0	-284.95	5.8212624179	3.4252548154	29.4888434372
2400	600	0	-286.1	5.8218184442	4.1812892005	29.6377186365
2500	600	0	-286.1	5.442348494	5.4233520912	29.896123667
2600	600	0	-286.1	6.0310889443	5.3497281563	30.3147381729
2700	600	0	-287.44	5.7028775585	5.6155528338	30.7783176987
2800	600	0	-287.44	4.4351757979	6.5187815892	30.536688021
2900	600	0	-287.44	4.3405661297	6.5341724406	30.4445404554
3000	600	0	-288.34	3.8180071672	6.924406651	31.6938842026
3100	600	0	-288.34	2.3551500913	7.7225060347	32.0039040097
3200	600	0	-288.34	1.5901905156	7.3494486679	31.5884933768
3300	600	0	-288.61	0.9185083533	7.0266571801	31.821259926
3400	600	0	-288.61	0.0811040494	6.7688144002	31.8502309337
3500	600	0	-288.61	-0.6707719874	6.2812124867	31.897685888
3600	600	0	-288.45	-1.4109089073	6.189755939	31.4845144018
3700	600	0	-288.45	-2.7075658435	4.8725166363	31.064664503
3800	600	0	-287.93	-2.9042153459	3.437271654	30.775928405
3900	600	0	-287.93	-2.4580675518	1.8049853399	30.6256651064
4000	600	0	-287.93	0	5.5639157261	29.7837916948
0	700	0	-277.97	0	-11.1032952013	23.7790651668
100	700	0	-277.97	-0.2147823757	-11.30205111	24.062633729
200	700	0	-277.97	-0.5551851083	-10.7577755782	24.1643980391
300	700	0	-277.94	-1.341241443	-10.8004331717	23.9353007449
400	700	0	-277.94	-1.5985374627	-12.096104692	23.1602478135
500	700	0	-277.8	-0.5389114247	-12.660058767	22.9774887243
600	700	0	-277.8	0.9012104407	-12.7512902282	23.1209512549
700	700	0	-277.8	3.1179823165	-12.8828188662	23.3626485423
800	700	0	-278.65	4.3142995837	-11.7541765436	24.0610582642
900	700	0	-278.65	4.6455339559	-9.2933579785	24.5136947537
1000	700	0	-278.65	6.4007388988	-8.1520777273	24.8304736615
1100	700	0	-280.08	7.5119740519	-6.585867711	24.9782646132
1200	700	0	-280.08	7.4162004262	-3.5693247345	24.4206992696
1300	700	0	-280.08	8.2576601262	-2.3391856462	24.0052148228
1400	700	0	-281.89	8.5385724935	-1.048737064	25.7202612521
1500	700	0	-281.89	8.2977825402	0.9579493974	26.3324524528
1600	700	0	-281.89	9.3446483009	1.3129762401	26.9908280198
1700	700	0	-284.08	9.0562978951	1.8332213777	29.3384824928
1800	700	0	-284.08	7.2397401477	2.5060486571	29.9717802412
1900	700	0	-284.08	6.6195705736	1.8345556358	29.4312287704
2000	700	0	-284.88	7.2823058909	1.2806715536	29.7533797784
2100	700	0	-284.88	7.899084662	2.1762599707	30.7047780163
2200	700	0	-286.55	6.9153195415	3.3996279586	31.2565588479
2300	700	0	-286.55	6.3627306832	4.0399179007	31.0852588022
2400	700	0	-286.55	7.3815873418	5.5443367516	31.5670717549
2500	700	0	-287.88	7.0885166721	8.2320106569	32.0911814592
2600	700	0	-287.88	5.8787674995	10.106735332	32.2086583614
2700	700	0	-287.88	5.8036570691	9.5813408692	32.2764844915
2800	700	0	-289.04	5.4648539883	10.1638185548	32.3133627856
2900	700	0	-289.04	4.3903762345	11.76348748	32.4006692729
3000	700	0	-289.04	3.9665611685	12.0543753768	33.1308717678
3100	700	0	-289.85	2.8252337828	11.9952125276	33.681798269
3200	700	0	-289.85	1.1044712351	11.7165036898	33.564314908
3300	700	0	-289.85	0.1837067975	10.5517478312	33.4491948514
3400	700	0	-289.85	-0.5221601316	9.8174513951	33.4807355034
3500	700	0	-289.85	-0.9555277494	8.856300463	33.7604240085
3600	700	0	-289.85	-2.1505365334	9.0515837952	33.7872888444
3700	700	0	-289.33	-3.6910441772	8.5741274572	33.085644597
3800	700	0	-289.33	-4.569917642	7.2937485127	32.0538732328
3900	700	0	-288.68	-2.8842954017	5.0284265073	31.5665799615
4000	700	0	-288.68	0	5.8640817159	32.1242242981
0	800	0	-277	0	-18.0412449844	20.3893046734
100	800	0	-277.01	-0.0659106805	-18.1320532267	20.4762994164
200	800	0	-277.01	-0.5810441402	-18.038153323	20.721717656
300	800	0	-277.01	-2.5077858264	-18.8089358285	20.3129749435
400	800	0	-276.26	-2.840894939	-19.1362678125	18.4613176381
500	800	0	-276.26	-0.888329349	-19.6177575304	18.2660230365
600	800	0	-276.26	0.5771422545	-19.9434451803	18.5965930434
700	800	0	-276.34	2.7600106563	-20.2692838482	18.437872308
800	800	0	-276.34	5.8155197139	-20.3122296154	19.0468502691
900	800	0	-277.57	7.2845498214	-17.6443757104	20.1680844285
1000	800	0	-277.57	7.5710770299	-14.4091029795	21.1104685802
1100	800	0	-277.57	9.8900419622	-13.9374403928	21.9622293225
1200	800	0	-279.95	10.8393081797	-11.024182546	23.5137682282
1300	800	0	-279.95	9.3783122097	-7.858372581	24.3981682282
1400	800	0	-279.95	9.8269450204	-7.5345369518	25.6570314828
1500	800	0	-282.03	10.1831073255	-5.4272332471	26.9171584445
1600	800	0	-282.03	9.2995225681	-2.9757391591	27.981340114
1700	800	0	-282.03	9.176521134	-2.9131592228	29.4410613353
1800	800	0	-283.84	8.598446742	-2.268681707	30.0169339465
1900	800	0	-283.84	7.4659317457	-0.0841547202	29.2662728073
2000	800	0	-283.84	7.8784287496	1.1008068309	28.5704191086
2100	800	0	-285.56	8.312647924	1.3181315752	29.6656584405
2200	800	0	-285.56	7.3120290138	1.7134016463	30.3145080949
2300	800	0	-285.56	7.9659712109	2.9171729315	29.4412331099
2400	800	0	-287.26	10.0139112004	4.3597840211	30.5159634135
2500	800	0	-287.26	10.0047470744	6.7736872298	32.3837150033
2600	800	0	-288.95	7.3804191566	8.7795649275	32.5414176469
2700	800	0	-288.95	5.7599607813	9.1764477958	31.804916013
2800	800	0	-288.95	6.6173224087	9.6772659752	32.010287093
2900	800	0	-290.22	6.2311229517	11.8516511787	32.8027158714
3000	800	0	-290.22	4.0497322148	13.9606254949	33.6733380919
3100	800	0	-290.22	2.0172784043	13.742828079	34.0851634543
3200	800	0	-290.39	0.1467258192	13.57722907	34.0650237635
3300	800	0	-290.39	-0.9805439481	12.0437528953	33.5396619029
3400	800	0	-290.39	-1.6143433121	10.94638027	33.5374651739
3500	800	0	-289.91	-1.4366395806	10.6672979005	34.341583851
3600	800	0	-289.91	-1.6930819198	10.5545521631	35.5276701579
3700	800	0	-289.91	-4.465401126	9.6783678304	36.6434945564
3800	800	0	-288.94	-6.4499162958	9.2806150408	35.000085445
3900	800	0	-288.94	-3.8877343419	6.3175202423	32.705265899
4000	800	0	-288.94	0	4.1345886729	34.2369920337
0	900	0	-274.87	0	-20.0493092941	13.101555267
100	900	0	-274.87	-0.2116907076	-20.4134452759	13.1545751944
200	900	0	-274.85	-1.2320677101	-20.6051471499	13.5523650015
300	900	0	-274.85	-2.4393559325	-22.6173501702	13.0355529506
400	900	0	-274.85	-2.4073591646	-22.5547797077	12.1545585003
500	900	0	-274.5	-1.3460887858	-22.5980472156	12.2709981554
600	900	0	-274.5	0.2496841229	-23.2980686627	12.3905066115
700	900	0	-274.5	2.7491978814	-23.1751248754	11.2659522939
800	900	0	-274.93	6.9392077215	-22.8172079073	11.6068762664
900	900	0	-274.93	10.5486605985	-20.6741874406	13.9234556436
1000	900	0	-277.26	10.1076742164	-17.8957796429	15.6116963578
1100	900	0	-277.26	10.8968944854	-16.4970031894	16.0563955114
1200	900	0	-277.26	13.495268238	-14.4310907045	18.6805177392
1300	900	0	-280.02	11.7473057137	-12.0708821534	20.7619934933
1400	900	0	-280.02	10.9697118274	-10.8415927122	21.3929027922
1500	900	0	-280.02	12.8565803329	-8.6615457541	23.5592737773
1600	900	0	-282.52	11.8587223252	-5.4064941073	26.0133524707
1700	900	0	-282.52	9.7633553405	-3.3492307127	27.1814842717
1800	900	0	-282.52	10.0687446436	-3.1244627575	27.5696334153
1900	900	0	-284.86	9.9890591182	-0.922233828	27.568693412
2000	900	0	-284.86	8.6845921796	1.8417106797	26.8056519257
2100	900	0	-284.86	8.5116794707	2.6016011359	26.7316147817
2200	900	0	-286.51	8.5143608978	3.195779735	27.9416562887
2300	900	0	-286.51	9.009113058	5.3676991375	28.0120211024
2400	900	0	-286.51	11.2381016334	6.2684593784	28.6712468257
2500	900	0	-289.27	11.5082975785	6.5103897856	31.6785011165
2600	900	0	-289.27	8.2815280655	7.65479623	32.4257858108
2700	900	0	-289.27	6.7013581101	9.6626924233	30.8293715781
2800	900	0	-290.3	8.1400573712	11.1531768956	30.9520574556
2900	900	0	-290.3	8.6737357542	13.2029160763	33.0123409891
3000	900	0	-291.83	5.8577380688	15.1899658628	35.0220485006
3100	900	0	-291.83	2.4418373646	16.0474356215	35.6647064974
3200	900	0	-291.83	-0.5946039486	17.2139950397	35.9995370946
3300	900	0	-291.06	-2.4471420092	16.9938168592	34.9617832401
3400	900	0	-291.06	-1.8986151264	15.7262279534	34.7076127771
3500	900	0	-291.06	-1.3473558496	15.6814940366	35.4545111896
3600	900	0	-291.21	-3.1394666035	13.1552147563	37.1600696283
3700	900	0	-291.21	-4.9649812995	8.4597153628	37.3947867485
3800	900	0	-291.21	-7.9307652301	7.9281308973	37.8717580467
3900	900	0	-289.39	-8.0303217763	8.2912497387	32.9342235987
4000	900	0	-289.39	0	3.4687786519	32.4285060242
0	1000	0	-273.47	0	-15.8132652481	9.864731734
100	1000	0	-273.47	-0.6217485296	-16.5932192496	9.9553569524
200	1000	0	-273.47	-2.7849490345	-16.8438326692	10.1300251082
300	1000	0	-272.72	-4.4574183842	-19.2311512025	8.9032676037
400	1000	0	-272.72	-2.8215919911	-21.8698314248	8.3127135371
500	1000	0	-272.72	-1.6316183107	-22.2879166307	8.5048919084
600	1000	0	-272.55	6.4592891E-05	-24.4384967007	8.5990937074
700	1000	0	-272.55	3.2408714184	-24.0704697073	7.9027612736
800	1000	0	-272.55	8.3164571487	-23.3966503656	7.78025373
900	1000	0	-274.76	12.2059780858	-23.206617542	11.3448248212
1000	1000	0	-274.76	11.7482612878	-20.6500569618	12.9993864779
1100	1000	0	-274.76	13.3547309006	-16.8605189522	12.4475757442
1200	1000	0	-278.09	15.265429209	-15.6348535142	15.5965515438
1300	1000	0	-278.09	12.967810202	-14.2618973465	18.2391571152
1400	1000	0	-278.09	13.236281413	-11.5556446561	18.1174385167
1500	1000	0	-281.08	15.6182059304	-10.0806381687	20.8723678662
1600	1000	0	-281.08	14.6118376162	-8.1428850995	24.5190555108
1700	1000	0	-283.29	11.4585524838	-5.751408908	25.735425342
1800	1000	0	-283.29	11.0254436267	-4.3836931855	25.8450487253
1900	1000	0	-283.29	12.4321051829	-2.2595309609	27.046362417
2000	1000	0	-285.35	11.4022637135	0.9557308465	27.6222290987
2100	1000	0	-285.35	9.6667169793	3.6099637922	27.8574987344
2200	1000	0	-285.35	10.0781270221	4.2446010582	28.735737267
2300	1000	0	-287.53	11.038650861	6.432747117	29.7170527536
2400	1000	0	-287.53	11.1566018418	9.1652299657	30.7033161902
2500	1000	0	-287.53	11.3910839193	9.3143934995	32.5588848752
2600	1000	0	-289.7	10.5327217943	10.0581499604	33.3509000693
2700	1000	0	-289.7	9.2583414469	14.2275711695	32.5710778903
2800	1000	0	-289.7	10.1575460617	17.3787283886	32.0442249782
2900	1000	0	-292.04	10.2679119122	18.2498647336	34.5536450954
3000	1000	0	-292.04	6.89425176	19.695685753	37.3347481088
3100	1000	0	-292.04	4.0413075879	21.3437718597	38.2444078793
3200	1000	0	-293.1	1.0931070569	22.027029679	39.5143354469
3300	1000	0	-293.1	-2.4683110277	22.5775740457	39.2794266799
3400	1000	0	-292.4	-2.9266661347	21.5529126612	39.2078969037
3500	1000	0	-292.4	-4.0076527777	19.9816779933	39.8369280988
3600	1000	0	-292.4	-8.9148605936	15.101920064	38.9718232345
3700	1000	0	-290.41	-9.6924849917	10.1178336341	36.3703757296
3800	1000	0	-290.41	-6.6183819199	5.9132846198	35.9221882679
3900	1000	0	-290.41	-8.3470865873	9.9605389937	33.8618499954
4000	1000	0	-288.77	0	7.9278686191	31.2914619351
0	1100	0	-272.53	0	-11.3962875011	9.4647956087
100	1100	0	-272.3	-1.2422581354	-12.1984284454	9.6868601072
200	1100	0	-272.3	-3.8699996697	-12.902560242	9.9444035579
300	1100	0	-272.3	-7.4653546881	-15.4831016766	7.6130984718
400	1100	0	-271.07	-5.4641245861	-19.4096527298	6.1141923139
500	1100	0	-271.07	-3.9147540684	-21.578859376	6.081426922
600	1100	0	-271.07	-1.5328689537	-26.2185850483	4.0612146882
700	1100	0	-271.75	3.7910442165	-27.6113418399	3.5501418774
800	1100	0	-271.75	7.8030598868	-26.4465479588	3.9325457911
900	1100	0	-271.75	13.2952540023	-27.8412092723	6.1665345899
1000	1100	0	-274.69	16.4537728062	-24.1012558991	8.8852960128
1100	1100	0	-274.69	15.912097933	-16.4009713725	9.9514665036
1200	1100	0	-274.69	16.0938898437	-14.0190318739	11.2897988535
1300	1100	0	-277.65	15.8265145718	-12.5921597007	14.9259952562
1400	1100	0	-277.65	15.1509710119	-7.721307063	16.3903997507
1500	1100	0	-277.65	16.2693398895	-6.2445114679	18.0153381011
1600	1100	0	-281.01	16.1879515792	-6.1032957019	22.2909682864
1700	1100	0	-281.01	13.5225472612	-4.1285529377	24.4151056607
1800	1100	0	-281.01	13.5606225907	-1.8542856015	24.695693882
1900	1100	0	-284.4	15.3284831502	-1.1229327434	27.4711335462
2000	1100	0	-284.4	14.5540869327	-0.0856171895	30.4037654949
2100	1100	0	-287.24	11.8005496824	1.5557093207	31.620597338
2200	1100	0	-287.24	11.3371442226	2.4130161957	31.7879263004
2300	1100	0	-287.24	13.9297419655	4.0779217479	33.3198582122
2400	1100	0	-290.17	14.1197480159	7.5179098231	35.4462541766
2500	1100	0	-290.17	12.4012175799	10.3681233834	37.0600211212
2600	1100	0	-290.17	13.1947057355	11.2848188239	38.0244799639
2700	1100	0	-292.93	14.0219365383	15.8818137923	39.3290617673
2800	1100	0	-292.93	12.1623509353	21.6237109314	40.0010192728
2900	1100	0	-292.93	10.9906931186	22.5693506198	40.9691897011
3000	1100	0	-294.87	8.9516451949	25.1040317939	44.2826938832
3100	1100	0	-294.87	4.7731812906	27.7543597384	45.6567743511
3200	1100	0	-294.87	0.6391982374	27.1804459861	46.1179994165
3300	1100	0	-294.64	-2.921259027	26.6689035388	45.6887774371
3400	1100	0	-294.64	-4.4945111721	24.9203739667	45.433013426
3500	1100	0	-294.64	-7.7983484535	21.0054656107	46.1449153265
3600	1100	0	-292.67	-13.0033109694	18.3371416806	43.7654921737
3700	1100	0	-292.67	-14.1536167437	14.9137769285	38.6471067429
3800	1100	0	-290.68	-8.0880598705	10.8140748139	36.588947498
3900	1100	0	-290.68	-6.0157377703	11.5047173129	37.9023033467
4000	1100	0	-290.68	0	11.92451997	35.2488810273
0	1200	0	-272.13	0	-10.5401973394	9.6066028574
100	1200	0	-272.13	-2.1280212705	-11.4111697153	9.9734566406
200	1200	0	-272.13	-6.0696222724	-13.5301597744	10.2157561642
300	1200	0	-270.43	-10.964510872	-14.3255595874	6.5405967557
400	1200	0	-270.43	-8.9173496905	-18.9567799782	2.3160353104
500	1200	0	-270.43	-8.4405506292	-23.3427344137	1.383643063
600	1200	0	-267.74	-6.0324178692	-25.4518328139	-3.5912921451
700	1200	0	-267.74	3.0129085012	-28.0711356178	-5.3519508076
800	1200	0	-269.57	8.086589723	-27.911376704	-4.8026084276
900	1200	0	-269.57	14.5512701455	-27.7925548438	-4.054436526
1000	1200	0	-269.57	23.1884991809	-24.0907856349	0.9426834407
1100	1200	0	-274.55	23.4369549191	-16.5552176201	6.6769969503
1200	1200	0	-274.55	19.0742408875	-10.2382672463	10.1059101935
1300	1200	0	-274.55	19.2655350196	-9.0735496782	13.5862852456
1400	1200	0	-279.13	19.5839296525	-4.8762545797	17.3441919187
1500	1200	0	-279.13	17.2362172915	-0.6494281391	20.1269280973
1600	1200	0	-279.13	16.7277961464	-0.2400368867	23.6314510549
1700	1200	0	-282.8	15.7075625842	0.278347279	26.3623449986
1800	1200	0	-282.8	14.0310638143	2.3895020901	27.2180058511
1900	1200	0	-282.8	14.2007735949	1.8539718472	28.6681157348
2000	1200	0	-285.26	14.0809057776	0.6874870804	31.711141272
2100	1200	0	-285.26	12.1653503645	1.0789328518	32.8346158444
2200	1200	0	-285.26	12.6003394426	2.5817622483	31.8452306567
2300	1200	0	-287.78	16.1435444884	3.4179601368	33.4131581644
2400	1200	0	-287.78	17.4468034773	5.102181655	36.996034741
2500	1200	0	-291.14	15.1579929201	7.6814589805	39.0924844323
2600	1200	0	-291.14	16.0464122099	9.7867092893	39.7643187717
2700	1200	0	-291.14	19.5972335611	13.9917057631	43.2643139028
2800	1200	0	-295.5	16.8450828892	19.3354808421	46.7527938042
2900	1200	0	-295.5	13.748232768	23.0255525076	47.9764280099
3000	1200	0	-295.5	12.0792608786	28.3853849406	52.0344248623
3100	1200	0	-297.26	6.1177217801	30.319712407	53.7231479296
3200	1200	0	-297.26	0.0076508573	29.6603364094	53.3794416481
3300	1200	0	-297.26	-4.7283830404	28.382039175	52.6040317407
3400	1200	0	-296.02	-8.5901040628	26.4600983202	51.3950469376
3500	1200	0	-296.02	-10.5908850705	20.0724135607	50.3291872196
3600	1200	0	-296.02	-15.0065492758	17.5281094245	50.2001203358
3700	1200	0	-292.67	-17.2155518584	17.6396628366	42.7241096528
3800	1200	0	-292.67	-10.0274415355	14.5294955743	39.9550118133
3900	1200	0	-292.67	-7.2366414312	9.1678644995	43.26547311
4000	1200	0	-291.15	0	9.9653722933	41.2333889653
0	1300	0	-271.22	0	-11.6538190325	7.3798616094
100	1300	0	-270.68	-4.2322205704	-11.7331764656	7.8464565171
200	1300	0	-270.68	-6.7843895418	-15.2478930176	6.5385331423
300	1300	0	-270.68	-12.8919748919	-15.3045304894	4.5710429003
400	1300	0	-267.38	-14.4812994124	-16.0715267378	-3.0761426925
500	1300	0	-267.38	-10.4098068974	-21.6177696394	-6.7503621982
600	1300	0	-267.38	-6.2612701645	-21.238362562	-10.6786328332
700	1300	0	-266.29	1.3315003264	-21.502106387	-13.0916628443
800	1300	0	-266.29	8.0816406541	-21.2698003087	-13.2993823413
900	1300	0	-266.29	17.1158450714	-19.7119864644	-13.8057629947
1000	1300	0	-270.83	27.6911100366	-19.2775255406	-7.1690483271
1100	1300	0	-270.83	29.7646163149	-16.2698701342	2.3939328805
1200	1300	0	-276.4	23.5755577856	-11.6323330035	8.5613494517
1300	1300	0	-276.4	21.1885272384	-9.6587604546	11.2283800741
1400	1300	0	-276.4	23.5750925443	-6.6845542354	16.5599883618
1500	1300	0	-280.54	20.9055575825	-1.8762260044	21.7097968328
1600	1300	0	-280.54	17.115727004	1.4707374752	25.1143121734
1700	1300	0	-280.54	16.1520862313	1.6075915948	27.5555767215
1800	1300	0	-284.01	15.1362471589	2.0336002877	29.2639108362
1900	1300	0	-284.01	13.6264681405	2.8528468881	30.5115066606
2000	1300	0	-284.01	13.7790479373	2.3762518083	32.5100892375
2100	1300	0	-287.02	13.6948248503	2.5450129895	33.6785891365
2200	1300	0	-287.02	13.6761715076	4.8078173225	32.9058087446
2300	1300	0	-287.02	16.4501613722	5.2738989566	33.1786023601
2400	1300	0	-290.66	18.3832468663	4.7878815194	37.0487433663
2500	1300	0	-290.66	17.0857452075	6.2805136901	39.0119332133
2600	1300	0	-290.66	19.5049525181	9.297523201	38.7407202283
2700	1300	0	-295.44	23.5707080911	11.2806516048	43.4830365619
2800	1300	0	-295.44	21.1961976798	15.2043864202	49.6589815363
2900	1300	0	-295.44	20.0405972171	21.5699260114	52.5467680065
3000	1300	0	-299.55	16.2458050943	26.7842610769	59.3130453579
3100	1300	0	-299.55	6.0481327661	27.0006058993	61.9408835732
3200	1300	0	-299.35	-1.2984749946	27.2746793488	61.3725245296
3300	1300	0	-299.35	-6.1214971162	25.4684327205	60.2541465735
3400	1300	0	-299.35	-12.8041367931	24.0723843529	58.4885483159
3500	1300	0	-295.71	-16.7303373425	21.3556745102	54.4727224963
3600	1300	0	-295.71	-15.4360616935	15.2131839155	52.0599327271
3700	1300	0	-295.71	-17.1522305939	15.6728116808	47.2214198571
3800	1300	0	-292.38	-16.5598582143	15.7839893837	43.8037467081
3900	1300	0	-292.38	-10.579861058	6.2228967453	43.0938341046
4000	1300	0	-292.38	0	4.7806863023	44.8783994056
0	1400	0	-270.05	0	-9.9324324602	5.7761794311
100	1400	0	-270.05	-5.7220952489	-9.4481551604	5.7934498804
200	1400	0	-268.44	-9.6409762962	-9.8457686302	2.454083839
300	1400	0	-268.44	-11.7881445922	-13.4797864542	-0.516761955
400	1400	0	-268.44	-15.2305888338	-11.4639575145	-6.0898930353
500	1400	0	-264.94	-13.6073864467	-11.5176353685	-11.9497839816
600	1400	0	-264.94	-5.9167546235	-13.1185197943	-15.9435175361
700	1400	0	-264.94	2.9814707545	-12.268025888	-17.4529430759
800	1400	0	-266.57	9.8767096456	-11.5458441641	-16.8069144565
900	1400	0	-266.57	16.5435449136	-8.7939930961	-16.9209614947
1000	1400	0	-266.57	26.6306155111	-10.629902889	-13.1955854053
1100	1400	0	-272.78	31.0821474562	-13.0736059825	-2.4716550111
1200	1400	0	-272.78	25.6853505604	-11.3111654416	4.1525848126
1300	1400	0	-272.78	24.2133137877	-7.8267038049	5.635657698
1400	1400	0	-278.46	27.3664641027	-7.1956634741	11.9386586048
1500	1400	0	-278.46	25.3915090021	-5.2350934008	19.5214977996
1600	1400	0	-282.21	20.2116137456	-1.5832553456	24.0838804407
1700	1400	0	-282.21	16.2704253967	0.9612823794	26.5430256741
1800	1400	0	-282.21	15.2763191076	0.6273402156	28.1777444366
1900	1400	0	-285.52	14.5434251155	0.4912824446	29.4910376537
2000	1400	0	-285.52	13.7730718857	1.4624929309	30.8560513533
2100	1400	0	-285.52	14.5969158787	1.3900361963	32.0133646643
2200	1400	0	-288.83	15.3292254097	2.1757318097	32.5337855429
2300	1400	0	-288.83	16.1236086853	3.9501881775	33.1958316312
2400	1400	0	-288.83	18.4534182108	3.7552175879	35.8633810011
2500	1400	0	-292.87	19.6676346017	4.5386684802	37.9684247355
2600	1400	0	-292.87	21.0465501313	8.2765237685	38.310874097
2700	1400	0	-292.87	25.5040967803	8.754631514	41.3252632513
2800	1400	0	-298.9	27.1343572958	9.5275637145	49.8796476309
2900	1400	0	-298.9	25.3281074247	14.8390493361	56.4122407542
3000	1400	0	-302.65	17.5099407598	15.6985678878	63.3573208649
3100	1400	0	-302.65	6.608140052	15.7123997564	65.9243063771
3200	1400	0	-302.65	-1.5245223215	18.4354645625	67.030166482
3300	1400	0	-301.05	-7.9306780363	18.4533940841	66.1643883347
3400	1400	0	-301.05	-12.7028622731	15.388290258	64.3752314634
3500	1400	0	-301.05	-19.4500855079	15.4961632663	60.6815957865
3600	1400	0	-296.35	-20.6894121052	14.8966104833	55.4328155386
3700	1400	0	-296.35	-16.6447463902	8.6833271258	51.3201839114
3800	1400	0	-296.35	-19.477356471	8.7047416792	48.4098980238
3900	1400	0	-291.97	-18.2399445126	8.3451386695	43.5712026324
4000	1400	0	-291.97	0	0.7078935183	43.1470072074
0	1500	0	-269.28	0	-4.6470743328	5.5733256885
100	1500	0	-269.28	-4.1455567337	-5.2811140995	5.126697424
200	1500	0	-269.28	-10.8160208356	-1.9346660509	3.0145214391
300	1500	0	-266.42	-14.5101637762	-2.9974982667	-2.4844734109
400	1500	0	-266.42	-12.5191483267	-5.3892557376	-7.394857
500	1500	0	-266.42	-12.0643691772	-0.2139392008	-11.4697251224
600	1500	0	-263.76	-7.011660684	0.5354940763	-16.5631842216
700	1500	0	-263.76	2.9041759566	1.32144435	-18.1373184619
800	1500	0	-263.76	11.555673446	1.4214697086	-17.2382678667
900	1500	0	-266.79	18.0317863465	2.6343764639	-15.6527427085
1000	1500	0	-266.79	23.4114971502	4.733021705	-12.2877068231
1100	1500	0	-266.79	29.0833537623	1.1709808353	-4.7945524012
1200	1500	0	-273.53	28.8224599699	-0.4766391591	1.9234701633
1300	1500	0	-273.53	25.3040292059	3.3461509371	4.4875244389
1400	1500	0	-273.53	26.1667029551	1.9053623681	8.100759553
1500	1500	0	-278.83	26.517965711	-0.9239155883	15.7038528143
1600	1500	0	-278.83	23.3121027775	-0.8472018613	21.0059511597
1700	1500	0	-282.58	18.3626817925	1.3112197279	24.0982560277
1800	1500	0	-282.58	14.6662472241	2.2218257394	25.6350699213
1900	1500	0	-282.58	14.4616208491	0.7854406315	26.6022258423
2000	1500	0	-285.65	14.6778016823	1.4226042598	27.9611826079
2100	1500	0	-285.65	14.4080637358	2.4202564502	29.1680665121
2200	1500	0	-285.65	16.2363234955	1.6609495305	30.0991201397
2300	1500	0	-289.24	18.0296471504	3.6373532984	31.67840534
2400	1500	0	-289.24	18.971727169	6.825858696	33.9637867166
2500	1500	0	-289.24	21.6070513948	7.8898879606	36.4075314104
2600	1500	0	-294.18	23.7209155519	9.5854995659	38.9175211147
2700	1500	0	-294.18	24.8217480304	12.5611708339	42.3363563787
2800	1500	0	-294.18	27.2806155019	11.621103569	48.9439224149
2900	1500	0	-300.08	26.2116013904	10.6993432836	55.9103461461
3000	1500	0	-300.08	17.1191555079	9.6885305244	61.449741842
3100	1500	0	-300.08	8.7850294408	10.8094318077	63.6790681778
3200	1500	0	-302.33	1.4425193331	12.1298700187	67.045550888
3300	1500	0	-302.33	-9.1686714207	13.3928324606	67.295139355
3400	1500	0	-299.74	-15.7613676109	10.050885137	64.7376674274
3500	1500	0	-299.74	-17.2220171105	5.4602354907	61.0046591469
3600	1500	0	-299.74	-22.2488978273	11.0024197601	57.651919001
3700	1500	0	-295.1	-23.344099398	5.4617908287	51.5638824821
3800	1500	0	-295.1	-16.8980466706	-2.2771484568	47.3271127725
3900	1500	0	-295.1	-18.5767092189	6.1521739908	44.9623109292
4000	1500	0	-291.51	0	1.8724032926	40.5589786568
0	1600	0	-269.65	0	2.0800433276	4.8125981544
100	1600	0	-269.03	-3.0096869737	1.9529260165	4.0585479408
200	1600	0	-269.03	-7.3573604567	4.074765934	3.761477552
300	1600	0	-269.03	-15.2427342789	7.3581392647	-0.7616349821
400	1600	0	-265.57	-12.4470297679	6.3733290514	-7.3412039427
500	1600	0	-265.57	-7.6826366328	9.5995008038	-9.3652773597
600	1600	0	-265.57	-4.3813710727	12.3660445966	-13.2188437585
700	1600	0	-265.58	3.8674463868	13.901054877	-14.6600115609
800	1600	0	-265.58	11.1896417595	15.4909496211	-13.5187107005
900	1600	0	-265.58	19.85509691	13.4358132755	-11.275225047
1000	1600	0	-270.9	25.1672198825	15.3252584804	-5.9439314784
1100	1600	0	-270.9	25.8724865854	16.8078567646	-0.0103626622
1200	1600	0	-270.9	27.8605206689	13.0386819712	5.5067495104
1300	1600	0	-277.31	26.5953153149	11.703588006	10.1515383995
1400	1600	0	-277.31	23.0963975706	11.7522769328	13.5261876794
1500	1600	0	-277.31	22.6389447727	7.8497578751	17.814585244
1600	1600	0	-281.47	22.4467490618	3.9292234755	21.1522571904
1700	1600	0	-281.47	19.3394529974	3.1424223822	24.5754660201
1800	1600	0	-284.57	14.7505400112	3.76119709	26.1318647842
1900	1600	0	-284.57	13.7442036292	3.1340685676	26.3990320144
2000	1600	0	-284.57	15.4078877044	3.0819071246	28.0825099599
2100	1600	0	-287.95	14.8352611494	3.7163652393	29.564667364
2200	1600	0	-287.95	16.5463222512	3.4633548076	30.1467844958
2300	1600	0	-287.95	21.2885178508	4.8221543711	32.8624467935
2400	1600	0	-292.27	22.7059528797	8.9044571485	36.5542857783
2500	1600	0	-292.27	22.4272754649	12.2556544184	39.8026610962
2600	1600	0	-292.27	25.7178330046	11.3294742703	43.0973315649
2700	1600	0	-298.26	27.5397007834	14.1602533818	48.2765899194
2800	1600	0	-298.26	25.2725297455	17.6872414059	53.7146911494
2900	1600	0	-298.26	23.3955343868	15.3406384979	58.9523427911
3000	1600	0	-303.01	17.6200292906	12.0726264582	63.9046636366
3100	1600	0	-303.01	9.0494795396	13.1574190429	66.4227663173
3200	1600	0	-303.01	1.0588783314	11.8719676021	69.217412168
3300	1600	0	-302.87	-10.009662918	11.7787860389	69.664835957
3400	1600	0	-302.87	-20.635459243	9.482828853	65.1476678773
3500	1600	0	-297.94	-18.4985508848	5.8451126558	59.7275526298
3600	1600	0	-297.94	-20.6878567672	8.7614436452	59.6181132821
3700	1600	0	-297.94	-29.9243146071	4.7974343794	50.9252039503
3800	1600	0	-292.78	-18.7869733156	-0.6906515172	43.2808824601
3900	1600	0	-292.78	-14.0903927632	3.2715104514	45.5824277475
4000	1600	0	-292.78	0	3.2128858735	39.1723230661
0	1700	0	-268.88	0	12.4843523189	3.8079257241
100	1700	0	-268.88	-2.1508341273	13.3326352587	3.5858809035
200	1700	0	-268.88	-5.4108075874	12.9183921209	4.1493773819
300	1700	0	-267.7	-12.2116006588	16.3919052675	1.2039431737
400	1700	0	-267.7	-10.2777867876	17.5861067752	-4.841432797
500	1700	0	-267.7	-6.071653632	17.1626279554	-5.9660569688
600	1700	0	-266.22	-2.7101066175	19.5127290473	-9.115604265
700	1700	0	-266.22	6.0290809878	20.4739450632	-9.8819126713
800	1700	0	-268.9	11.0904318512	20.766833312	-8.1192821318
900	1700	0	-268.9	17.8660951991	18.6049165204	-6.7535944323
1000	1700	0	-268.9	26.7835406326	17.3510716194	-0.5682426378
1100	1700	0	-274.52	26.7967772531	18.9292634668	6.5633415003
1200	1700	0	-274.52	23.7181912113	18.3193502862	11.5073429156
1300	1700	0	-274.52	24.0176241742	12.7260384307	15.4137362684
1400	1700	0	-279.73	22.3128728175	11.3283260444	19.316070386
1500	1700	0	-279.73	18.694912247	10.2883959361	21.4725986155
1600	1700	0	-279.73	18.6047672846	5.9097139754	22.5647228226
1700	1700	0	-283.21	18.1946554137	3.7410806884	26.4881216531
1800	1700	0	-283.21	14.6578934162	4.3634573028	28.2605950085
1900	1700	0	-283.21	13.7823308837	5.1098646991	27.6125029834
2000	1700	0	-286.25	15.2600983473	4.2899827645	29.203721882
2100	1700	0	-286.25	14.7895114188	4.3543279096	31.0271079545
2200	1700	0	-286.25	17.3421126273	4.9608852478	31.0039660741
2300	1700	0	-290.14	23.4707494846	4.2138779134	34.2791555156
2400	1700	0	-290.14	26.4052272163	4.9306358466	39.9176503889
2500	1700	0	-295.89	24.0320685166	6.3712351406	44.4242347734
2600	1700	0	-295.89	25.6255145153	5.6851856926	47.1516683614
2700	1700	0	-295.89	31.1795151727	6.8620407663	53.679784672
2800	1700	0	-302.08	28.461000618	11.0034991368	60.8059226213
2900	1700	0	-302.08	20.5969864427	13.0338943455	65.8783596263
3000	1700	0	-302.08	14.9359360529	8.8516056256	69.155981811
3100	1700	0	-304.57	8.584370578	8.0888873473	71.438251118
3200	1700	0	-304.57	0.0638863358	7.2258474029	73.092711263
3300	1700	0	-304.57	-11.5578101765	7.174677848	73.485377694
3400	1700	0	-301.34	-21.695040994	6.688923962	66.6358585041
3500	1700	0	-301.34	-17.9434023183	5.4307199405	61.0163409587
3600	1700	0	-301.34	-23.2965761037	5.963700485	64.0721038726
3700	1700	0	-295.23	-32.7961945604	5.1934961761	52.5668194181
3800	1700	0	-295.23	-18.4239705986	3.3285727434	42.3059196857
3900	1700	0	-295.23	-14.6731718349	-0.3170426466	48.0954721359
4000	1700	0	-291.54	0	4.6919349332	40.9179138775
0	1800	0	-271.65	0	19.7979514643	6.9033511908
100	1800	0	-271.35	-2.575647165	21.0479232427	7.1908420134
200	1800	0	-271.35	-4.2980904479	18.9585653272	6.9302199998
300	1800	0	-271.35	-10.5750196313	22.1229548721	6.6714318767
400	1800	0	-268.66	-11.6763070867	23.4589508181	-0.3375031066
500	1800	0	-268.66	-5.7560143607	20.698611835	-2.7660881861
600	1800	0	-268.66	-1.0700539649	22.9406310528	-4.4574554553
700	1800	0	-268.65	5.1215506515	23.645538495	-4.9998836497
800	1800	0	-268.65	9.3206132167	22.6603461539	-3.6532056525
900	1800	0	-268.65	16.4393352174	21.6472085349	-3.6587771983
1000	1800	0	-272.82	25.4915668289	17.3759268841	2.5314284849
1100	1800	0	-272.82	26.8407652589	14.8580465496	10.6049998466
1200	1800	0	-277.85	21.6572956328	13.6197691924	15.591235268
1300	1800	0	-277.85	19.6042910731	9.7546905923	17.5948585564
1400	1800	0	-277.85	20.658755076	7.2182738837	21.4076420351
1500	1800	0	-281.77	17.2203327037	6.3282818091	23.7809080152
1600	1800	0	-281.77	15.8994338208	4.2053371755	24.2821387337
1700	1800	0	-281.77	17.7931963248	2.8867837147	27.6618484164
1800	1800	0	-285.24	16.1193240219	3.6057728953	30.0029902616
1900	1800	0	-285.24	13.6707290909	5.0684364685	29.4696651227
2000	1800	0	-285.24	14.6523509149	3.5080192253	29.448110412
2100	1800	0	-288.45	15.5061636394	3.3489849969	31.991769834
2200	1800	0	-288.45	16.405872255	4.5968174586	32.4197524273
2300	1800	0	-288.45	21.2582684496	1.8244983127	33.0799982591
2400	1800	0	-292.88	24.8633101069	-0.5354055894	38.1145475078
2500	1800	0	-292.88	23.1818253176	-0.6860886698	43.1091850173
2600	1800	0	-292.88	26.2086386236	-0.0379484382	45.1578582079
2700	1800	0	-299.1	32.8580142276	-2.0305569199	52.9310213413
2800	1800	0	-299.1	31.4443833247	-2.5018685673	62.9820998068
2900	1800	0	-304.45	21.2436408756	-1.6393548007	69.699177477
3000	1800	0	-304.45	12.6750222857	-3.3501020879	71.983708369
3100	1800	0	-304.45	7.4237213169	-3.5997146883	74.610479348
3200	1800	0	-304.61	0.1446688388	-3.4573257121	75.860145325
3300	1800	0	-304.61	-10.5465863589	-3.2323010933	75.864138927
3400	1800	0	-304.61	-22.3794171505	-2.0947894313	69.423395427
3500	1800	0	-299.35	-19.2237743618	-0.7750510286	62.2974936259
3600	1800	0	-299.35	-20.9250805316	-0.8486712651	65.0520682841
3700	1800	0	-299.35	-32.559442342	1.1809335245	58.1694390409
3800	1800	0	-294.13	-24.2975121383	1.5664256491	43.5496630235
3900	1800	0	-294.13	-12.7270305734	-7.5567054629	44.2591864307
4000	1800	0	-294.13	0	2.1269443393	45.4942557743
0	1900	0	-273.2	0	17.0844240278	11.7490019728
100	1900	0	-273.2	-2.9902202644	18.8703504405	12.3732351103
200	1900	0	-272.22	-4.335775958	17.8673584171	10.7269750082
300	1900	0	-272.22	-7.7112151746	19.3371527802	11.1400083672
400	1900	0	-272.22	-11.7021298247	21.200759348	5.4895974166
500	1900	0	-270.2	-6.5899733973	20.8987478365	1.6661566566
600	1900	0	-270.2	0.2368200492	22.2408053261	0.6963928075
700	1900	0	-270.2	5.7487960889	22.9995788454	0.2701341108
800	1900	0	-271.8	9.0921018844	22.6306494692	2.5982332536
900	1900	0	-271.8	12.5816759293	22.7745840952	2.7173336261
1000	1900	0	-271.8	19.994378654	16.3556430652	4.8898825807
1100	1900	0	-276.07	23.0406195681	11.382281466	12.5038310413
1200	1900	0	-276.07	18.614835254	9.2744624308	16.4564076616
1300	1900	0	-276.07	17.6161288655	8.3833528431	16.4472554817
1400	1900	0	-280.17	18.886464041	5.4807867357	20.0562131885
1500	1900	0	-280.17	15.6819755321	3.8312884298	23.0077271844
1600	1900	0	-280.17	15.1632691902	3.2742696789	23.2341915126
1700	1900	0	-283.58	17.5950911335	1.3778196173	26.1954692979
1800	1900	0	-283.58	16.8395461767	0.1481943051	29.5252221458
1900	1900	0	-286.5	13.6845772137	0.2967876153	30.3826405423
2000	1900	0	-286.5	13.5406468757	-0.644759894	30.1098910999
2100	1900	0	-286.5	15.8783096521	-1.2037363514	32.4439653362
2200	1900	0	-290.07	15.8176259364	-1.0229304663	33.5223857117
2300	1900	0	-290.07	18.3385264366	-2.8502961244	32.5125546901
2400	1900	0	-290.07	23.8946402338	-4.8413314528	35.4170490575
2500	1900	0	-294.91	24.5295256745	-4.1924021354	42.2628822491
2600	1900	0	-294.91	24.2810462652	-1.2572183242	45.8297156958
2700	1900	0	-294.91	28.7155950436	-5.1664090141	50.5315777912
2800	1900	0	-301.08	28.8522027372	-11.2801604747	60.6439085545
2900	1900	0	-301.08	19.7487529221	-13.2433389317	67.110833075
3000	1900	0	-301.08	12.9755761653	-12.7670548659	68.709845226
3100	1900	0	-304.1	8.4771469538	-13.8491453875	72.498388768
3200	1900	0	-304.1	0.4312999308	-14.2599143073	74.548107976
3300	1900	0	-304.1	-10.1952738957	-14.4891080614	74.579818808
3400	1900	0	-301.2	-19.2377909293	-11.4624683189	69.018092796
3500	1900	0	-301.2	-16.6972841454	-8.4340398774	62.5997383711
3600	1900	0	-301.2	-21.3405915506	-10.6964337148	64.5942757091
3700	1900	0	-295.78	-30.3810976529	-4.8417508661	56.3273782326
3800	1900	0	-295.78	-27.161609586	-1.9134949822	43.7332328931
3900	1900	0	-291.95	-14.112653138	-5.8741593802	39.2913805586
4000	1900	0	-291.95	0	-1.4421314768	43.7920199795
0	2000	0	-274.15	0	12.3608549575	14.0187544336
100	2000	0	-274.49	-1.7927127757	12.7516458508	15.3773399924
200	2000	0	-274.49	-3.8312881149	12.503894028	13.5218774019
300	2000	0	-274.49	-7.2416186937	12.4981295557	13.8796204514
400	2000	0	-272.42	-10.1147120304	15.7471894662	8.4544001925
500	2000	0	-272.42	-4.7159683826	17.8643329852	5.1979229398
600	2000	0	-272.42	1.030777044	18.1539441568	4.9070183466
700	2000	0	-272.86	5.5113947946	17.870502707	5.1733338058
800	2000	0	-272.86	9.0956184665	16.8891973106	7.3519489538
900	2000	0	-274.93	10.1643288134	16.39030179	8.3641119037
1000	2000	0	-274.93	14.0992641997	12.6386190551	8.733580047
1100	2000	0	-274.93	19.7595846245	8.6563159351	13.9820307889
1200	2000	0	-278.69	18.6583670099	7.5568888419	18.0009809726
1300	2000	0	-278.69	15.810615378	9.2998501445	18.4320712738
1400	2000	0	-278.69	16.1066906694	6.3521007915	19.1063304906
1500	2000	0	-282.06	15.0138156469	3.6616304469	21.8139450699
1600	2000	0	-282.06	13.4459650016	3.9310879381	23.0983796986
1700	2000	0	-282.06	14.6671209443	1.5025951645	23.9686453786
1800	2000	0	-284.85	15.0382920199	-1.4660701815	26.5770008381
1900	2000	0	-284.85	12.8777748985	-1.934396999	28.3366885031
2000	2000	0	-284.85	13.1518269482	-1.6980660096	28.1526664103
2100	2000	0	-287.72	15.1279930671	-2.7668279733	30.2413110237
2200	2000	0	-287.72	14.759312482	-3.2301932934	32.0199366072
2300	2000	0	-287.72	17.4398674631	-3.5890108353	31.6172919399
2400	2000	0	-291.53	23.5212040959	-6.0702513957	35.129297089
2500	2000	0	-291.53	26.7659384395	-7.4890908853	42.63331538
2600	2000	0	-296.49	25.2346317516	-5.7346650787	48.7731810621
2700	2000	0	-296.49	22.8350720771	-6.0796273154	53.0922805392
2800	2000	0	-296.49	23.3674534071	-13.5278525155	58.7736179595
2900	2000	0	-301.25	19.7567464844	-16.9008325373	63.7352290719
3000	2000	0	-301.25	12.0692158299	-14.9194024361	66.8496098637
3100	2000	0	-301.25	5.9308618755	-17.1277635205	69.021690294
3200	2000	0	-301.77	-0.4952938351	-19.1896711541	70.230996007
3300	2000	0	-301.77	-7.7491403705	-20.7469553768	69.801448421
3400	2000	0	-301.77	-16.3243489665	-17.0725450484	67.965187327
3500	2000	0	-297.97	-18.4577397644	-13.0840459359	61.211306798
3600	2000	0	-297.97	-17.3327915203	-18.5299057994	58.027445157
3700	2000	0	-297.97	-23.7765036094	-10.4471335957	55.7406651353
3800	2000	0	-293.48	-25.3299206457	-3.1919549864	45.1192572366
3900	2000	0	-293.48	-12.255667068	-2.7872597171	38.4100596776
4000	2000	0	-293.48	0	-4.8213433428	43.9813483919
0	2100	0	-274.44	0	13.1208549051	14.7094159204
100	2100	0	-274.44	-2.8471811872	12.3454052935	15.9555188307
200	2100	0	-273.43	-4.5892922531	13.3731359346	13.424295942
300	2100	0	-273.43	-4.4679197364	12.5546970594	12.7240428759
400	2100	0	-273.43	-6.3359264019	17.056561649	10.3457611351
500	2100	0	-272.33	-4.1832187067	19.7298131276	7.4604051569
600	2100	0	-272.33	0.242989771	19.3381833608	6.454719968
700	2100	0	-272.33	4.4840492427	18.4705193377	6.0444568379
800	2100	0	-273.35	7.6119009741	17.0309046154	7.7638198159
900	2100	0	-273.35	8.3310976738	16.2840262359	9.1179725408
1000	2100	0	-273.35	12.2603927991	15.1296362153	8.9553047751
1100	2100	0	-276.29	17.9588893482	11.5375125399	13.3301191608
1200	2100	0	-276.29	19.2583694567	9.2335104027	18.2968735014
1300	2100	0	-279.79	16.4113408151	9.7085839996	21.0675122605
1400	2100	0	-279.79	13.2482443434	9.0673215592	21.0771526359
1500	2100	0	-279.79	13.2609626854	5.7262965308	20.9537288137
1600	2100	0	-282.57	13.0042339078	5.1151754005	22.8761033997
1700	2100	0	-282.57	12.1979330139	4.7021458739	24.1091566664
1800	2100	0	-282.57	13.4025540132	1.8267993808	24.8349486652
1900	2100	0	-285.65	13.4525813923	0.9655756054	27.3397610718
2000	2100	0	-285.65	12.7082159014	2.1226555286	28.7107297247
2100	2100	0	-285.65	14.3461823683	0.7293051103	29.4905835344
2200	2100	0	-288.98	14.9954430811	-0.6143708112	31.9385664539
2300	2100	0	-288.98	15.4984683343	-0.1378421686	33.4082277684
2400	2100	0	-288.98	19.9945601838	-3.4685078446	35.3214292906
2500	2100	0	-292.97	24.8651119848	-8.4664794952	41.4099725841
2600	2100	0	-292.97	25.6905098351	-11.563195469	48.704763992
2700	2100	0	-298.13	20.9224076068	-13.7207680007	54.2870384953
2800	2100	0	-298.13	18.0309975153	-18.2462784514	56.7214238586
2900	2100	0	-298.13	18.3572030015	-21.4442389292	59.9610341963
3000	2100	0	-301.39	12.7486451821	-21.6045256489	65.5142943764
3100	2100	0	-301.39	4.2068782358	-22.1458357607	67.626132956
3200	2100	0	-301.39	-3.1878919255	-23.2649495979	67.458001883
3300	2100	0	-299.92	-8.07814779	-24.1590702862	64.7974913254
3400	2100	0	-299.92	-11.5748814884	-24.3893462779	63.0951529201
3500	2100	0	-299.92	-18.1546448964	-18.843983696	61.0142458017
3600	2100	0	-295.67	-18.7036792171	-17.2994096212	53.2936103132
3700	2100	0	-295.67	-15.0431468332	-17.5490857376	49.6625004165
3800	2100	0	-295.67	-19.5017357074	-8.6522229721	48.0482021016
3900	2100	0	-292	-15.7420415011	-3.1636163515	39.5261219395
4000	2100	0	-292	0	-9.4108829666	38.9790823562
0	2200	0	-275.87	0	15.4530709299	17.0273906798
100	2200	0	-275.87	-1.5404317462	15.089385302	17.4776605551
200	2200	0	-275.87	-3.621996349	17.6117583081	16.9138630792
300	2200	0	-275.22	-3.5581929793	17.7561981744	15.1569701651
400	2200	0	-275.22	-2.9395959622	19.0960755443	14.5445536769
500	2200	0	-275.22	-2.4343466775	22.0474573693	13.6137223955
600	2200	0	-274.79	-0.2285167392	22.9140478648	12.2825140953
700	2200	0	-274.79	3.2041160492	23.3105292758	11.9030895309
800	2200	0	-274.79	6.9091253714	22.1710624533	12.3203581609
900	2200	0	-276.55	8.2630604133	20.9728278873	14.4113150381
1000	2200	0	-276.55	9.3527505037	21.016002359	15.0903469262
1100	2200	0	-276.55	13.8634588119	16.9978815616	16.3621519142
1200	2200	0	-279.36	16.8294384696	12.4644543239	20.8651582173
1300	2200	0	-279.36	15.6444265345	9.9323585525	24.9222605259
1400	2200	0	-281.96	12.1244031939	8.6944519934	26.2307382654
1500	2200	0	-281.96	11.0616694949	6.8078773968	25.3788736128
1600	2200	0	-281.96	12.4218143447	5.8245055328	26.1753617403
1700	2200	0	-284.53	11.3787449246	5.281837197	28.5923339108
1800	2200	0	-284.53	11.3017217514	3.8938920506	28.9506413817
1900	2200	0	-284.53	13.173631053	3.0660509381	30.3928705378
2000	2200	0	-287.12	12.9155564531	3.1854948397	33.2558144599
2100	2200	0	-287.12	12.3909667206	3.033173281	33.9078235395
2200	2200	0	-287.12	13.8921652031	0.5259411828	34.0552124175
2300	2200	0	-290.24	14.5857304297	-0.8777023651	36.1639406092
2400	2200	0	-290.24	15.1925667626	-2.0803258063	37.9459074358
2500	2200	0	-290.24	18.6712508151	-7.3754745097	40.1075210993
2600	2200	0	-293.98	19.9803432461	-13.8292276275	45.5256316733
2700	2200	0	-293.98	16.1519890947	-18.4980314807	50.093911574
2800	2200	0	-293.98	15.6439824853	-21.2126432117	51.5465564362
2900	2200	0	-297.63	16.3984992802	-25.2897383538	56.0298582403
3000	2200	0	-297.63	11.3676189984	-28.2027942626	61.0774227884
3100	2200	0	-298.64	4.2704379265	-29.0380714974	62.5493981489
3200	2200	0	-298.64	-2.5085283673	-28.9002783192	62.0290320294
3300	2200	0	-298.64	-8.8735370505	-27.3321101274	59.5055793652
3400	2200	0	-296.37	-11.0092623763	-26.8364411727	55.5882486443
3500	2200	0	-296.37	-11.367803101	-25.7686220598	54.1977848473
3600	2200	0	-296.37	-16.0378935619	-17.3686401718	52.1695178199
3700	2200	0	-293.13	-15.1293169603	-15.8097921356	44.2474765258
3800	2200	0	-293.13	-10.9444512596	-16.0730903905	43.1591464148
3900	2200	0	-293.13	-13.0143270692	-7.26346866	43.0329577036
4000	2200	0	-290.85	0	-6.4616905609	37.9449270181
0	2300	0	-277.53	0	10.9587472573	20.0505270727
100	2300	0	-277.53	-0.688493809	10.6249318709	20.0682923237
200	2300	0	-277.43	-1.9224793807	11.91824877	19.9083828207
300	2300	0	-277.43	-2.9836025002	12.8929874361	18.9012274977
400	2300	0	-276.86	-2.044667207	13.6417125768	18.7469578336
500	2300	0	-276.86	-0.3652463862	15.4146211709	18.7608569702
600	2300	0	-276.86	1.5060616708	16.8305599625	17.9605571591
700	2300	0	-277.39	3.7410638312	17.5451582512	18.5214541715
800	2300	0	-277.39	5.2741995856	18.656642986	19.1294808867
900	2300	0	-277.39	7.1760375795	16.9168750843	19.0843874211
1000	2300	0	-278.84	8.2854464734	16.2836565634	20.6407585075
1100	2300	0	-278.84	9.4073413198	15.7492084375	21.8186712834
1200	2300	0	-278.84	12.1928464476	11.6157415657	23.1426027605
1300	2300	0	-281.3	12.6413384779	7.5278054283	26.6462028467
1400	2300	0	-281.3	10.123763181	5.7315550526	28.7867472346
1500	2300	0	-281.3	10.3910162248	5.0614046242	28.9488925142
1600	2300	0	-283.73	11.4781937147	3.4202653053	30.9634421291
1700	2300	0	-283.73	10.2673195317	2.5099901532	33.0541714274
1800	2300	0	-283.73	11.1867677543	2.9200651674	33.2187917004
1900	2300	0	-285.82	12.7441841814	2.563756541	35.3166333703
2000	2300	0	-285.82	12.6753382376	0.1212948369	37.7723348171
2100	2300	0	-288.32	11.6866287114	-1.0391743885	38.4864238857
2200	2300	0	-288.32	11.0845674417	-2.3645140783	37.2614057883
2300	2300	0	-288.32	12.8922013519	-5.7198285652	36.4690816773
2400	2300	0	-291.24	13.4967880392	-7.2064950827	38.6914879851
2500	2300	0	-291.24	13.1162101703	-8.7563252807	40.4261120355
2600	2300	0	-291.24	14.5679528641	-14.2101363893	41.7967934929
2700	2300	0	-294.29	13.5389920226	-18.7814673963	45.3970671555
2800	2300	0	-294.29	11.2392906422	-20.0369916121	47.5399944252
2900	2300	0	-294.29	11.3670519506	-25.1659783591	49.0910790508
3000	2300	0	-296.4	9.0003120385	-29.7345025753	52.5702791708
3100	2300	0	-296.4	3.5093941792	-31.1340103673	54.259069017
3200	2300	0	-296.4	-1.4819305555	-30.6503013749	53.8853330608
3300	2300	0	-295.98	-6.0143106435	-28.6077012854	52.233431954
3400	2300	0	-295.98	-10.0113934208	-25.4719625887	49.2895242135
3500	2300	0	-293.88	-8.6868438955	-23.5307092988	46.4691014796
3600	2300	0	-293.88	-8.7448492929	-18.8236844849	46.5208961512
3700	2300	0	-293.88	-13.7475970519	-14.2679053437	41.8764440845
3800	2300	0	-291.51	-10.9554122318	-13.6607222858	38.6368119651
3900	2300	0	-291.51	-6.1306416648	-12.7890698063	39.3871844817
4000	2300	0	-291.51	0	-5.922222393	40.7331478904
0	2400	0	-277.32	0	8.4106375747	19.5250123181
100	2400	0	-277.32	-0.5809302335	7.5011673874	19.2144639279
200	2400	0	-277.32	-1.3539407838	7.9526532859	19.2469629412
300	2400	0	-277.02	-1.8347291725	8.8892195998	18.3898542053
400	2400	0	-277.02	-0.4179622341	10.1004703831	18.2581755677
500	2400	0	-277.17	0.7545007082	10.8528099661	18.8983136811
600	2400	0	-277.17	1.9020203411	11.5659521974	18.7531135457
700	2400	0	-277.17	5.0301990727	10.8098993069	18.9704653245
800	2400	0	-278.55	6.2808422112	10.875827863	21.5296136725
900	2400	0	-278.55	5.8900739974	11.1302800476	21.9881815313
1000	2400	0	-278.55	8.1850838569	9.1791328476	22.3246861905
1100	2400	0	-280.51	9.1955438142	8.67956659	25.2841779032
1200	2400	0	-280.51	8.6080354604	8.3758010587	26.2722665203
1300	2400	0	-280.51	9.7602400214	5.1315343684	26.624121516
1400	2400	0	-282.5	9.6580023898	3.2954138136	28.8304204409
1500	2400	0	-282.5	8.7503797476	3.9238877563	30.0663041561
1600	2400	0	-282.5	9.8703998737	1.8035089681	30.4965986648
1700	2400	0	-284.48	10.87854478	0.0897301118	32.4961125819
1800	2400	0	-284.48	11.3554881459	0.2141844409	34.3470481767
1900	2400	0	-286.51	10.3748607158	-1.9959110189	35.9192311894
2000	2400	0	-286.51	9.3126255236	-4.784308932	36.7367885188
2100	2400	0	-286.51	9.9051578054	-6.3527068266	37.5614286929
2200	2400	0	-288.4	9.2115110197	-7.4545428579	37.1070390412
2300	2400	0	-288.4	9.7437494253	-9.5457399703	35.5714159319
2400	2400	0	-288.4	12.1560700538	-11.2967039807	36.2058158236
2500	2400	0	-290.83	11.6676095152	-11.8596940195	39.272233446
2600	2400	0	-290.83	9.9552011238	-13.3979789249	40.1958883373
2700	2400	0	-290.83	10.3251338652	-17.8691476186	40.5398542907
2800	2400	0	-292.92	9.2594715225	-19.9630047516	43.2161314491
2900	2400	0	-292.92	6.7009883237	-21.7963156681	44.2259019965
3000	2400	0	-292.92	5.3995869902	-25.7084217491	44.5990449692
3100	2400	0	-293.72	3.3546391269	-27.1712648153	46.0053109373
3200	2400	0	-293.72	0.0177807213	-26.2653704783	46.4377321198
3300	2400	0	-293.72	-3.6951982643	-24.4432267332	46.0212479325
3400	2400	0	-292.89	-5.9322703897	-21.5002314456	43.9831206826
3500	2400	0	-292.89	-4.7195249972	-18.2750469918	42.4046859468
3600	2400	0	-292.89	-6.7750896135	-17.022237214	43.7033386522
3700	2400	0	-291.41	-9.9663547612	-13.2323658392	40.1865815482
3800	2400	0	-291.41	-9.4656157155	-10.2640684438	37.3238187472
3900	2400	0	-290.17	-5.2758271764	-9.9531870636	37.0476202788
4000	2400	0	-290.17	0	-7.0863194741	39.1886859468
0	2500	0	-278.25	0	12.0923884767	22.595119664
100	2500	0	-278	-1.1464780911	11.978397618	21.6282365469
200	2500	0	-278	-0.5344271616	11.9342456297	21.7155785509
300	2500	0	-278	-0.835785403	12.9643317898	21.7648369978
400	2500	0	-277.85	-0.0810768407	13.7345945428	21.4099912159
500	2500	0	-277.85	1.1002354281	14.2578810449	21.7160672489
600	2500	0	-278.07	1.4631510116	14.346028141	21.89087114
700	2500	0	-278.07	3.0509394968	13.5028960942	21.939795813
800	2500	0	-278.07	5.5945803263	11.818234989	23.4138995089
900	2500	0	-279.27	5.4793425641	10.9106907636	24.5886628828
1000	2500	0	-279.27	5.8347330225	9.3417852368	24.8614362911
1100	2500	0	-279.27	8.6040095242	7.6526023887	26.7860869073
1200	2500	0	-281.07	8.644814226	7.3765847868	28.398569214
1300	2500	0	-281.07	7.5609512395	7.1022420576	28.160829898
1400	2500	0	-281.07	8.9161165689	4.5238783441	28.2170653564
1500	2500	0	-283.13	8.8991113793	3.5416497279	30.5376352536
1600	2500	0	-283.13	7.6440360635	2.9007843563	30.7774924664
1700	2500	0	-283.13	8.6779949978	0.2432041107	30.3851467443
1800	2500	0	-284.89	9.1011266236	-1.74717977	32.3451970986
1900	2500	0	-284.89	7.7456908085	-3.5852149905	33.3492305968
2000	2500	0	-284.89	8.3185424299	-5.0293680516	33.1895054041
2100	2500	0	-286.77	9.0163947788	-6.1289969086	34.9745093876
2200	2500	0	-286.77	7.8915342913	-6.4976042158	35.3806636288
2300	2500	0	-286.77	9.0500402291	-7.1266196458	34.5834010483
2400	2500	0	-288.72	11.1828339967	-9.1562968892	36.663330764
2500	2500	0	-288.72	11.0149352194	-11.0196646623	39.4256544814
2600	2500	0	-290.56	8.558499265	-12.4459776334	40.6548861619
2700	2500	0	-290.56	6.9739661959	-14.5796502936	40.7331621279
2800	2500	0	-290.56	7.3121225927	-16.1794511686	42.1744538602
2900	2500	0	-291.84	5.6216349598	-17.2221399751	43.0048349293
3000	2500	0	-291.84	3.6253628846	-18.4856959164	42.9818095083
3100	2500	0	-291.84	2.9524454433	-18.6108394611	43.7397380638
3200	2500	0	-292.25	1.2461075266	-18.3746843668	44.0704469416
3300	2500	0	-292.25	-1.2491716041	-17.7396385817	43.9834567211
3400	2500	0	-292.25	-3.8432136727	-15.3843251042	43.8146877947
3500	2500	0	-291.47	-4.2088496639	-13.9213481519	41.8311430864
3600	2500	0	-291.47	-3.7021681403	-15.1851450118	41.6740522667
3700	2500	0	-291.47	-6.9894282884	-10.9780472036	42.4434342042
3800	2500	0	-290.19	-7.6762334562	-8.3235868867	38.3852461539
3900	2500	0	-290.19	-2.9528926951	-7.8005210692	38.1890738389
4000	2500	0	-290.19	0	-7.3685134308	41.7974450746
0	2600	0	-279.41	0	12.4499260037	28.4000800171
100	2600	0	-279.41	-0.7390730805	12.6139585393	27.9869547609
200	2600	0	-279.34	-0.3680066053	12.6048911546	28.2096153852
300	2600	0	-279.34	-0.0343802594	12.9234057108	28.0357361544
400	2600	0	-279.34	0.875587021	13.425838818	27.9985210714
500	2600	0	-279.6	1.3659343064	13.3786336665	28.3706031259
600	2600	0	-279.6	1.1470353904	13.3934478154	28.0701475487
700	2600	0	-279.6	2.5024059207	13.090525593	27.7560612235
800	2600	0	-280.14	3.6886368739	12.0929188688	28.9941467463
900	2600	0	-280.14	3.4136242519	11.1272104426	29.2305597504
1000	2600	0	-280.14	4.9269954887	10.2634321113	28.6632754538
1100	2600	0	-281.15	7.2303433642	8.7136033806	30.4737944577
1200	2600	0	-281.15	8.0576751226	7.1093487744	32.0983434242
1300	2600	0	-282.63	6.9075335787	5.959683768	32.4886941275
1400	2600	0	-282.63	6.0974100601	4.2626465635	32.4919466425
1500	2600	0	-282.63	7.1272857598	2.556731993	33.2517718005
1600	2600	0	-284.02	6.5719542632	1.3713504055	32.8731122287
1700	2600	0	-284.02	6.2305806537	-0.0167393738	32.1657374713
1800	2600	0	-284.02	7.527069038	-1.3461104469	33.3040707409
1900	2600	0	-285.58	7.0926724342	-2.6241331957	34.6654172022
2000	2600	0	-285.58	6.7688436055	-3.5200805385	34.9674356884
2100	2600	0	-285.58	8.4369216479	-4.2926032551	35.9423936924
2200	2600	0	-287.29	8.2138882892	-4.1846036235	36.6482677905
2300	2600	0	-287.29	7.0850567519	-3.58960004	36.9746592419
2400	2600	0	-287.29	8.2630250373	-6.1899150104	38.0912546764
2500	2600	0	-288.93	8.377928771	-8.8927719867	39.5601643983
2600	2600	0	-288.93	6.3952154992	-10.2955212052	39.96659545
2700	2600	0	-288.93	6.59166033	-11.2908583982	39.3734041629
2800	2600	0	-290.4	6.616981841	-12.5722216598	41.1582624683
2900	2600	0	-290.4	4.3947435692	-13.5527179106	42.2811503686
3000	2600	0	-290.4	4.0108875042	-14.141906209	42.0649000765
3100	2600	0	-291.31	3.4656506765	-14.6546953923	43.1799675827
3200	2600	0	-291.31	0.888981594	-14.869814778	43.5127302785
3300	2600	0	-291.14	-0.7048390017	-14.6630052817	42.4739943112
3400	2600	0	-291.14	-2.1139799599	-13.9915523465	41.8565785108
3500	2600	0	-291.14	-4.5203449115	-13.6067116897	40.4096023846
3600	2600	0	-290.27	-3.8317886585	-13.4551173356	38.2960493353
3700	2600	0	-290.27	-3.1047966294	-12.0051155162	38.6056664925
3800	2600	0	-290.27	-6.2880895811	-10.2542803133	37.0539531188
3900	2600	0	-289.27	-4.3207537205	-8.9324681132	37.4711875855
4000	2600	0	-289.27	0	-8.8629122441	38.9768862637
0	2700	0	-280.32	0	6.7547396499	33.026817257
100	2700	0	-280.15	-0.9915129402	6.7958546287	32.2428999241
200	2700	0	-280.15	-0.2249799901	6.6197410015	32.0702119131
300	2700	0	-280.14	-0.0148377463	6.6955506975	30.9639434834
400	2700	0	-280.14	0.3741511083	6.6973490847	30.9561488575
500	2700	0	-280.14	1.0678444255	6.0799468384	30.7592613912
600	2700	0	-280.35	1.1750429381	5.9124152881	29.3700881549
700	2700	0	-280.35	1.7504105502	5.874057969	28.7859369634
800	2700	0	-280.35	3.6312651759	5.6740027963	29.1380140708
900	2700	0	-281.13	3.6498558133	5.0044560848	29.1536458274
1000	2700	0	-281.13	3.4211259538	4.5311116708	28.7630003107
1100	2700	0	-281.13	5.4499261873	3.6751600048	29.1789923897
1200	2700	0	-282.17	5.8908946134	2.4243460297	31.2134256281
1300	2700	0	-282.17	4.7142490219	1.4724558108	32.2548968972
1400	2700	0	-282.17	5.5131648006	0.5555780901	32.5809856091
1500	2700	0	-283.39	6.007815228	-0.7604896707	34.1080727777
1600	2700	0	-283.39	5.0705646967	-1.7006232254	33.8296000546
1700	2700	0	-283.39	5.9605341387	-2.4366968499	31.8565136979
1800	2700	0	-284.72	6.4937328017	-3.3536290416	32.4191466669
1900	2700	0	-284.72	5.5717207236	-4.001258358	32.6150974464
2000	2700	0	-284.72	6.6500723772	-4.4514400412	31.5012495546
2100	2700	0	-286.09	8.3518716938	-5.6159188146	32.7109941578
2200	2700	0	-286.09	8.5945374997	-6.7083829998	34.5587497517
2300	2700	0	-287.59	7.0447288422	-7.5297880588	35.9026449374
2400	2700	0	-287.59	5.87966205	-8.787719866	36.668074833
2500	2700	0	-287.59	6.9093290246	-10.1666476968	38.2367177265
2600	2700	0	-288.99	6.1604128535	-11.3684360031	40.219887007
2700	2700	0	-288.99	4.6972657413	-12.0954152754	40.1716435163
2800	2700	0	-288.99	5.0502630736	-12.906653741	39.8013691218
2900	2700	0	-289.88	4.0519504106	-13.7252751711	40.8593053327
3000	2700	0	-289.88	2.5233854096	-14.2081925183	40.7031313209
3100	2700	0	-289.88	2.2245368743	-14.755643227	39.407928077
3200	2700	0	-290.18	1.2377976372	-14.9494667699	39.4946094074
3300	2700	0	-290.18	-0.3709091726	-14.5492618875	39.1942481595
3400	2700	0	-290.18	-2.7869200807	-14.1847142242	37.9381744499
3500	2700	0	-289.53	-3.672414653	-13.4608157191	35.7110132258
3600	2700	0	-289.53	-2.1005719668	-12.9322315337	34.7422927342
3700	2700	0	-289.53	-3.7885912661	-12.7660498793	35.9800988737
3800	2700	0	-288.76	-4.6035860532	-11.2805111125	33.4783878502
3900	2700	0	-288.76	-1.5615246259	-9.5516734769	33.0512141345
4000	2700	0	-288.76	0	-9.7099148675	35.6211416368
0	2800	0	-280.35	0	2.7240987367	27.1430809638
100	2800	0	-280.35	-0.8740717289	1.283588077	26.907540762
200	2800	0	-280.25	-0.4683105365	1.3970051075	26.5432135756
300	2800	0	-280.25	0.0432278238	1.8664201658	26.5408665723
400	2800	0	-280.25	0.2599831686	1.9229596434	27.4466680138
500	2800	0	-280.29	0.5810005098	1.9719238464	27.729931458
600	2800	0	-280.29	0.941146521	2.7943331751	27.4005947201
700	2800	0	-280.29	2.2639934222	2.94877452	26.3671681946
800	2800	0	-280.78	2.8190349897	2.4828759165	27.3611996715
900	2800	0	-280.78	2.2707331264	2.0833460993	27.8409214939
1000	2800	0	-280.78	3.5976994087	1.7388190946	27.9231543459
1100	2800	0	-281.51	5.1235777231	0.8165053356	28.8779918613
1200	2800	0	-281.51	5.8549709353	-0.331944532	29.2338012841
1300	2800	0	-282.59	5.0387656324	-1.5551021734	30.9240148401
1400	2800	0	-282.59	3.8644645719	-2.8106105571	31.096342103
1500	2800	0	-282.59	4.871084451	-4.7675632736	30.4017955475
1600	2800	0	-283.63	4.8957470773	-6.1666280549	31.1989011805
1700	2800	0	-283.63	4.5775748375	-6.4371652712	31.0145517123
1800	2800	0	-283.63	5.9625075366	-5.9045703184	30.5586417703
1900	2800	0	-284.78	5.9948614346	-4.4832786355	31.7352808762
2000	2800	0	-284.78	5.1541831489	-2.2471378302	31.8570462407
2100	2800	0	-284.78	6.1799786826	-3.3247291075	31.1058412424
2200	2800	0	-286.01	6.300019045	-4.9756499574	32.3333610126
2300	2800	0	-286.01	5.0057198857	-5.4821967775	32.8950978901
2400	2800	0	-286.01	5.6261653926	-5.8489742008	32.3202536887
2500	2800	0	-287.19	5.7972126339	-6.7179031571	33.6596769996
2600	2800	0	-287.19	4.4664479206	-7.216608592	34.1442325571
2700	2800	0	-287.19	5.0534425921	-7.5531119112	32.8268352416
2800	2800	0	-288.26	4.9871219453	-8.2635266194	33.1433689696
2900	2800	0	-288.26	3.0932047919	-8.4254104382	32.7505429915
3000	2800	0	-288.26	2.9805194483	-8.5196513987	32.8326231572
3100	2800	0	-288.86	2.7243764316	-8.9255291979	34.0041027271
3200	2800	0	-288.86	1.0953629268	-8.7602045003	34.9044853694
3300	2800	0	-288.87	0.0599135507	-8.5418431923	35.1066854332
3400	2800	0	-288.87	-1.0255337848	-8.1958526664	35.1088268939
3500	2800	0	-288.87	-3.267862221	-6.9916641119	35.0811344673
3600	2800	0	-288.26	-3.1370228254	-6.3787781011	33.0417198057
3700	2800	0	-288.26	-1.4530762082	-7.8374222237	32.7570097511
3800	2800	0	-288.26	-3.0737131787	-5.1602361902	33.5657939665
3900	2800	0	-287.76	-2.7501574822	-3.9617151523	31.6634498479
4000	2800	0	-287.76	0	-5.9155974665	31.6738723411
0	2900	0	-280.55	0	6.739044451	27.883211981
100	2900	0	-280.15	-2.3186065761	7.1677622286	25.9035213807
200	2900	0	-280.15	0.357852092	8.1643295684	26.7216369541
300	2900	0	-280.24	0.5111167963	8.2104405563	27.2053946622
400	2900	0	-280.24	0.4796547889	8.1932405843	27.372249546
500	2900	0	-280.24	1.9392179572	8.0995211652	27.8264355646
600	2900	0	-280.64	2.1518936117	8.1383396386	29.2423719643
700	2900	0	-280.64	1.4389532849	8.8959675249	29.4831815419
800	2900	0	-280.64	2.7658367552	7.6941516548	29.5332590303
900	2900	0	-281.21	2.9057989914	7.1404103027	30.997074233
1000	2900	0	-281.21	2.1542851968	7.3800641638	31.1616326248
1100	2900	0	-281.21	3.3791625607	5.6149117577	30.4431028163
1200	2900	0	-281.9	3.5192871044	3.8941995538	30.7699649628
1300	2900	0	-281.9	2.2355829968	2.5543376274	29.6995172188
1400	2900	0	-281.9	2.3007037004	1.7820301952	29.1844953945
1500	2900	0	-282.33	2.6517977369	0.9615705799	28.8382814437
1600	2900	0	-282.33	3.4009626924	0.1719224891	27.4694926425
1700	2900	0	-282.33	6.2225918752	-0.524106361	27.7942996913
1800	2900	0	-283.64	8.4476194374	-1.4220205491	29.8551049605
1900	2900	0	-283.64	9.2291532051	-2.148779713	31.1070437249
2000	2900	0	-285.3	7.8086219052	-2.9596011773	33.7841900944
2100	2900	0	-285.3	5.6233595666	-3.6887322216	34.5052886293
2200	2900	0	-285.3	6.4370698297	-4.078020124	33.991004743
2300	2900	0	-286.61	6.1714045988	-3.7385608117	35.5711249576
2400	2900	0	-286.61	4.6439556704	-2.6876404723	35.9616168232
2500	2900	0	-286.61	5.5416946334	-4.1277059304	35.2200465187
2600	2900	0	-287.75	5.3252041061	-4.7952422734	36.618795931
2700	2900	0	-287.75	3.6503477139	-3.7401958462	36.7097729597
2800	2900	0	-287.75	4.1779645399	-5.2272694155	35.2558954918
2900	2900	0	-288.57	3.7958256313	-6.2378310788	36.0483832034
3000	2900	0	-288.57	2.0232666499	-5.866269755	36.0113925369
3100	2900	0	-288.57	1.983983766	-7.0513710212	34.3500401287
3200	2900	0	-288.93	1.6214836428	-7.8189379086	34.5546382699
3300	2900	0	-288.93	0.1934426613	-7.8899268608	34.5204818039
3400	2900	0	-288.93	-1.236741007	-7.7456377914	34.2233063993
3500	2900	0	-288.68	-1.8553400877	-7.076245535	33.3495826014
3600	2900	0	-288.68	-2.9463300786	-5.7290343317	33.0400900642
3700	2900	0	-288.21	-2.5700493552	-5.4111785195	31.1152434663
3800	2900	0	-288.21	-0.7278789818	-6.4967574631	30.9966178558
3900	2900	0	-288.21	-2.3168859022	-4.2925775338	32.9947531139
4000	2900	0	-287.85	0	-3.930455438	31.2308023595
0	3000	0	-281.37	0	0	30.418
100	3000	0	-281.37	0.5512133952	0	34.0857954787
200	3000	0	-281.46	0.5743677845	0	34.7375166258
300	3000	0	-281.46	0.072138833	0	34.3655651208
400	3000	0	-281.46	0.1490637842	0	34.3004360355
500	3000	0	-281.48	0.5260995641	0	34.0593807019
600	3000	0	-281.48	1.7375928807	0	32.9535847294
700	3000	0	-281.81	1.8198054451	0	33.8237146138
800	3000	0	-281.81	1.0634777675	0	33.7246587452
900	3000	0	-281.81	1.9566456354	0	32.8055302935
1000	3000	0	-282.2	2.072200857	0	33.5354425042
1100	3000	0	-282.2	1.6377131131	0	33.6140906686
1200	3000	0	-282.2	2.7943967983	0	33.3244667134
1300	3000	0	-282.78	2.9265962805	0	34.3797611009
1400	3000	0	-282.78	2.2716975244	0	34.0369514536
1500	3000	0	-282.78	3.2609767449	0	32.3727803353
1600	3000	0	-283.46	3.4100701431	0	31.910895407
1700	3000	0	-283.46	2.9836317993	0	30.5657928679
1800	3000	0	-283.46	4.3378341846	0	30.4939783484
1900	3000	0	-284.38	4.4572807997	0	30.9733750265
2000	3000	0	-284.38	3.6142306336	0	29.0165375098
2100	3000	0	-284.38	5.0615597426	0	28.4987659921
2200	3000	0	-285.36	6.2501904549	0	29.3591787325
2300	3000	0	-285.36	6.3960995374	0	28.7462875895
2400	3000	0	-286.38	5.2370202739	0	29.9169374984
2500	3000	0	-286.38	3.6896108328	0	30.0612670894
2600	3000	0	-286.38	4.8539580115	0	29.1550908164
2700	3000	0	-287.36	4.6214154433	0	30.7172835194
2800	3000	0	-287.36	2.4894867127	0	31.1166872359
2900	3000	0	-287.36	2.4542044524	0	30.0042669868
3000	3000	0	-287.81	2.1669795059	0	30.6406680412
3100	3000	0	-287.81	0.771708278	0	31.0703845007
3200	3000	0	-287.81	0.2568070872	0	31.0430340756
3300	3000	0	-287.84	0.1332136679	0	31.049009149
3400	3000	0	-287.84	-0.211852459	0	30.8549160718
3500	3000	0	-287.84	-1.2512587613	0	30.5900398865
3600	3000	0	-287.62	-1.4719558099	0	29.7677293493
3700	3000	0	-287.62	-2.2207993396	0	30.4564446603
3800	3000	0	-287.29	-1.955112193	0	28.8573028576
3900	3000	0	-287.29	-0.1838554571	0	28.7976956041
4000	3000	0	-287.29	0	0	31.222

